7.016621270781815602e-04 7.365134246351720234e-04 7.730957732130631400e-04 8.114951534738963201e-04 8.518018167072998912e-04 8.941104969509800849e-04 9.385206336471497036e-04 9.851366053582289936e-04 1.034067975091111430e-03 1.085429747806598713e-03 1.139342640719231579e-03 1.195933367022817455e-03 1.255334933708490610e-03 1.317686954175293886e-03 1.383135976368009192e-03 1.451835827213469876e-03 1.523947974164901846e-03 1.599641904704031696e-03 1.679095524692928235e-03 1.762495576511834573e-03
4.740500000000001819e+02 4.658499999999999659e+02 4.580749999999999886e+02 4.493999999999999773e+02 4.419749999999999659e+02 4.329750000000000227e+02 4.251000000000000227e+02 4.171000000000000227e+02 4.091749999999999545e+02 4.016750000000000114e+02 3.945500000000001251e+02 3.877249999999999659e+02 3.806499999999999773e+02 3.744500000000000455e+02 3.678000000000000682e+02 3.605249999999998636e+02 3.530999999999999091e+02 3.460500000000000114e+02 3.404500000000000455e+02 3.332499999999999432e+02
6.724750000000000227e+02 6.710250000000000909e+02 6.695249999999999773e+02 6.687999999999998408e+02 6.666750000000001819e+02 6.665750000000000455e+02 6.651750000000001819e+02 6.643000000000000682e+02 6.628499999999997954e+02 6.617000000000001592e+02 6.610249999999998636e+02 6.577749999999999773e+02 6.560500000000000682e+02 6.530750000000000455e+02 6.515749999999999318e+02 6.498250000000001592e+02 6.473750000000000000e+02 6.466749999999999545e+02 6.436750000000000682e+02 6.420500000000000682e+02
4.031000000000000227e+02 4.054250000000000682e+02 4.071249999999999432e+02 4.102250000000000227e+02 4.122499999999999432e+02 4.133249999999999886e+02 4.148999999999999204e+02 4.162250000000001364e+02 4.179499999999999886e+02 4.194250000000000682e+02 4.206750000000000114e+02 4.237249999999999659e+02 4.250499999999998977e+02 4.264249999999999545e+02 4.274500000000000455e+02 4.295499999999999545e+02 4.330750000000001023e+02 4.337249999999999659e+02 4.353249999999999886e+02 4.361250000000000000e+02
1.954999999999999432e+02 1.973000000000000114e+02 1.996250000000000000e+02 2.005750000000000171e+02 2.029999999999999716e+02 2.056250000000000000e+02 2.087499999999999716e+02 2.112499999999999432e+02 2.133249999999999886e+02 2.150750000000000171e+02 2.165250000000000341e+02 2.189999999999999716e+02 2.210250000000000625e+02 2.235750000000001023e+02 2.254750000000000227e+02 2.265249999999999773e+02 2.271999999999999886e+02 2.286750000000000114e+02 2.305500000000000114e+02 2.334000000000000057e+02
9.407500000000001705e+01 9.560000000000000853e+01 9.689999999999999147e+01 9.847500000000000853e+01 9.890000000000001990e+01 1.006749999999999972e+02 1.014750000000000227e+02 1.028000000000000114e+02 1.044750000000000227e+02 1.059749999999999801e+02 1.082250000000000085e+02 1.079250000000000398e+02 1.088500000000000085e+02 1.102749999999999773e+02 1.112000000000000028e+02 1.135000000000000284e+02 1.152249999999999801e+02 1.168750000000000142e+02 1.170750000000000028e+02 1.184499999999999744e+02
5.107499999999998863e+01 5.160000000000000142e+01 5.285000000000000853e+01 5.344999999999999574e+01 5.459999999999999432e+01 5.475000000000000000e+01 5.542499999999998295e+01 5.607499999999998153e+01 5.655000000000000426e+01 5.742499999999999716e+01 5.737500000000001421e+01 5.894999999999998863e+01 6.015000000000000568e+01 6.004999999999999716e+01 6.212500000000000000e+01 6.227500000000000568e+01 6.287499999999998579e+01 6.397500000000001563e+01 6.544999999999998863e+01 6.642500000000001137e+01
2.917499999999999716e+01 3.015000000000000213e+01 3.044999999999999218e+01 3.092500000000000071e+01 3.184999999999999787e+01 3.267499999999999716e+01 3.349999999999999289e+01 3.417500000000000426e+01 3.492499999999999005e+01 3.514999999999999147e+01 3.577499999999999147e+01 3.657499999999999574e+01 3.737500000000000711e+01 3.864999999999999147e+01 3.787500000000000000e+01 3.882500000000000284e+01 3.964999999999999858e+01 4.005000000000000426e+01 4.080000000000000426e+01 4.032500000000000995e+01
1.919999999999999929e+01 1.990000000000000568e+01 1.990000000000000568e+01 2.092499999999999716e+01 2.132499999999999574e+01 2.194999999999999574e+01 2.202499999999999503e+01 2.199999999999999645e+01 2.227499999999999858e+01 2.337500000000000355e+01 2.332499999999999574e+01 2.384999999999999432e+01 2.402499999999999503e+01 2.414999999999999858e+01 2.479999999999999361e+01 2.529999999999999361e+01 2.507499999999999929e+01 2.522500000000000497e+01 2.525000000000000000e+01 2.677500000000000213e+01
1.300000000000000178e+01 1.300000000000000000e+01 1.357500000000000107e+01 1.377500000000000213e+01 1.465000000000000213e+01 1.442499999999999716e+01 1.462500000000000178e+01 1.507499999999999929e+01 1.585000000000000142e+01 1.575000000000000178e+01 1.612499999999999645e+01 1.650000000000000000e+01 1.710000000000000853e+01 1.754999999999999716e+01 1.779999999999999716e+01 1.790000000000000213e+01 1.869999999999999929e+01 1.884999999999999787e+01 1.905000000000000071e+01 1.892500000000000071e+01
9.449999999999999289e+00 9.400000000000000355e+00 9.525000000000000355e+00 9.274999999999998579e+00 9.274999999999998579e+00 1.024999999999999822e+01 1.072499999999999964e+01 1.102500000000000213e+01 1.134999999999999787e+01 1.160000000000000320e+01 1.157500000000000284e+01 1.150000000000000178e+01 1.162500000000000355e+01 1.207500000000000284e+01 1.292499999999999716e+01 1.267499999999999538e+01 1.314999999999999680e+01 1.347499999999999964e+01 1.420000000000000284e+01 1.457499999999999929e+01
7.149999999999998579e+00 7.474999999999999645e+00 7.449999999999999289e+00 7.750000000000000000e+00 7.500000000000000000e+00 7.199999999999999289e+00 7.450000000000001066e+00 7.849999999999999645e+00 7.774999999999998579e+00 8.000000000000003553e+00 8.699999999999999289e+00 8.800000000000000711e+00 8.975000000000001421e+00 8.849999999999999645e+00 8.849999999999999645e+00 9.750000000000000000e+00 9.825000000000002842e+00 1.000000000000000178e+01 1.027499999999999858e+01 1.069999999999999929e+01
5.575000000000000178e+00 5.874999999999997335e+00 6.100000000000002309e+00 6.274999999999998579e+00 6.099999999999999645e+00 6.424999999999997158e+00 6.324999999999998401e+00 6.225000000000000533e+00 5.949999999999998401e+00 6.275000000000001243e+00 6.350000000000001421e+00 6.649999999999999467e+00 6.600000000000000533e+00 7.399999999999998579e+00 7.175000000000000711e+00 7.149999999999999467e+00 7.275000000000002132e+00 7.525000000000002132e+00 7.625000000000001776e+00 7.724999999999999645e+00
4.875000000000000000e+00 4.700000000000001066e+00 4.775000000000001243e+00 4.800000000000001599e+00 5.200000000000001066e+00 5.399999999999998579e+00 5.474999999999998757e+00 5.474999999999999645e+00 5.774999999999999467e+00 5.700000000000001954e+00 5.600000000000000533e+00 5.424999999999998934e+00 5.475000000000001421e+00 5.274999999999998579e+00 5.500000000000000000e+00 5.449999999999999289e+00 5.899999999999998579e+00 6.225000000000000533e+00 6.375000000000000888e+00 6.225000000000000533e+00
3.649999999999999911e+00 3.849999999999999645e+00 4.325000000000000178e+00 3.825000000000001066e+00 3.875000000000000888e+00 3.950000000000000622e+00 4.275000000000000355e+00 4.575000000000000178e+00 4.574999999999999289e+00 4.575000000000000178e+00 4.599999999999999645e+00 4.574999999999999289e+00 4.625000000000000888e+00 4.750000000000000888e+00 4.649999999999999467e+00 4.700000000000000178e+00 4.474999999999998757e+00 4.325000000000001066e+00 4.475000000000000533e+00 4.800000000000000711e+00
2.549999999999999822e+00 2.874999999999998668e+00 3.050000000000000266e+00 3.450000000000000178e+00 3.500000000000000000e+00 3.524999999999999911e+00 2.949999999999999734e+00 3.425000000000000711e+00 3.724999999999999645e+00 3.775000000000000355e+00 3.825000000000001066e+00 3.799999999999999378e+00 4.224999999999999645e+00 4.075000000000000178e+00 4.224999999999999645e+00 4.475000000000000533e+00 4.074999999999999289e+00 4.449999999999999289e+00 4.350000000000001421e+00 4.350000000000000533e+00
2.774999999999999467e+00 2.799999999999999378e+00 2.724999999999999645e+00 2.899999999999999023e+00 2.899999999999999467e+00 2.575000000000000622e+00 3.450000000000000178e+00 3.299999999999999822e+00 2.999999999999999556e+00 3.149999999999999467e+00 3.449999999999999289e+00 3.749999999999999556e+00 3.799999999999999822e+00 3.674999999999999822e+00 3.875000000000000444e+00 3.725000000000000977e+00 4.050000000000000711e+00 3.625000000000000000e+00 3.649999999999999911e+00 3.725000000000000089e+00
1.899999999999999911e+00 1.899999999999999689e+00 2.199999999999999289e+00 2.249999999999999556e+00 2.424999999999999822e+00 2.774999999999999911e+00 2.425000000000000266e+00 2.475000000000000089e+00 2.725000000000000089e+00 2.450000000000000178e+00 2.524999999999999911e+00 2.699999999999999734e+00 2.824999999999999289e+00 2.725000000000000089e+00 3.100000000000000089e+00 3.150000000000000355e+00 3.074999999999999289e+00 3.324999999999999734e+00 3.550000000000000266e+00 3.299999999999999822e+00
2.000000000000000444e+00 2.000000000000000000e+00 1.500000000000000222e+00 1.499999999999999778e+00 1.824999999999999956e+00 1.874999999999999556e+00 2.224999999999999645e+00 1.874999999999999778e+00 2.250000000000000000e+00 2.474999999999999201e+00 2.474999999999999645e+00 2.600000000000000089e+00 2.524999999999999023e+00 2.899999999999999023e+00 2.649999999999999467e+00 2.549999999999998934e+00 2.950000000000000178e+00 3.024999999999999911e+00 2.849999999999999201e+00 2.700000000000000178e+00
1.524999999999999911e+00 1.475000000000000311e+00 1.624999999999999334e+00 1.875000000000000000e+00 1.975000000000000311e+00 1.775000000000000355e+00 1.749999999999999778e+00 2.099999999999999645e+00 1.649999999999999911e+00 1.849999999999999645e+00 1.950000000000000178e+00 2.149999999999999911e+00 1.949999999999999956e+00 2.149999999999999911e+00 2.549999999999999822e+00 2.674999999999999822e+00 2.324999999999999289e+00 2.324999999999999289e+00 2.699999999999999289e+00 2.625000000000000000e+00
1.025000000000000355e+00 1.225000000000000089e+00 1.275000000000000355e+00 1.474999999999999645e+00 1.274999999999999689e+00 1.300000000000000044e+00 1.375000000000000000e+00 1.574999999999999956e+00 1.699999999999999734e+00 1.500000000000000000e+00 1.724999999999999867e+00 1.125000000000000000e+00 1.700000000000000178e+00 1.599999999999999867e+00 1.475000000000000089e+00 1.949999999999999956e+00 2.174999999999999822e+00 2.175000000000000266e+00 2.199999999999999734e+00 2.249999999999999556e+00
8.750000000000002220e-01 1.149999999999999911e+00 1.150000000000000355e+00 1.174999999999999822e+00 1.325000000000000400e+00 1.375000000000000000e+00 1.449999999999999734e+00 1.050000000000000488e+00 1.350000000000000089e+00 1.400000000000000133e+00 1.449999999999999734e+00 1.774999999999999911e+00 1.725000000000000089e+00 1.524999999999999689e+00 1.524999999999999467e+00 1.500000000000000000e+00 1.574999999999999734e+00 1.774999999999999245e+00 1.649999999999999689e+00 2.249999999999999556e+00
1.050000000000000044e+00 1.000000000000000444e+00 1.299999999999999822e+00 1.350000000000000089e+00 1.199999999999999956e+00 1.500000000000000222e+00 1.274999999999999911e+00 1.125000000000000000e+00 1.225000000000000089e+00 1.399999999999999689e+00 1.374999999999999778e+00 1.550000000000000044e+00 1.199999999999999956e+00 1.749999999999999778e+00 1.250000000000000000e+00 1.225000000000000089e+00 1.150000000000000355e+00 1.475000000000000533e+00 1.400000000000000133e+00 1.675000000000000044e+00
9.500000000000001776e-01 9.000000000000004663e-01 8.000000000000002665e-01 9.500000000000003997e-01 7.750000000000002442e-01 8.250000000000002887e-01 1.300000000000000044e+00 1.474999999999999867e+00 1.275000000000000133e+00 1.500000000000000222e+00 1.175000000000000266e+00 1.224999999999999645e+00 1.374999999999999778e+00 1.574999999999999956e+00 1.624999999999999778e+00 1.424999999999999822e+00 1.599999999999999645e+00 1.275000000000000133e+00 1.474999999999999645e+00 1.149999999999999689e+00
6.750000000000000444e-01 7.500000000000001110e-01 8.250000000000001776e-01 8.250000000000000666e-01 1.299999999999999822e+00 8.500000000000003109e-01 6.750000000000001554e-01 1.050000000000000266e+00 1.325000000000000178e+00 1.075000000000000400e+00 1.149999999999999911e+00 1.250000000000000222e+00 1.025000000000000355e+00 6.750000000000000444e-01 1.050000000000000266e+00 1.249999999999999556e+00 1.325000000000000400e+00 1.274999999999999911e+00 1.150000000000000133e+00 1.075000000000000178e+00
4.000000000000000222e-01 6.250000000000002220e-01 7.500000000000002220e-01 7.750000000000002442e-01 9.750000000000003109e-01 1.175000000000000488e+00 8.000000000000002665e-01 7.000000000000002887e-01 7.000000000000001776e-01 8.250000000000002887e-01 9.250000000000003775e-01 9.500000000000001776e-01 1.100000000000000089e+00 1.325000000000000178e+00 1.125000000000000000e+00 1.150000000000000355e+00 1.099999999999999867e+00 1.149999999999999689e+00 1.249999999999999556e+00 1.350000000000000089e+00
3.750000000000001110e-01 3.250000000000000111e-01 3.250000000000000111e-01 5.750000000000001776e-01 4.250000000000001554e-01 6.750000000000001554e-01 9.000000000000003553e-01 8.250000000000002887e-01 8.250000000000002887e-01 8.500000000000001998e-01 8.500000000000004219e-01 7.750000000000003553e-01 1.125000000000000222e+00 9.000000000000003553e-01 9.500000000000003997e-01 1.024999999999999911e+00 9.500000000000002887e-01 1.150000000000000133e+00 1.375000000000000222e+00 1.224999999999999867e+00
3.250000000000000666e-01 2.999999999999999889e-01 4.000000000000000777e-01 3.000000000000000444e-01 4.500000000000000666e-01 6.750000000000001554e-01 7.000000000000001776e-01 8.000000000000000444e-01 8.750000000000003331e-01 8.500000000000003109e-01 7.250000000000001998e-01 7.000000000000002887e-01 7.250000000000003109e-01 9.250000000000001554e-01 9.250000000000001554e-01 9.000000000000000222e-01 8.750000000000001110e-01 1.000000000000000222e+00 1.099999999999999867e+00 9.250000000000002665e-01
3.250000000000000111e-01 2.999999999999999889e-01 3.250000000000000111e-01 2.500000000000000000e-01 3.500000000000000333e-01 4.000000000000000777e-01 6.750000000000001554e-01 6.500000000000001332e-01 7.750000000000003553e-01 6.500000000000002442e-01 8.000000000000003775e-01 8.000000000000002665e-01 6.250000000000002220e-01 6.250000000000001110e-01 1.025000000000000355e+00 9.500000000000005107e-01 8.000000000000002665e-01 5.500000000000001554e-01 6.000000000000000888e-01 1.000000000000000222e+00
2.499999999999999722e-01 3.500000000000000333e-01 3.500000000000000333e-01 3.250000000000000111e-01 2.499999999999999722e-01 4.249999999999999889e-01 2.750000000000000222e-01 4.000000000000000222e-01 5.750000000000001776e-01 6.500000000000002442e-01 6.750000000000001554e-01 7.750000000000002442e-01 8.500000000000003109e-01 6.250000000000002220e-01 5.750000000000001776e-01 8.000000000000002665e-01 1.000000000000000444e+00 1.000000000000000222e+00 6.250000000000002220e-01 7.500000000000002220e-01
1.250000000000000000e-01 1.749999999999999889e-01 2.749999999999999667e-01 3.500000000000000333e-01 3.500000000000000888e-01 2.499999999999999722e-01 4.000000000000000222e-01 5.250000000000000222e-01 3.250000000000000666e-01 4.250000000000000999e-01 7.250000000000003109e-01 8.250000000000003997e-01 6.250000000000002220e-01 9.000000000000000222e-01 8.000000000000001554e-01 5.500000000000001554e-01 8.750000000000003331e-01 8.000000000000003775e-01 7.250000000000001998e-01 7.250000000000003109e-01
1.250000000000000000e-01 1.500000000000000222e-01 2.249999999999999778e-01 2.750000000000000222e-01 3.500000000000000888e-01 3.750000000000000555e-01 3.750000000000000555e-01 2.500000000000000555e-01 3.500000000000000333e-01 3.750000000000000000e-01 3.500000000000000333e-01 3.750000000000000555e-01 6.500000000000002442e-01 6.500000000000001332e-01 5.500000000000001554e-01 5.250000000000000222e-01 6.250000000000002220e-01 7.500000000000002220e-01 8.750000000000003331e-01 6.000000000000001998e-01
1.749999999999999889e-01 1.250000000000000000e-01 2.249999999999999778e-01 1.499999999999999944e-01 2.500000000000000000e-01 2.749999999999999667e-01 2.249999999999999778e-01 4.500000000000001221e-01 2.499999999999999722e-01 4.750000000000000333e-01 3.750000000000000555e-01 5.250000000000000222e-01 5.250000000000001332e-01 6.500000000000002442e-01 7.000000000000001776e-01 6.000000000000001998e-01 4.750000000000000333e-01 8.000000000000002665e-01 7.500000000000001110e-01 8.500000000000003109e-01
2.500000000000000139e-02 1.250000000000000000e-01 5.000000000000000278e-02 1.250000000000000000e-01 1.999999999999999833e-01 2.499999999999999722e-01 2.999999999999999889e-01 2.500000000000000555e-01 3.750000000000000555e-01 3.250000000000000111e-01 4.250000000000000444e-01 3.249999999999999556e-01 2.999999999999999889e-01 3.500000000000000333e-01 4.750000000000001998e-01 8.250000000000003997e-01 7.250000000000003109e-01 5.500000000000001554e-01 8.000000000000003775e-01 6.000000000000000888e-01
5.000000000000000278e-02 5.000000000000000278e-02 1.499999999999999944e-01 7.500000000000001110e-02 1.250000000000000000e-01 2.499999999999999722e-01 1.750000000000000167e-01 3.500000000000000333e-01 3.750000000000000555e-01 4.000000000000000222e-01 2.500000000000000000e-01 2.499999999999999722e-01 3.750000000000001110e-01 3.499999999999999778e-01 4.250000000000000999e-01 5.750000000000002887e-01 5.500000000000001554e-01 5.750000000000000666e-01 4.000000000000001332e-01 6.750000000000000444e-01
5.000000000000000278e-02 5.000000000000000278e-02 5.000000000000000278e-02 1.749999999999999889e-01 7.500000000000001110e-02 1.250000000000000000e-01 1.749999999999999889e-01 1.000000000000000056e-01 1.250000000000000000e-01 3.500000000000000333e-01 3.750000000000000555e-01 3.499999999999999778e-01 2.500000000000000000e-01 2.999999999999999889e-01 3.250000000000000111e-01 3.500000000000000333e-01 4.500000000000001221e-01 5.250000000000001332e-01 6.500000000000001332e-01 5.000000000000001110e-01
0.000000000000000000e+00 5.000000000000000278e-02 7.500000000000001110e-02 7.500000000000001110e-02 7.500000000000001110e-02 5.000000000000000278e-02 1.000000000000000056e-01 2.249999999999999778e-01 2.250000000000000056e-01 1.499999999999999944e-01 3.250000000000000111e-01 3.750000000000000000e-01 4.500000000000000666e-01 1.749999999999999889e-01 3.750000000000000555e-01 1.499999999999999944e-01 3.500000000000000333e-01 1.999999999999999833e-01 2.999999999999999889e-01 5.750000000000001776e-01
2.500000000000000139e-02 0.000000000000000000e+00 5.000000000000000278e-02 1.499999999999999944e-01 1.250000000000000000e-01 1.749999999999999889e-01 2.000000000000000111e-01 1.749999999999999889e-01 1.250000000000000000e-01 2.249999999999999778e-01 1.000000000000000056e-01 2.500000000000000000e-01 3.250000000000000111e-01 3.750000000000000555e-01 2.500000000000000000e-01 3.750000000000000555e-01 2.499999999999999722e-01 2.499999999999999722e-01 3.500000000000000333e-01 3.499999999999999778e-01
2.500000000000000139e-02 5.000000000000000278e-02 0.000000000000000000e+00 2.500000000000000139e-02 1.000000000000000056e-01 5.000000000000000278e-02 1.749999999999999889e-01 1.250000000000000000e-01 2.249999999999999778e-01 1.749999999999999889e-01 2.499999999999999722e-01 2.249999999999999778e-01 3.250000000000000111e-01 3.250000000000000666e-01 4.750000000000001443e-01 4.500000000000000666e-01 3.500000000000000333e-01 4.250000000000000999e-01 3.250000000000000666e-01 3.000000000000000444e-01
0.000000000000000000e+00 0.000000000000000000e+00 0.000000000000000000e+00 2.500000000000000139e-02 7.500000000000001110e-02 5.000000000000000278e-02 2.500000000000000139e-02 5.000000000000000278e-02 1.499999999999999944e-01 1.749999999999999889e-01 1.000000000000000056e-01 2.249999999999999778e-01 1.499999999999999944e-01 3.500000000000000888e-01 1.749999999999999889e-01 1.499999999999999944e-01 4.250000000000000999e-01 4.000000000000000222e-01 2.500000000000000000e-01 3.250000000000000111e-01
2.500000000000000139e-02 0.000000000000000000e+00 0.000000000000000000e+00 5.000000000000000278e-02 5.000000000000000278e-02 0.000000000000000000e+00 1.499999999999999944e-01 5.000000000000000278e-02 1.749999999999999889e-01 1.500000000000000222e-01 2.999999999999999889e-01 1.499999999999999944e-01 1.749999999999999889e-01 1.749999999999999889e-01 1.499999999999999944e-01 2.249999999999999778e-01 2.000000000000000111e-01 2.750000000000000222e-01 4.500000000000000666e-01 3.250000000000000111e-01
0.000000000000000000e+00 2.500000000000000139e-02 0.000000000000000000e+00 0.000000000000000000e+00 0.000000000000000000e+00 7.500000000000001110e-02 2.500000000000000139e-02 1.250000000000000000e-01 1.250000000000000000e-01 5.000000000000000278e-02 1.750000000000000167e-01 1.749999999999999889e-01 1.749999999999999889e-01 2.249999999999999778e-01 2.499999999999999722e-01 1.999999999999999833e-01 2.249999999999999778e-01 3.999999999999999667e-01 5.250000000000001332e-01 4.250000000000000444e-01
0.000000000000000000e+00 2.500000000000000139e-02 5.000000000000000278e-02 5.000000000000000278e-02 2.500000000000000139e-02 2.500000000000000139e-02 5.000000000000000278e-02 2.500000000000000139e-02 0.000000000000000000e+00 5.000000000000000278e-02 1.000000000000000056e-01 1.500000000000000222e-01 2.249999999999999778e-01 1.749999999999999889e-01 2.249999999999999778e-01 3.750000000000001665e-01 1.999999999999999833e-01 1.499999999999999944e-01 1.749999999999999889e-01 2.999999999999999889e-01
2.500000000000000139e-02 2.500000000000000139e-02 0.000000000000000000e+00 0.000000000000000000e+00 0.000000000000000000e+00 5.000000000000000278e-02 2.500000000000000139e-02 2.500000000000000139e-02 1.250000000000000000e-01 1.250000000000000000e-01 5.000000000000000278e-02 1.499999999999999944e-01 1.250000000000000000e-01 1.250000000000000000e-01 1.250000000000000000e-01 1.999999999999999833e-01 1.250000000000000000e-01 1.499999999999999944e-01 1.749999999999999889e-01 3.500000000000000333e-01
0.000000000000000000e+00 0.000000000000000000e+00 5.000000000000000278e-02 0.000000000000000000e+00 2.500000000000000139e-02 0.000000000000000000e+00 2.500000000000000139e-02 1.000000000000000056e-01 7.500000000000001110e-02 1.250000000000000000e-01 1.000000000000000056e-01 2.500000000000000139e-02 7.500000000000001110e-02 1.999999999999999833e-01 2.250000000000000056e-01 1.000000000000000056e-01 2.499999999999999722e-01 2.499999999999999722e-01 1.999999999999999833e-01 1.499999999999999944e-01
0.000000000000000000e+00 0.000000000000000000e+00 0.000000000000000000e+00 0.000000000000000000e+00 2.500000000000000139e-02 0.000000000000000000e+00 0.000000000000000000e+00 2.500000000000000139e-02 0.000000000000000000e+00 1.000000000000000056e-01 7.500000000000001110e-02 1.250000000000000000e-01 2.249999999999999778e-01 1.499999999999999944e-01 1.000000000000000056e-01 1.499999999999999944e-01 1.250000000000000000e-01 3.000000000000000444e-01 1.999999999999999833e-01 1.999999999999999833e-01
0.000000000000000000e+00 2.500000000000000139e-02 0.000000000000000000e+00 0.000000000000000000e+00 0.000000000000000000e+00 5.000000000000000278e-02 2.500000000000000139e-02 5.000000000000000278e-02 2.500000000000000139e-02 2.500000000000000139e-02 1.000000000000000056e-01 1.000000000000000056e-01 1.000000000000000056e-01 1.250000000000000000e-01 2.500000000000000000e-01 1.499999999999999944e-01 2.749999999999999667e-01 1.250000000000000000e-01 2.749999999999999667e-01 2.249999999999999778e-01
0.000000000000000000e+00 0.000000000000000000e+00 0.000000000000000000e+00 0.000000000000000000e+00 0.000000000000000000e+00 0.000000000000000000e+00 5.000000000000000278e-02 2.500000000000000139e-02 7.500000000000001110e-02 2.500000000000000139e-02 7.500000000000001110e-02 1.250000000000000000e-01 1.000000000000000056e-01 1.250000000000000000e-01 1.000000000000000056e-01 2.499999999999999722e-01 1.250000000000000000e-01 1.250000000000000000e-01 1.999999999999999833e-01 1.499999999999999944e-01
0.000000000000000000e+00 0.000000000000000000e+00 0.000000000000000000e+00 2.500000000000000139e-02 2.500000000000000139e-02 0.000000000000000000e+00 2.500000000000000139e-02 2.500000000000000139e-02 2.500000000000000139e-02 2.500000000000000139e-02 2.500000000000000139e-02 1.250000000000000000e-01 7.500000000000001110e-02 1.000000000000000056e-01 1.499999999999999944e-01 2.500000000000000000e-01 1.749999999999999889e-01 1.499999999999999944e-01 1.499999999999999944e-01 2.750000000000000222e-01
0.000000000000000000e+00 0.000000000000000000e+00 0.000000000000000000e+00 0.000000000000000000e+00 0.000000000000000000e+00 2.500000000000000139e-02 0.000000000000000000e+00 2.500000000000000139e-02 0.000000000000000000e+00 2.500000000000000139e-02 5.000000000000000278e-02 0.000000000000000000e+00 5.000000000000000278e-02 1.499999999999999944e-01 1.499999999999999944e-01 1.250000000000000000e-01 1.499999999999999944e-01 2.249999999999999778e-01 1.499999999999999944e-01 5.000000000000000278e-02
0.000000000000000000e+00 0.000000000000000000e+00 0.000000000000000000e+00 0.000000000000000000e+00 0.000000000000000000e+00 0.000000000000000000e+00 0.000000000000000000e+00 0.000000000000000000e+00 0.000000000000000000e+00 2.500000000000000139e-02 5.000000000000000278e-02 2.500000000000000139e-02 5.000000000000000278e-02 5.000000000000000278e-02 5.000000000000000278e-02 2.500000000000000139e-02 2.249999999999999778e-01 1.749999999999999889e-01 1.250000000000000000e-01 1.250000000000000000e-01
0.000000000000000000e+00 0.000000000000000000e+00 0.000000000000000000e+00 0.000000000000000000e+00 0.000000000000000000e+00 0.000000000000000000e+00 0.000000000000000000e+00 2.500000000000000139e-02 0.000000000000000000e+00 5.000000000000000278e-02 0.000000000000000000e+00 5.000000000000000278e-02 7.500000000000001110e-02 2.500000000000000139e-02 1.000000000000000056e-01 1.749999999999999889e-01 1.250000000000000000e-01 1.000000000000000056e-01 7.500000000000001110e-02 1.749999999999999889e-01
0.000000000000000000e+00 0.000000000000000000e+00 0.000000000000000000e+00 0.000000000000000000e+00 0.000000000000000000e+00 0.000000000000000000e+00 2.500000000000000139e-02 0.000000000000000000e+00 2.500000000000000139e-02 0.000000000000000000e+00 5.000000000000000278e-02 2.500000000000000139e-02 5.000000000000000278e-02 5.000000000000000278e-02 7.500000000000001110e-02 2.500000000000000139e-02 7.500000000000001110e-02 7.500000000000001110e-02 2.749999999999999667e-01 1.499999999999999944e-01
0.000000000000000000e+00 0.000000000000000000e+00 0.000000000000000000e+00 0.000000000000000000e+00 0.000000000000000000e+00 0.000000000000000000e+00 0.000000000000000000e+00 0.000000000000000000e+00 2.500000000000000139e-02 0.000000000000000000e+00 0.000000000000000000e+00 0.000000000000000000e+00 2.500000000000000139e-02 7.500000000000001110e-02 1.250000000000000000e-01 5.000000000000000278e-02 1.499999999999999944e-01 1.499999999999999944e-01 2.500000000000000139e-02 1.499999999999999944e-01
0.000000000000000000e+00 0.000000000000000000e+00 0.000000000000000000e+00 0.000000000000000000e+00 0.000000000000000000e+00 0.000000000000000000e+00 0.000000000000000000e+00 2.500000000000000139e-02 0.000000000000000000e+00 2.500000000000000139e-02 0.000000000000000000e+00 7.500000000000001110e-02 5.000000000000000278e-02 5.000000000000000278e-02 2.500000000000000139e-02 1.000000000000000056e-01 1.000000000000000056e-01 1.499999999999999944e-01 1.000000000000000056e-01 1.499999999999999944e-01
0.000000000000000000e+00 0.000000000000000000e+00 0.000000000000000000e+00 0.000000000000000000e+00 0.000000000000000000e+00 0.000000000000000000e+00 0.000000000000000000e+00 0.000000000000000000e+00 2.500000000000000139e-02 0.000000000000000000e+00 0.000000000000000000e+00 2.500000000000000139e-02 0.000000000000000000e+00 2.500000000000000139e-02 5.000000000000000278e-02 2.500000000000000139e-02 5.000000000000000278e-02 1.499999999999999944e-01 1.499999999999999944e-01 1.000000000000000056e-01
0.000000000000000000e+00 0.000000000000000000e+00 0.000000000000000000e+00 0.000000000000000000e+00 0.000000000000000000e+00 0.000000000000000000e+00 0.000000000000000000e+00 0.000000000000000000e+00 0.000000000000000000e+00 0.000000000000000000e+00 2.500000000000000139e-02 0.000000000000000000e+00 2.500000000000000139e-02 2.500000000000000139e-02 0.000000000000000000e+00 5.000000000000000278e-02 1.000000000000000056e-01 1.250000000000000000e-01 1.000000000000000056e-01 7.500000000000001110e-02
0.000000000000000000e+00 0.000000000000000000e+00 0.000000000000000000e+00 0.000000000000000000e+00 0.000000000000000000e+00 0.000000000000000000e+00 0.000000000000000000e+00 0.000000000000000000e+00 0.000000000000000000e+00 0.000000000000000000e+00 2.500000000000000139e-02 0.000000000000000000e+00 0.000000000000000000e+00 2.500000000000000139e-02 2.500000000000000139e-02 5.000000000000000278e-02 7.500000000000001110e-02 5.000000000000000278e-02 7.500000000000001110e-02 1.749999999999999889e-01
0.000000000000000000e+00 0.000000000000000000e+00 0.000000000000000000e+00 0.000000000000000000e+00 0.000000000000000000e+00 0.000000000000000000e+00 0.000000000000000000e+00 0.000000000000000000e+00 0.000000000000000000e+00 0.000000000000000000e+00 0.000000000000000000e+00 2.500000000000000139e-02 2.500000000000000139e-02 2.500000000000000139e-02 0.000000000000000000e+00 2.500000000000000139e-02 2.500000000000000139e-02 2.500000000000000139e-02 5.000000000000000278e-02 1.000000000000000056e-01
0.000000000000000000e+00 0.000000000000000000e+00 0.000000000000000000e+00 0.000000000000000000e+00 0.000000000000000000e+00 0.000000000000000000e+00 0.000000000000000000e+00 0.000000000000000000e+00 0.000000000000000000e+00 0.000000000000000000e+00 0.000000000000000000e+00 0.000000000000000000e+00 2.500000000000000139e-02 0.000000000000000000e+00 2.500000000000000139e-02 2.500000000000000139e-02 2.500000000000000139e-02 7.500000000000001110e-02 1.000000000000000056e-01 5.000000000000000278e-02
0.000000000000000000e+00 0.000000000000000000e+00 0.000000000000000000e+00 0.000000000000000000e+00 0.000000000000000000e+00 0.000000000000000000e+00 0.000000000000000000e+00 0.000000000000000000e+00 0.000000000000000000e+00 0.000000000000000000e+00 0.000000000000000000e+00 0.000000000000000000e+00 0.000000000000000000e+00 0.000000000000000000e+00 5.000000000000000278e-02 7.500000000000001110e-02 2.500000000000000139e-02 2.500000000000000139e-02 1.250000000000000000e-01 7.500000000000001110e-02
0.000000000000000000e+00 0.000000000000000000e+00 0.000000000000000000e+00 0.000000000000000000e+00 0.000000000000000000e+00 0.000000000000000000e+00 0.000000000000000000e+00 0.000000000000000000e+00 0.000000000000000000e+00 0.000000000000000000e+00 0.000000000000000000e+00 2.500000000000000139e-02 2.500000000000000139e-02 0.000000000000000000e+00 2.500000000000000139e-02 2.500000000000000139e-02 2.500000000000000139e-02 0.000000000000000000e+00 5.000000000000000278e-02 7.500000000000001110e-02
0.000000000000000000e+00 0.000000000000000000e+00 0.000000000000000000e+00 0.000000000000000000e+00 0.000000000000000000e+00 0.000000000000000000e+00 0.000000000000000000e+00 0.000000000000000000e+00 0.000000000000000000e+00 0.000000000000000000e+00 2.500000000000000139e-02 0.000000000000000000e+00 0.000000000000000000e+00 0.000000000000000000e+00 0.000000000000000000e+00 0.000000000000000000e+00 2.500000000000000139e-02 1.000000000000000056e-01 2.500000000000000139e-02 1.250000000000000000e-01
0.000000000000000000e+00 0.000000000000000000e+00 0.000000000000000000e+00 0.000000000000000000e+00 0.000000000000000000e+00 0.000000000000000000e+00 0.000000000000000000e+00 0.000000000000000000e+00 0.000000000000000000e+00 0.000000000000000000e+00 0.000000000000000000e+00 0.000000000000000000e+00 0.000000000000000000e+00 5.000000000000000278e-02 0.000000000000000000e+00 2.500000000000000139e-02 2.500000000000000139e-02 2.500000000000000139e-02 7.500000000000001110e-02 2.500000000000000139e-02
0.000000000000000000e+00 0.000000000000000000e+00 0.000000000000000000e+00 0.000000000000000000e+00 0.000000000000000000e+00 0.000000000000000000e+00 0.000000000000000000e+00 0.000000000000000000e+00 0.000000000000000000e+00 2.500000000000000139e-02 0.000000000000000000e+00 0.000000000000000000e+00 0.000000000000000000e+00 0.000000000000000000e+00 2.500000000000000139e-02 0.000000000000000000e+00 2.500000000000000139e-02 0.000000000000000000e+00 2.500000000000000139e-02 1.499999999999999944e-01
0.000000000000000000e+00 0.000000000000000000e+00 0.000000000000000000e+00 0.000000000000000000e+00 0.000000000000000000e+00 0.000000000000000000e+00 0.000000000000000000e+00 0.000000000000000000e+00 0.000000000000000000e+00 0.000000000000000000e+00 0.000000000000000000e+00 0.000000000000000000e+00 0.000000000000000000e+00 0.000000000000000000e+00 0.000000000000000000e+00 0.000000000000000000e+00 0.000000000000000000e+00 5.000000000000000278e-02 2.500000000000000139e-02 5.000000000000000278e-02
0.000000000000000000e+00 0.000000000000000000e+00 0.000000000000000000e+00 0.000000000000000000e+00 0.000000000000000000e+00 0.000000000000000000e+00 0.000000000000000000e+00 0.000000000000000000e+00 0.000000000000000000e+00 0.000000000000000000e+00 0.000000000000000000e+00 0.000000000000000000e+00 0.000000000000000000e+00 2.500000000000000139e-02 0.000000000000000000e+00 0.000000000000000000e+00 0.000000000000000000e+00 2.500000000000000139e-02 5.000000000000000278e-02 5.000000000000000278e-02
0.000000000000000000e+00 0.000000000000000000e+00 0.000000000000000000e+00 0.000000000000000000e+00 0.000000000000000000e+00 0.000000000000000000e+00 0.000000000000000000e+00 0.000000000000000000e+00 0.000000000000000000e+00 0.000000000000000000e+00 0.000000000000000000e+00 0.000000000000000000e+00 0.000000000000000000e+00 0.000000000000000000e+00 0.000000000000000000e+00 0.000000000000000000e+00 5.000000000000000278e-02 0.000000000000000000e+00 0.000000000000000000e+00 2.500000000000000139e-02
0.000000000000000000e+00 0.000000000000000000e+00 0.000000000000000000e+00 0.000000000000000000e+00 0.000000000000000000e+00 0.000000000000000000e+00 0.000000000000000000e+00 0.000000000000000000e+00 0.000000000000000000e+00 0.000000000000000000e+00 0.000000000000000000e+00 0.000000000000000000e+00 0.000000000000000000e+00 0.000000000000000000e+00 0.000000000000000000e+00 2.500000000000000139e-02 0.000000000000000000e+00 0.000000000000000000e+00 0.000000000000000000e+00 0.000000000000000000e+00
0.000000000000000000e+00 0.000000000000000000e+00 0.000000000000000000e+00 0.000000000000000000e+00 0.000000000000000000e+00 0.000000000000000000e+00 0.000000000000000000e+00 0.000000000000000000e+00 0.000000000000000000e+00 0.000000000000000000e+00 0.000000000000000000e+00 0.000000000000000000e+00 0.000000000000000000e+00 0.000000000000000000e+00 2.500000000000000139e-02 0.000000000000000000e+00 0.000000000000000000e+00 0.000000000000000000e+00 7.500000000000001110e-02 0.000000000000000000e+00
0.000000000000000000e+00 0.000000000000000000e+00 0.000000000000000000e+00 0.000000000000000000e+00 0.000000000000000000e+00 0.000000000000000000e+00 0.000000000000000000e+00 0.000000000000000000e+00 0.000000000000000000e+00 0.000000000000000000e+00 0.000000000000000000e+00 0.000000000000000000e+00 0.000000000000000000e+00 0.000000000000000000e+00 0.000000000000000000e+00 0.000000000000000000e+00 0.000000000000000000e+00 2.500000000000000139e-02 0.000000000000000000e+00 7.500000000000001110e-02
0.000000000000000000e+00 0.000000000000000000e+00 0.000000000000000000e+00 0.000000000000000000e+00 0.000000000000000000e+00 0.000000000000000000e+00 0.000000000000000000e+00 0.000000000000000000e+00 0.000000000000000000e+00 0.000000000000000000e+00 0.000000000000000000e+00 0.000000000000000000e+00 0.000000000000000000e+00 0.000000000000000000e+00 0.000000000000000000e+00 0.000000000000000000e+00 0.000000000000000000e+00 0.000000000000000000e+00 0.000000000000000000e+00 0.000000000000000000e+00
0.000000000000000000e+00 0.000000000000000000e+00 0.000000000000000000e+00 0.000000000000000000e+00 0.000000000000000000e+00 0.000000000000000000e+00 0.000000000000000000e+00 0.000000000000000000e+00 0.000000000000000000e+00 0.000000000000000000e+00 0.000000000000000000e+00 0.000000000000000000e+00 0.000000000000000000e+00 0.000000000000000000e+00 0.000000000000000000e+00 2.500000000000000139e-02 2.500000000000000139e-02 0.000000000000000000e+00 2.500000000000000139e-02 2.500000000000000139e-02
0.000000000000000000e+00 0.000000000000000000e+00 0.000000000000000000e+00 0.000000000000000000e+00 0.000000000000000000e+00 0.000000000000000000e+00 0.000000000000000000e+00 0.000000000000000000e+00 0.000000000000000000e+00 0.000000000000000000e+00 0.000000000000000000e+00 0.000000000000000000e+00 0.000000000000000000e+00 0.000000000000000000e+00 0.000000000000000000e+00 0.000000000000000000e+00 0.000000000000000000e+00 0.000000000000000000e+00 0.000000000000000000e+00 0.000000000000000000e+00
0.000000000000000000e+00 0.000000000000000000e+00 0.000000000000000000e+00 0.000000000000000000e+00 0.000000000000000000e+00 0.000000000000000000e+00 0.000000000000000000e+00 0.000000000000000000e+00 0.000000000000000000e+00 0.000000000000000000e+00 0.000000000000000000e+00 0.000000000000000000e+00 0.000000000000000000e+00 0.000000000000000000e+00 0.000000000000000000e+00 0.000000000000000000e+00 0.000000000000000000e+00 2.500000000000000139e-02 0.000000000000000000e+00 0.000000000000000000e+00
0.000000000000000000e+00 0.000000000000000000e+00 0.000000000000000000e+00 0.000000000000000000e+00 0.000000000000000000e+00 0.000000000000000000e+00 0.000000000000000000e+00 0.000000000000000000e+00 0.000000000000000000e+00 0.000000000000000000e+00 0.000000000000000000e+00 0.000000000000000000e+00 0.000000000000000000e+00 0.000000000000000000e+00 0.000000000000000000e+00 0.000000000000000000e+00 0.000000000000000000e+00 0.000000000000000000e+00 0.000000000000000000e+00 0.000000000000000000e+00
0.000000000000000000e+00 0.000000000000000000e+00 0.000000000000000000e+00 0.000000000000000000e+00 0.000000000000000000e+00 0.000000000000000000e+00 0.000000000000000000e+00 0.000000000000000000e+00 0.000000000000000000e+00 0.000000000000000000e+00 0.000000000000000000e+00 0.000000000000000000e+00 0.000000000000000000e+00 0.000000000000000000e+00 0.000000000000000000e+00 0.000000000000000000e+00 0.000000000000000000e+00 0.000000000000000000e+00 0.000000000000000000e+00 0.000000000000000000e+00
0.000000000000000000e+00 0.000000000000000000e+00 0.000000000000000000e+00 0.000000000000000000e+00 0.000000000000000000e+00 0.000000000000000000e+00 0.000000000000000000e+00 0.000000000000000000e+00 0.000000000000000000e+00 0.000000000000000000e+00 0.000000000000000000e+00 0.000000000000000000e+00 0.000000000000000000e+00 0.000000000000000000e+00 0.000000000000000000e+00 0.000000000000000000e+00 0.000000000000000000e+00 0.000000000000000000e+00 2.500000000000000139e-02 2.500000000000000139e-02
