7.016621270781815602e-04 7.365134246351720234e-04 7.730957732130631400e-04 8.114951534738963201e-04 8.518018167072998912e-04 8.941104969509800849e-04 9.385206336471497036e-04 9.851366053582289936e-04 1.034067975091111430e-03 1.085429747806598713e-03 1.139342640719231579e-03 1.195933367022817455e-03 1.255334933708490610e-03 1.317686954175293886e-03 1.383135976368009192e-03 1.451835827213469876e-03 1.523947974164901846e-03 1.599641904704031696e-03 1.679095524692928235e-03 1.762495576511834573e-03
4.747500000000000568e+02 4.666499999999999773e+02 4.582750000000000909e+02 4.497500000000000568e+02 4.422749999999999773e+02 4.335000000000000568e+02 4.258249999999999886e+02 4.176999999999999886e+02 4.101999999999999318e+02 4.023750000000000000e+02 3.951750000000000114e+02 3.883499999999999659e+02 3.816499999999999204e+02 3.752750000000000341e+02 3.685499999999999545e+02 3.615749999999998749e+02 3.542499999999999432e+02 3.474249999999999545e+02 3.415749999999998749e+02 3.347749999999999773e+02
6.693250000000000455e+02 6.682500000000001137e+02 6.676499999999999773e+02 6.673249999999998181e+02 6.652249999999999091e+02 6.651250000000000000e+02 6.641249999999998863e+02 6.628749999999998863e+02 6.617250000000000227e+02 6.612250000000000227e+02 6.598249999999997044e+02 6.575999999999999091e+02 6.554250000000000682e+02 6.526749999999999545e+02 6.508999999999998636e+02 6.490499999999998408e+02 6.468499999999999091e+02 6.459249999999998408e+02 6.431000000000000227e+02 6.415499999999999545e+02
4.015749999999999886e+02 4.045749999999999318e+02 4.061499999999999204e+02 4.083999999999999204e+02 4.106250000000000000e+02 4.115749999999999886e+02 4.129500000000001592e+02 4.152999999999998977e+02 4.160750000000000455e+02 4.174499999999999318e+02 4.197500000000000568e+02 4.221749999999998408e+02 4.235500000000000114e+02 4.251750000000000682e+02 4.269250000000000114e+02 4.287249999999999659e+02 4.321500000000001478e+02 4.326999999999999886e+02 4.343499999999999659e+02 4.349000000000000341e+02
1.949250000000000114e+02 1.959499999999999886e+02 1.988250000000000171e+02 1.999499999999999318e+02 2.027249999999999943e+02 2.053250000000000455e+02 2.080750000000000455e+02 2.104749999999999943e+02 2.125999999999999659e+02 2.144000000000000341e+02 2.161999999999999886e+02 2.176249999999999716e+02 2.199749999999999943e+02 2.224499999999999034e+02 2.241249999999999147e+02 2.257250000000000227e+02 2.257999999999999829e+02 2.274750000000000512e+02 2.292750000000000625e+02 2.324499999999999318e+02
9.397500000000002274e+01 9.527500000000000568e+01 9.652499999999999147e+01 9.770000000000000284e+01 9.854999999999996874e+01 1.000000000000000142e+02 1.009250000000000114e+02 1.020000000000000000e+02 1.039999999999999858e+02 1.056749999999999972e+02 1.069749999999999801e+02 1.076250000000000000e+02 1.087999999999999829e+02 1.096000000000000085e+02 1.109749999999999659e+02 1.127250000000000227e+02 1.148750000000000284e+02 1.166000000000000227e+02 1.174249999999999972e+02 1.185000000000000142e+02
5.092500000000000426e+01 5.157500000000000284e+01 5.210000000000001563e+01 5.340000000000001279e+01 5.397500000000000853e+01 5.430000000000000426e+01 5.464999999999999858e+01 5.535000000000000142e+01 5.647499999999999432e+01 5.682499999999999574e+01 5.744999999999998153e+01 5.924999999999998579e+01 5.992499999999999716e+01 6.047500000000000853e+01 6.157499999999998863e+01 6.254999999999998295e+01 6.272500000000000853e+01 6.392500000000001137e+01 6.502500000000000568e+01 6.547500000000000853e+01
2.952500000000000568e+01 3.049999999999999645e+01 3.067500000000000426e+01 3.135000000000000142e+01 3.172499999999999787e+01 3.262500000000000711e+01 3.389999999999999858e+01 3.504999999999999716e+01 3.507500000000000995e+01 3.552499999999999858e+01 3.597499999999999432e+01 3.649999999999998579e+01 3.730000000000000426e+01 3.819999999999998863e+01 3.792499999999999716e+01 3.832500000000000284e+01 3.950000000000001421e+01 3.995000000000000284e+01 4.067500000000000426e+01 4.097500000000000853e+01
1.882500000000000284e+01 1.905000000000000426e+01 2.002499999999999858e+01 2.075000000000000000e+01 2.124999999999999645e+01 2.262499999999999645e+01 2.257500000000000284e+01 2.207499999999999929e+01 2.232500000000000284e+01 2.327499999999999858e+01 2.315000000000000213e+01 2.327500000000000213e+01 2.365000000000000568e+01 2.385000000000000497e+01 2.470000000000000284e+01 2.510000000000000142e+01 2.492500000000000071e+01 2.502499999999999858e+01 2.515000000000000568e+01 2.620000000000000639e+01
1.350000000000000178e+01 1.342499999999999716e+01 1.317499999999999716e+01 1.352500000000000036e+01 1.402500000000000036e+01 1.362500000000000355e+01 1.410000000000000142e+01 1.460000000000000142e+01 1.540000000000000213e+01 1.517500000000000071e+01 1.617500000000000071e+01 1.665000000000000213e+01 1.684999999999999432e+01 1.747499999999999787e+01 1.742499999999999716e+01 1.769999999999999574e+01 1.872500000000000142e+01 1.870000000000000284e+01 1.920000000000000639e+01 1.919999999999999929e+01
9.400000000000000355e+00 9.775000000000000355e+00 9.675000000000002487e+00 9.925000000000000711e+00 1.037499999999999822e+01 1.077499999999999858e+01 1.107500000000000107e+01 1.132500000000000284e+01 1.152500000000000036e+01 1.192500000000000071e+01 1.139999999999999680e+01 1.147499999999999609e+01 1.179999999999999716e+01 1.257499999999999929e+01 1.317500000000000426e+01 1.270000000000000284e+01 1.337500000000000178e+01 1.374999999999999822e+01 1.372500000000000142e+01 1.432500000000000284e+01
7.175000000000000711e+00 7.274999999999998579e+00 7.850000000000001421e+00 7.700000000000000178e+00 7.650000000000001243e+00 7.649999999999998579e+00 7.800000000000001599e+00 7.950000000000001066e+00 8.125000000000000000e+00 8.500000000000001776e+00 8.700000000000002842e+00 8.799999999999998934e+00 9.200000000000001066e+00 8.949999999999999289e+00 9.250000000000001776e+00 9.924999999999998934e+00 9.449999999999999289e+00 1.007500000000000107e+01 1.044999999999999929e+01 1.044999999999999929e+01
5.700000000000001066e+00 6.150000000000000355e+00 6.125000000000000000e+00 6.475000000000001421e+00 6.250000000000000888e+00 6.125000000000000000e+00 6.149999999999999467e+00 6.174999999999999822e+00 6.149999999999999467e+00 6.224999999999999645e+00 6.749999999999999112e+00 6.650000000000000355e+00 6.824999999999997513e+00 7.524999999999997691e+00 7.375000000000000888e+00 7.750000000000000000e+00 7.924999999999999822e+00 7.675000000000001599e+00 7.950000000000001066e+00 7.800000000000000711e+00
4.250000000000000000e+00 4.275000000000000355e+00 4.724999999999998757e+00 4.875000000000000000e+00 4.750000000000000888e+00 5.225000000000001421e+00 4.875000000000001776e+00 5.150000000000001243e+00 5.049999999999998046e+00 5.275000000000001243e+00 5.500000000000000888e+00 5.700000000000001066e+00 5.550000000000002487e+00 5.124999999999999112e+00 5.299999999999999822e+00 5.124999999999999112e+00 5.599999999999998757e+00 6.374999999999998224e+00 6.700000000000001066e+00 6.550000000000000711e+00
3.700000000000000622e+00 3.575000000000000622e+00 3.625000000000000000e+00 3.325000000000000178e+00 3.700000000000000178e+00 3.775000000000000355e+00 4.224999999999999645e+00 4.400000000000000355e+00 4.424999999999999822e+00 4.674999999999999822e+00 4.299999999999999822e+00 4.299999999999998934e+00 4.125000000000000888e+00 4.450000000000000178e+00 4.500000000000000888e+00 4.599999999999999645e+00 4.549999999999998934e+00 4.200000000000000178e+00 4.224999999999999645e+00 4.750000000000000888e+00
3.350000000000000089e+00 3.575000000000000178e+00 3.424999999999999822e+00 3.249999999999999112e+00 3.574999999999999734e+00 3.649999999999999023e+00 3.750000000000000000e+00 3.774999999999999911e+00 4.100000000000000533e+00 3.574999999999999734e+00 3.725000000000000533e+00 3.899999999999999023e+00 4.174999999999999822e+00 3.849999999999998757e+00 4.174999999999999822e+00 4.024999999999999467e+00 3.824999999999999289e+00 3.575000000000000178e+00 3.749999999999999556e+00 3.924999999999999378e+00
2.749999999999999556e+00 2.825000000000000178e+00 2.749999999999999556e+00 2.675000000000000711e+00 2.949999999999999734e+00 2.875000000000000000e+00 2.799999999999999378e+00 2.749999999999998668e+00 2.750000000000000444e+00 3.250000000000000000e+00 3.600000000000000533e+00 3.699999999999998845e+00 3.649999999999999467e+00 3.900000000000000355e+00 3.750000000000000888e+00 3.700000000000000178e+00 3.699999999999999289e+00 3.799999999999999378e+00 3.624999999999999112e+00 3.575000000000000178e+00
2.374999999999999112e+00 2.674999999999999822e+00 2.699999999999999289e+00 2.924999999999999822e+00 2.700000000000000178e+00 2.750000000000000000e+00 2.599999999999999201e+00 2.725000000000000089e+00 2.750000000000000444e+00 2.799999999999999378e+00 2.724999999999999645e+00 2.674999999999999378e+00 2.799999999999999822e+00 2.775000000000000355e+00 2.549999999999999822e+00 3.500000000000000000e+00 3.450000000000000178e+00 3.299999999999999822e+00 3.250000000000000444e+00 3.199999999999999734e+00
2.249999999999999556e+00 1.800000000000000044e+00 2.124999999999999556e+00 2.099999999999999645e+00 2.374999999999999556e+00 2.200000000000000178e+00 2.424999999999998046e+00 2.199999999999999734e+00 2.350000000000000089e+00 2.274999999999999467e+00 2.474999999999999645e+00 2.750000000000000000e+00 2.799999999999999378e+00 3.099999999999998312e+00 3.100000000000000089e+00 2.524999999999999023e+00 2.549999999999999822e+00 2.774999999999999911e+00 2.849999999999999201e+00 2.574999999999999734e+00
1.650000000000000133e+00 2.024999999999999911e+00 1.825000000000000178e+00 1.925000000000000488e+00 2.050000000000000266e+00 1.974999999999999645e+00 1.749999999999999556e+00 1.750000000000000444e+00 2.149999999999999911e+00 2.174999999999999822e+00 2.224999999999999645e+00 2.275000000000000799e+00 2.375000000000000000e+00 2.299999999999999822e+00 2.874999999999999556e+00 2.774999999999998579e+00 3.025000000000000355e+00 2.875000000000000444e+00 2.624999999999999556e+00 2.700000000000000178e+00
1.675000000000000266e+00 1.449999999999999956e+00 1.724999999999999423e+00 1.499999999999999556e+00 1.449999999999999734e+00 1.675000000000000044e+00 1.974999999999999867e+00 2.224999999999998757e+00 1.674999999999999822e+00 1.799999999999999600e+00 1.400000000000000577e+00 1.475000000000000089e+00 1.600000000000000089e+00 1.525000000000000133e+00 1.449999999999999956e+00 1.625000000000000000e+00 1.924999999999999600e+00 2.225000000000000089e+00 2.750000000000000444e+00 2.649999999999999911e+00
1.025000000000000133e+00 1.100000000000000311e+00 1.199999999999999956e+00 1.449999999999999956e+00 1.374999999999999778e+00 1.349999999999999867e+00 1.649999999999999911e+00 1.574999999999999956e+00 1.475000000000000089e+00 1.349999999999999645e+00 1.600000000000000089e+00 1.399999999999999689e+00 1.775000000000000355e+00 1.649999999999999911e+00 1.824999999999999956e+00 1.924999999999999822e+00 1.849999999999999867e+00 1.824999999999999067e+00 1.700000000000000400e+00 2.175000000000000711e+00
1.025000000000000133e+00 1.175000000000000266e+00 1.100000000000000089e+00 1.250000000000000222e+00 1.250000000000000222e+00 1.225000000000000089e+00 1.424999999999999822e+00 1.424999999999999156e+00 1.574999999999999734e+00 1.399999999999999467e+00 1.350000000000000311e+00 1.349999999999999645e+00 1.425000000000000044e+00 1.399999999999999911e+00 1.474999999999999867e+00 1.575000000000000400e+00 1.325000000000000178e+00 1.425000000000000266e+00 1.499999999999999778e+00 1.799999999999999822e+00
1.000000000000000222e+00 1.125000000000000000e+00 1.200000000000000400e+00 1.274999999999999911e+00 1.125000000000000222e+00 1.275000000000000133e+00 1.100000000000000533e+00 1.250000000000000222e+00 1.349999999999999867e+00 1.324999999999999512e+00 1.574999999999999956e+00 1.599999999999999645e+00 1.099999999999999867e+00 1.550000000000000266e+00 1.250000000000000000e+00 1.374999999999999778e+00 1.375000000000000000e+00 1.549999999999999156e+00 1.599999999999999423e+00 1.449999999999999956e+00
8.500000000000004219e-01 9.000000000000002442e-01 1.075000000000000178e+00 9.500000000000002887e-01 1.200000000000000178e+00 1.025000000000000355e+00 1.000000000000000444e+00 1.025000000000000133e+00 1.100000000000000089e+00 1.175000000000000044e+00 1.300000000000000044e+00 1.249999999999999778e+00 1.349999999999999867e+00 1.275000000000000133e+00 1.399999999999999911e+00 1.175000000000000044e+00 1.200000000000000178e+00 1.225000000000000311e+00 1.399999999999999689e+00 1.275000000000000133e+00
7.750000000000001332e-01 8.250000000000003997e-01 7.000000000000001776e-01 1.025000000000000355e+00 8.250000000000002887e-01 1.025000000000000133e+00 8.750000000000003331e-01 9.750000000000001998e-01 8.750000000000002220e-01 1.000000000000000222e+00 8.750000000000002220e-01 1.224999999999999867e+00 1.125000000000000000e+00 1.025000000000000355e+00 9.250000000000003775e-01 1.349999999999999645e+00 1.500000000000000000e+00 1.075000000000000178e+00 8.250000000000002887e-01 1.099999999999999867e+00
6.250000000000002220e-01 6.250000000000001110e-01 6.250000000000000000e-01 7.750000000000003553e-01 9.750000000000001998e-01 8.000000000000001554e-01 9.500000000000003997e-01 7.750000000000002442e-01 9.000000000000002442e-01 9.750000000000004219e-01 7.750000000000002442e-01 9.750000000000001998e-01 1.125000000000000444e+00 1.250000000000000000e+00 9.250000000000002665e-01 1.025000000000000133e+00 9.500000000000001776e-01 1.424999999999999378e+00 1.549999999999999822e+00 1.150000000000000133e+00
6.250000000000002220e-01 6.250000000000002220e-01 6.750000000000000444e-01 5.500000000000000444e-01 7.250000000000003109e-01 8.000000000000002665e-01 5.250000000000001332e-01 7.750000000000001332e-01 1.000000000000000222e+00 1.000000000000000444e+00 8.500000000000003109e-01 7.000000000000000666e-01 8.000000000000003775e-01 6.750000000000001554e-01 1.175000000000000266e+00 8.000000000000001554e-01 1.099999999999999867e+00 1.199999999999999956e+00 1.175000000000000044e+00 1.150000000000000133e+00
5.000000000000001110e-01 3.250000000000000111e-01 4.750000000000000888e-01 5.000000000000001110e-01 5.750000000000001776e-01 7.750000000000000222e-01 9.250000000000000444e-01 7.250000000000003109e-01 8.250000000000001776e-01 6.750000000000001554e-01 7.000000000000001776e-01 8.500000000000004219e-01 8.250000000000000666e-01 7.250000000000003109e-01 7.750000000000003553e-01 8.250000000000001776e-01 7.250000000000001998e-01 7.000000000000001776e-01 8.000000000000001554e-01 9.250000000000003775e-01
4.500000000000001221e-01 5.750000000000000666e-01 6.000000000000001998e-01 5.250000000000001332e-01 3.750000000000000000e-01 6.500000000000001332e-01 3.750000000000000000e-01 5.250000000000001332e-01 5.250000000000001332e-01 6.250000000000001110e-01 8.750000000000002220e-01 6.750000000000002665e-01 7.250000000000003109e-01 6.250000000000002220e-01 6.500000000000001332e-01 5.750000000000000666e-01 6.500000000000001332e-01 6.250000000000000000e-01 9.250000000000002665e-01 9.500000000000003997e-01
2.999999999999999889e-01 6.500000000000002442e-01 5.500000000000001554e-01 6.000000000000001998e-01 4.500000000000000666e-01 3.250000000000000111e-01 7.750000000000003553e-01 4.750000000000000888e-01 6.250000000000001110e-01 7.000000000000002887e-01 8.000000000000003775e-01 7.500000000000002220e-01 7.250000000000003109e-01 8.750000000000003331e-01 9.250000000000004885e-01 9.000000000000003553e-01 7.250000000000003109e-01 5.750000000000001776e-01 6.250000000000001110e-01 7.500000000000000000e-01
1.749999999999999889e-01 2.500000000000000000e-01 2.999999999999999889e-01 4.000000000000000222e-01 5.250000000000001332e-01 5.750000000000001776e-01 3.250000000000000111e-01 7.750000000000002442e-01 4.500000000000000111e-01 5.500000000000002665e-01 6.000000000000000888e-01 6.500000000000001332e-01 6.000000000000001998e-01 9.250000000000003775e-01 6.500000000000001332e-01 7.500000000000003331e-01 7.500000000000002220e-01 9.000000000000003553e-01 5.000000000000000000e-01 3.750000000000000555e-01
3.500000000000000333e-01 1.749999999999999889e-01 3.250000000000000666e-01 1.999999999999999833e-01 4.750000000000000333e-01 4.500000000000000666e-01 8.000000000000001554e-01 4.500000000000001221e-01 6.000000000000000888e-01 6.250000000000003331e-01 3.999999999999999667e-01 6.250000000000001110e-01 6.000000000000001998e-01 4.750000000000000333e-01 6.000000000000001998e-01 6.750000000000002665e-01 7.250000000000003109e-01 7.500000000000003331e-01 7.250000000000003109e-01 8.500000000000001998e-01
1.499999999999999944e-01 2.499999999999999722e-01 1.499999999999999944e-01 2.749999999999999667e-01 3.250000000000000111e-01 2.249999999999999778e-01 4.250000000000000444e-01 5.250000000000000222e-01 3.750000000000000555e-01 2.750000000000000222e-01 5.500000000000001554e-01 5.000000000000000000e-01 6.250000000000000000e-01 5.000000000000000000e-01 6.750000000000001554e-01 4.750000000000001998e-01 6.000000000000001998e-01 5.500000000000000444e-01 6.000000000000003109e-01 7.000000000000000666e-01
1.000000000000000056e-01 2.250000000000000056e-01 2.749999999999999667e-01 1.999999999999999833e-01 3.250000000000000666e-01 4.750000000000000888e-01 2.750000000000000222e-01 3.250000000000000111e-01 4.000000000000000222e-01 3.500000000000000888e-01 3.750000000000001110e-01 4.750000000000000888e-01 3.750000000000001110e-01 5.500000000000001554e-01 4.000000000000000777e-01 7.250000000000001998e-01 6.250000000000001110e-01 6.000000000000001998e-01 6.750000000000002665e-01 6.250000000000002220e-01
1.250000000000000000e-01 1.000000000000000056e-01 2.249999999999999778e-01 2.999999999999999889e-01 2.749999999999999667e-01 3.250000000000000111e-01 2.499999999999999722e-01 4.750000000000000333e-01 2.749999999999999667e-01 4.250000000000001554e-01 3.750000000000000000e-01 3.500000000000000333e-01 5.500000000000000444e-01 6.000000000000000888e-01 5.250000000000001332e-01 5.500000000000001554e-01 6.000000000000001998e-01 4.000000000000000777e-01 6.000000000000001998e-01 4.750000000000000888e-01
5.000000000000000278e-02 7.500000000000001110e-02 1.000000000000000056e-01 1.499999999999999944e-01 1.250000000000000000e-01 1.749999999999999889e-01 2.999999999999999889e-01 1.749999999999999889e-01 3.499999999999999778e-01 3.000000000000000444e-01 3.250000000000000111e-01 2.499999999999999722e-01 2.499999999999999722e-01 5.000000000000001110e-01 4.000000000000001332e-01 3.750000000000001110e-01 6.000000000000000888e-01 7.000000000000002887e-01 6.000000000000001998e-01 6.750000000000002665e-01
5.000000000000000278e-02 0.000000000000000000e+00 1.250000000000000000e-01 1.250000000000000000e-01 1.000000000000000056e-01 1.749999999999999889e-01 1.999999999999999833e-01 3.250000000000000666e-01 3.750000000000000555e-01 4.500000000000000666e-01 3.749999999999999445e-01 2.249999999999999778e-01 3.250000000000000111e-01 1.500000000000000222e-01 3.750000000000000000e-01 4.750000000000001998e-01 2.999999999999999889e-01 6.000000000000001998e-01 3.750000000000000000e-01 4.750000000000000888e-01
2.500000000000000139e-02 1.250000000000000000e-01 5.000000000000000278e-02 1.250000000000000000e-01 1.250000000000000000e-01 2.249999999999999778e-01 1.749999999999999889e-01 2.499999999999999722e-01 1.749999999999999889e-01 2.749999999999999667e-01 2.999999999999999889e-01 5.000000000000001110e-01 3.250000000000000111e-01 2.499999999999999722e-01 3.500000000000000333e-01 4.000000000000000777e-01 3.750000000000000555e-01 2.499999999999999722e-01 5.000000000000001110e-01 4.250000000000000999e-01
5.000000000000000278e-02 5.000000000000000278e-02 7.500000000000001110e-02 1.499999999999999944e-01 1.000000000000000056e-01 1.000000000000000056e-01 2.249999999999999778e-01 2.249999999999999778e-01 2.999999999999999889e-01 3.249999999999999556e-01 3.249999999999999556e-01 2.999999999999999889e-01 2.000000000000000111e-01 1.999999999999999833e-01 3.250000000000000111e-01 2.500000000000000000e-01 4.500000000000000666e-01 2.999999999999999889e-01 3.249999999999999556e-01 3.500000000000000333e-01
5.000000000000000278e-02 5.000000000000000278e-02 5.000000000000000278e-02 5.000000000000000278e-02 1.000000000000000056e-01 1.749999999999999889e-01 1.999999999999999833e-01 2.249999999999999778e-01 2.249999999999999778e-01 2.499999999999999722e-01 2.499999999999999722e-01 3.250000000000000111e-01 4.250000000000000444e-01 3.250000000000000666e-01 4.000000000000000777e-01 1.999999999999999833e-01 1.999999999999999833e-01 3.500000000000000333e-01 3.250000000000000666e-01 5.250000000000001332e-01
2.500000000000000139e-02 0.000000000000000000e+00 2.500000000000000139e-02 7.500000000000001110e-02 1.000000000000000056e-01 5.000000000000000278e-02 1.000000000000000056e-01 5.000000000000000278e-02 2.000000000000000111e-01 1.749999999999999889e-01 1.749999999999999889e-01 1.749999999999999889e-01 1.250000000000000000e-01 3.499999999999999778e-01 2.499999999999999722e-01 2.500000000000000000e-01 2.499999999999999722e-01 3.500000000000000333e-01 2.249999999999999778e-01 2.750000000000000222e-01
5.000000000000000278e-02 5.000000000000000278e-02 2.500000000000000139e-02 2.500000000000000139e-02 1.499999999999999944e-01 1.250000000000000000e-01 1.250000000000000000e-01 1.250000000000000000e-01 2.499999999999999722e-01 2.249999999999999778e-01 3.000000000000000444e-01 2.499999999999999722e-01 3.750000000000000555e-01 3.250000000000000666e-01 2.499999999999999722e-01 3.250000000000000666e-01 2.749999999999999667e-01 2.999999999999999889e-01 4.249999999999999889e-01 2.749999999999999667e-01
0.000000000000000000e+00 5.000000000000000278e-02 0.000000000000000000e+00 5.000000000000000278e-02 2.500000000000000139e-02 0.000000000000000000e+00 2.500000000000000139e-02 7.500000000000001110e-02 7.500000000000001110e-02 1.250000000000000000e-01 1.000000000000000056e-01 1.999999999999999833e-01 2.999999999999999889e-01 2.499999999999999722e-01 3.499999999999999778e-01 2.499999999999999722e-01 2.749999999999999667e-01 3.250000000000000666e-01 2.499999999999999722e-01 3.750000000000001110e-01
0.000000000000000000e+00 0.000000000000000000e+00 2.500000000000000139e-02 7.500000000000001110e-02 0.000000000000000000e+00 2.500000000000000139e-02 1.000000000000000056e-01 1.250000000000000000e-01 1.500000000000000222e-01 7.500000000000001110e-02 2.749999999999999667e-01 1.999999999999999833e-01 2.000000000000000111e-01 2.249999999999999778e-01 1.749999999999999889e-01 3.250000000000000111e-01 2.999999999999999889e-01 1.999999999999999833e-01 2.999999999999999889e-01 1.749999999999999889e-01
0.000000000000000000e+00 0.000000000000000000e+00 7.500000000000001110e-02 0.000000000000000000e+00 0.000000000000000000e+00 5.000000000000000278e-02 5.000000000000000278e-02 1.250000000000000000e-01 5.000000000000000278e-02 7.500000000000001110e-02 1.250000000000000000e-01 1.749999999999999889e-01 1.250000000000000000e-01 1.749999999999999889e-01 1.000000000000000056e-01 2.249999999999999778e-01 3.000000000000000444e-01 2.000000000000000111e-01 2.249999999999999778e-01 2.499999999999999722e-01
0.000000000000000000e+00 0.000000000000000000e+00 0.000000000000000000e+00 5.000000000000000278e-02 2.500000000000000139e-02 5.000000000000000278e-02 5.000000000000000278e-02 1.000000000000000056e-01 7.500000000000001110e-02 1.749999999999999889e-01 7.500000000000001110e-02 1.999999999999999833e-01 2.499999999999999722e-01 2.249999999999999778e-01 2.249999999999999778e-01 1.999999999999999833e-01 2.749999999999999667e-01 2.249999999999999778e-01 1.250000000000000000e-01 1.749999999999999889e-01
0.000000000000000000e+00 0.000000000000000000e+00 0.000000000000000000e+00 0.000000000000000000e+00 7.500000000000001110e-02 5.000000000000000278e-02 2.500000000000000139e-02 0.000000000000000000e+00 7.500000000000001110e-02 1.250000000000000000e-01 1.000000000000000056e-01 1.999999999999999833e-01 1.499999999999999944e-01 1.749999999999999889e-01 1.499999999999999944e-01 1.749999999999999889e-01 1.250000000000000000e-01 1.749999999999999889e-01 2.249999999999999778e-01 2.499999999999999722e-01
0.000000000000000000e+00 0.000000000000000000e+00 0.000000000000000000e+00 0.000000000000000000e+00 0.000000000000000000e+00 2.500000000000000139e-02 5.000000000000000278e-02 7.500000000000001110e-02 5.000000000000000278e-02 7.500000000000001110e-02 1.250000000000000000e-01 5.000000000000000278e-02 1.749999999999999889e-01 1.999999999999999833e-01 1.749999999999999889e-01 2.249999999999999778e-01 2.000000000000000111e-01 2.749999999999999667e-01 3.000000000000000444e-01 2.749999999999999667e-01
0.000000000000000000e+00 0.000000000000000000e+00 0.000000000000000000e+00 0.000000000000000000e+00 5.000000000000000278e-02 0.000000000000000000e+00 2.500000000000000139e-02 2.500000000000000139e-02 1.499999999999999944e-01 1.499999999999999944e-01 1.499999999999999944e-01 7.500000000000001110e-02 7.500000000000001110e-02 1.499999999999999944e-01 3.500000000000000333e-01 1.999999999999999833e-01 1.499999999999999944e-01 2.499999999999999722e-01 1.999999999999999833e-01 1.999999999999999833e-01
0.000000000000000000e+00 0.000000000000000000e+00 0.000000000000000000e+00 0.000000000000000000e+00 0.000000000000000000e+00 5.000000000000000278e-02 2.500000000000000139e-02 2.500000000000000139e-02 2.500000000000000139e-02 1.250000000000000000e-01 1.000000000000000056e-01 1.000000000000000056e-01 1.749999999999999889e-01 1.499999999999999944e-01 1.000000000000000056e-01 7.500000000000001110e-02 1.500000000000000222e-01 1.499999999999999944e-01 2.249999999999999778e-01 1.999999999999999833e-01
0.000000000000000000e+00 0.000000000000000000e+00 2.500000000000000139e-02 0.000000000000000000e+00 0.000000000000000000e+00 2.500000000000000139e-02 5.000000000000000278e-02 2.500000000000000139e-02 2.500000000000000139e-02 2.500000000000000139e-02 1.000000000000000056e-01 1.000000000000000056e-01 5.000000000000000278e-02 7.500000000000001110e-02 1.499999999999999944e-01 1.000000000000000056e-01 1.749999999999999889e-01 2.249999999999999778e-01 2.749999999999999667e-01 7.500000000000001110e-02
0.000000000000000000e+00 2.500000000000000139e-02 0.000000000000000000e+00 0.000000000000000000e+00 0.000000000000000000e+00 0.000000000000000000e+00 0.000000000000000000e+00 5.000000000000000278e-02 0.000000000000000000e+00 0.000000000000000000e+00 5.000000000000000278e-02 5.000000000000000278e-02 1.000000000000000056e-01 5.000000000000000278e-02 1.250000000000000000e-01 1.999999999999999833e-01 1.499999999999999944e-01 1.000000000000000056e-01 1.499999999999999944e-01 2.000000000000000111e-01
2.500000000000000139e-02 0.000000000000000000e+00 0.000000000000000000e+00 0.000000000000000000e+00 0.000000000000000000e+00 0.000000000000000000e+00 0.000000000000000000e+00 2.500000000000000139e-02 5.000000000000000278e-02 2.500000000000000139e-02 5.000000000000000278e-02 7.500000000000001110e-02 1.000000000000000056e-01 1.999999999999999833e-01 7.500000000000001110e-02 1.999999999999999833e-01 1.250000000000000000e-01 1.999999999999999833e-01 7.500000000000001110e-02 1.999999999999999833e-01
0.000000000000000000e+00 0.000000000000000000e+00 0.000000000000000000e+00 2.500000000000000139e-02 0.000000000000000000e+00 0.000000000000000000e+00 0.000000000000000000e+00 0.000000000000000000e+00 0.000000000000000000e+00 5.000000000000000278e-02 2.500000000000000139e-02 1.000000000000000056e-01 5.000000000000000278e-02 7.500000000000001110e-02 7.500000000000001110e-02 1.250000000000000000e-01 1.499999999999999944e-01 1.999999999999999833e-01 2.250000000000000056e-01 1.750000000000000167e-01
0.000000000000000000e+00 0.000000000000000000e+00 0.000000000000000000e+00 0.000000000000000000e+00 0.000000000000000000e+00 0.000000000000000000e+00 0.000000000000000000e+00 0.000000000000000000e+00 2.500000000000000139e-02 0.000000000000000000e+00 7.500000000000001110e-02 7.500000000000001110e-02 1.749999999999999889e-01 5.000000000000000278e-02 1.000000000000000056e-01 7.500000000000001110e-02 1.250000000000000000e-01 7.500000000000001110e-02 7.500000000000001110e-02 2.499999999999999722e-01
0.000000000000000000e+00 0.000000000000000000e+00 0.000000000000000000e+00 0.000000000000000000e+00 0.000000000000000000e+00 0.000000000000000000e+00 2.500000000000000139e-02 0.000000000000000000e+00 0.000000000000000000e+00 2.500000000000000139e-02 0.000000000000000000e+00 5.000000000000000278e-02 2.500000000000000139e-02 1.250000000000000000e-01 1.000000000000000056e-01 7.500000000000001110e-02 0.000000000000000000e+00 2.500000000000000139e-02 1.250000000000000000e-01 1.499999999999999944e-01
0.000000000000000000e+00 0.000000000000000000e+00 0.000000000000000000e+00 0.000000000000000000e+00 2.500000000000000139e-02 0.000000000000000000e+00 0.000000000000000000e+00 0.000000000000000000e+00 5.000000000000000278e-02 0.000000000000000000e+00 2.500000000000000139e-02 5.000000000000000278e-02 5.000000000000000278e-02 2.500000000000000139e-02 5.000000000000000278e-02 1.000000000000000056e-01 1.749999999999999889e-01 1.000000000000000056e-01 1.000000000000000056e-01 1.000000000000000056e-01
0.000000000000000000e+00 0.000000000000000000e+00 0.000000000000000000e+00 0.000000000000000000e+00 0.000000000000000000e+00 2.500000000000000139e-02 0.000000000000000000e+00 0.000000000000000000e+00 0.000000000000000000e+00 0.000000000000000000e+00 0.000000000000000000e+00 5.000000000000000278e-02 2.500000000000000139e-02 7.500000000000001110e-02 1.000000000000000056e-01 1.750000000000000167e-01 1.250000000000000000e-01 5.000000000000000278e-02 1.499999999999999944e-01 5.000000000000000278e-02
0.000000000000000000e+00 0.000000000000000000e+00 0.000000000000000000e+00 0.000000000000000000e+00 0.000000000000000000e+00 0.000000000000000000e+00 0.000000000000000000e+00 2.500000000000000139e-02 2.500000000000000139e-02 0.000000000000000000e+00 0.000000000000000000e+00 0.000000000000000000e+00 2.500000000000000139e-02 2.500000000000000139e-02 1.000000000000000056e-01 5.000000000000000278e-02 1.000000000000000056e-01 1.749999999999999889e-01 7.500000000000001110e-02 1.499999999999999944e-01
0.000000000000000000e+00 0.000000000000000000e+00 0.000000000000000000e+00 0.000000000000000000e+00 0.000000000000000000e+00 0.000000000000000000e+00 0.000000000000000000e+00 0.000000000000000000e+00 0.000000000000000000e+00 0.000000000000000000e+00 0.000000000000000000e+00 0.000000000000000000e+00 5.000000000000000278e-02 7.500000000000001110e-02 2.500000000000000139e-02 5.000000000000000278e-02 7.500000000000001110e-02 5.000000000000000278e-02 1.250000000000000000e-01 7.500000000000001110e-02
0.000000000000000000e+00 0.000000000000000000e+00 0.000000000000000000e+00 0.000000000000000000e+00 0.000000000000000000e+00 0.000000000000000000e+00 0.000000000000000000e+00 0.000000000000000000e+00 0.000000000000000000e+00 2.500000000000000139e-02 0.000000000000000000e+00 0.000000000000000000e+00 2.500000000000000139e-02 5.000000000000000278e-02 5.000000000000000278e-02 5.000000000000000278e-02 1.250000000000000000e-01 1.250000000000000000e-01 7.500000000000001110e-02 1.749999999999999889e-01
0.000000000000000000e+00 0.000000000000000000e+00 0.000000000000000000e+00 0.000000000000000000e+00 0.000000000000000000e+00 0.000000000000000000e+00 2.500000000000000139e-02 0.000000000000000000e+00 0.000000000000000000e+00 2.500000000000000139e-02 0.000000000000000000e+00 0.000000000000000000e+00 0.000000000000000000e+00 0.000000000000000000e+00 5.000000000000000278e-02 7.500000000000001110e-02 5.000000000000000278e-02 5.000000000000000278e-02 7.500000000000001110e-02 1.000000000000000056e-01
0.000000000000000000e+00 0.000000000000000000e+00 0.000000000000000000e+00 0.000000000000000000e+00 0.000000000000000000e+00 0.000000000000000000e+00 0.000000000000000000e+00 0.000000000000000000e+00 0.000000000000000000e+00 0.000000000000000000e+00 0.000000000000000000e+00 0.000000000000000000e+00 0.000000000000000000e+00 2.500000000000000139e-02 5.000000000000000278e-02 7.500000000000001110e-02 7.500000000000001110e-02 1.250000000000000000e-01 1.000000000000000056e-01 1.000000000000000056e-01
0.000000000000000000e+00 0.000000000000000000e+00 0.000000000000000000e+00 0.000000000000000000e+00 0.000000000000000000e+00 0.000000000000000000e+00 0.000000000000000000e+00 0.000000000000000000e+00 0.000000000000000000e+00 0.000000000000000000e+00 0.000000000000000000e+00 0.000000000000000000e+00 0.000000000000000000e+00 7.500000000000001110e-02 5.000000000000000278e-02 5.000000000000000278e-02 7.500000000000001110e-02 1.000000000000000056e-01 7.500000000000001110e-02 1.499999999999999944e-01
0.000000000000000000e+00 0.000000000000000000e+00 0.000000000000000000e+00 0.000000000000000000e+00 0.000000000000000000e+00 0.000000000000000000e+00 0.000000000000000000e+00 0.000000000000000000e+00 0.000000000000000000e+00 2.500000000000000139e-02 0.000000000000000000e+00 0.000000000000000000e+00 2.500000000000000139e-02 0.000000000000000000e+00 2.500000000000000139e-02 0.000000000000000000e+00 1.000000000000000056e-01 1.250000000000000000e-01 1.499999999999999944e-01 0.000000000000000000e+00
0.000000000000000000e+00 0.000000000000000000e+00 0.000000000000000000e+00 0.000000000000000000e+00 0.000000000000000000e+00 0.000000000000000000e+00 0.000000000000000000e+00 0.000000000000000000e+00 0.000000000000000000e+00 0.000000000000000000e+00 0.000000000000000000e+00 2.500000000000000139e-02 0.000000000000000000e+00 0.000000000000000000e+00 2.500000000000000139e-02 2.500000000000000139e-02 5.000000000000000278e-02 1.000000000000000056e-01 1.250000000000000000e-01 1.000000000000000056e-01
0.000000000000000000e+00 0.000000000000000000e+00 0.000000000000000000e+00 0.000000000000000000e+00 0.000000000000000000e+00 0.000000000000000000e+00 0.000000000000000000e+00 2.500000000000000139e-02 0.000000000000000000e+00 0.000000000000000000e+00 2.500000000000000139e-02 5.000000000000000278e-02 2.500000000000000139e-02 0.000000000000000000e+00 2.500000000000000139e-02 2.500000000000000139e-02 2.500000000000000139e-02 0.000000000000000000e+00 7.500000000000001110e-02 5.000000000000000278e-02
0.000000000000000000e+00 0.000000000000000000e+00 0.000000000000000000e+00 0.000000000000000000e+00 0.000000000000000000e+00 0.000000000000000000e+00 0.000000000000000000e+00 0.000000000000000000e+00 0.000000000000000000e+00 0.000000000000000000e+00 5.000000000000000278e-02 0.000000000000000000e+00 0.000000000000000000e+00 2.500000000000000139e-02 0.000000000000000000e+00 2.500000000000000139e-02 2.500000000000000139e-02 2.500000000000000139e-02 2.500000000000000139e-02 2.500000000000000139e-02
0.000000000000000000e+00 0.000000000000000000e+00 0.000000000000000000e+00 0.000000000000000000e+00 0.000000000000000000e+00 0.000000000000000000e+00 0.000000000000000000e+00 0.000000000000000000e+00 0.000000000000000000e+00 0.000000000000000000e+00 0.000000000000000000e+00 0.000000000000000000e+00 2.500000000000000139e-02 0.000000000000000000e+00 2.500000000000000139e-02 5.000000000000000278e-02 2.500000000000000139e-02 5.000000000000000278e-02 1.000000000000000056e-01 1.000000000000000056e-01
0.000000000000000000e+00 0.000000000000000000e+00 0.000000000000000000e+00 0.000000000000000000e+00 0.000000000000000000e+00 0.000000000000000000e+00 0.000000000000000000e+00 0.000000000000000000e+00 2.500000000000000139e-02 0.000000000000000000e+00 0.000000000000000000e+00 0.000000000000000000e+00 0.000000000000000000e+00 0.000000000000000000e+00 0.000000000000000000e+00 0.000000000000000000e+00 0.000000000000000000e+00 7.500000000000001110e-02 5.000000000000000278e-02 2.500000000000000139e-02
0.000000000000000000e+00 0.000000000000000000e+00 0.000000000000000000e+00 0.000000000000000000e+00 0.000000000000000000e+00 0.000000000000000000e+00 0.000000000000000000e+00 0.000000000000000000e+00 0.000000000000000000e+00 0.000000000000000000e+00 0.000000000000000000e+00 0.000000000000000000e+00 0.000000000000000000e+00 0.000000000000000000e+00 0.000000000000000000e+00 2.500000000000000139e-02 5.000000000000000278e-02 2.500000000000000139e-02 2.500000000000000139e-02 1.250000000000000000e-01
0.000000000000000000e+00 0.000000000000000000e+00 0.000000000000000000e+00 0.000000000000000000e+00 0.000000000000000000e+00 0.000000000000000000e+00 0.000000000000000000e+00 0.000000000000000000e+00 0.000000000000000000e+00 0.000000000000000000e+00 0.000000000000000000e+00 0.000000000000000000e+00 0.000000000000000000e+00 2.500000000000000139e-02 0.000000000000000000e+00 0.000000000000000000e+00 2.500000000000000139e-02 2.500000000000000139e-02 2.500000000000000139e-02 1.000000000000000056e-01
0.000000000000000000e+00 0.000000000000000000e+00 0.000000000000000000e+00 0.000000000000000000e+00 0.000000000000000000e+00 0.000000000000000000e+00 0.000000000000000000e+00 0.000000000000000000e+00 0.000000000000000000e+00 0.000000000000000000e+00 0.000000000000000000e+00 0.000000000000000000e+00 0.000000000000000000e+00 0.000000000000000000e+00 0.000000000000000000e+00 2.500000000000000139e-02 0.000000000000000000e+00 2.500000000000000139e-02 2.500000000000000139e-02 7.500000000000001110e-02
0.000000000000000000e+00 0.000000000000000000e+00 0.000000000000000000e+00 0.000000000000000000e+00 0.000000000000000000e+00 0.000000000000000000e+00 0.000000000000000000e+00 0.000000000000000000e+00 0.000000000000000000e+00 0.000000000000000000e+00 0.000000000000000000e+00 0.000000000000000000e+00 0.000000000000000000e+00 0.000000000000000000e+00 0.000000000000000000e+00 0.000000000000000000e+00 0.000000000000000000e+00 0.000000000000000000e+00 7.500000000000001110e-02 7.500000000000001110e-02
0.000000000000000000e+00 0.000000000000000000e+00 0.000000000000000000e+00 0.000000000000000000e+00 0.000000000000000000e+00 0.000000000000000000e+00 0.000000000000000000e+00 0.000000000000000000e+00 0.000000000000000000e+00 0.000000000000000000e+00 0.000000000000000000e+00 0.000000000000000000e+00 0.000000000000000000e+00 0.000000000000000000e+00 2.500000000000000139e-02 0.000000000000000000e+00 0.000000000000000000e+00 5.000000000000000278e-02 2.500000000000000139e-02 5.000000000000000278e-02
0.000000000000000000e+00 0.000000000000000000e+00 0.000000000000000000e+00 0.000000000000000000e+00 0.000000000000000000e+00 0.000000000000000000e+00 0.000000000000000000e+00 0.000000000000000000e+00 0.000000000000000000e+00 2.500000000000000139e-02 0.000000000000000000e+00 0.000000000000000000e+00 0.000000000000000000e+00 0.000000000000000000e+00 0.000000000000000000e+00 0.000000000000000000e+00 0.000000000000000000e+00 0.000000000000000000e+00 0.000000000000000000e+00 0.000000000000000000e+00
0.000000000000000000e+00 0.000000000000000000e+00 0.000000000000000000e+00 0.000000000000000000e+00 0.000000000000000000e+00 0.000000000000000000e+00 0.000000000000000000e+00 0.000000000000000000e+00 0.000000000000000000e+00 0.000000000000000000e+00 0.000000000000000000e+00 0.000000000000000000e+00 0.000000000000000000e+00 0.000000000000000000e+00 0.000000000000000000e+00 0.000000000000000000e+00 2.500000000000000139e-02 0.000000000000000000e+00 0.000000000000000000e+00 0.000000000000000000e+00
0.000000000000000000e+00 0.000000000000000000e+00 0.000000000000000000e+00 0.000000000000000000e+00 0.000000000000000000e+00 0.000000000000000000e+00 0.000000000000000000e+00 0.000000000000000000e+00 0.000000000000000000e+00 0.000000000000000000e+00 2.500000000000000139e-02 0.000000000000000000e+00 2.500000000000000139e-02 0.000000000000000000e+00 0.000000000000000000e+00 0.000000000000000000e+00 0.000000000000000000e+00 2.500000000000000139e-02 0.000000000000000000e+00 2.500000000000000139e-02
0.000000000000000000e+00 0.000000000000000000e+00 0.000000000000000000e+00 0.000000000000000000e+00 0.000000000000000000e+00 0.000000000000000000e+00 0.000000000000000000e+00 0.000000000000000000e+00 0.000000000000000000e+00 0.000000000000000000e+00 0.000000000000000000e+00 0.000000000000000000e+00 0.000000000000000000e+00 0.000000000000000000e+00 0.000000000000000000e+00 2.500000000000000139e-02 0.000000000000000000e+00 0.000000000000000000e+00 2.500000000000000139e-02 2.500000000000000139e-02
0.000000000000000000e+00 0.000000000000000000e+00 0.000000000000000000e+00 0.000000000000000000e+00 0.000000000000000000e+00 0.000000000000000000e+00 0.000000000000000000e+00 0.000000000000000000e+00 0.000000000000000000e+00 0.000000000000000000e+00 0.000000000000000000e+00 2.500000000000000139e-02 0.000000000000000000e+00 0.000000000000000000e+00 0.000000000000000000e+00 0.000000000000000000e+00 2.500000000000000139e-02 0.000000000000000000e+00 0.000000000000000000e+00 0.000000000000000000e+00
0.000000000000000000e+00 0.000000000000000000e+00 0.000000000000000000e+00 0.000000000000000000e+00 0.000000000000000000e+00 0.000000000000000000e+00 0.000000000000000000e+00 0.000000000000000000e+00 0.000000000000000000e+00 0.000000000000000000e+00 0.000000000000000000e+00 0.000000000000000000e+00 0.000000000000000000e+00 2.500000000000000139e-02 0.000000000000000000e+00 0.000000000000000000e+00 0.000000000000000000e+00 0.000000000000000000e+00 0.000000000000000000e+00 0.000000000000000000e+00
0.000000000000000000e+00 0.000000000000000000e+00 0.000000000000000000e+00 0.000000000000000000e+00 0.000000000000000000e+00 0.000000000000000000e+00 0.000000000000000000e+00 0.000000000000000000e+00 0.000000000000000000e+00 0.000000000000000000e+00 0.000000000000000000e+00 0.000000000000000000e+00 0.000000000000000000e+00 0.000000000000000000e+00 0.000000000000000000e+00 0.000000000000000000e+00 0.000000000000000000e+00 0.000000000000000000e+00 0.000000000000000000e+00 0.000000000000000000e+00
0.000000000000000000e+00 0.000000000000000000e+00 0.000000000000000000e+00 0.000000000000000000e+00 0.000000000000000000e+00 0.000000000000000000e+00 0.000000000000000000e+00 0.000000000000000000e+00 0.000000000000000000e+00 0.000000000000000000e+00 0.000000000000000000e+00 0.000000000000000000e+00 0.000000000000000000e+00 0.000000000000000000e+00 0.000000000000000000e+00 0.000000000000000000e+00 0.000000000000000000e+00 2.500000000000000139e-02 0.000000000000000000e+00 2.500000000000000139e-02
0.000000000000000000e+00 0.000000000000000000e+00 0.000000000000000000e+00 0.000000000000000000e+00 0.000000000000000000e+00 0.000000000000000000e+00 0.000000000000000000e+00 0.000000000000000000e+00 0.000000000000000000e+00 0.000000000000000000e+00 0.000000000000000000e+00 0.000000000000000000e+00 0.000000000000000000e+00 0.000000000000000000e+00 2.500000000000000139e-02 0.000000000000000000e+00 0.000000000000000000e+00 0.000000000000000000e+00 2.500000000000000139e-02 0.000000000000000000e+00
0.000000000000000000e+00 0.000000000000000000e+00 0.000000000000000000e+00 0.000000000000000000e+00 0.000000000000000000e+00 0.000000000000000000e+00 0.000000000000000000e+00 0.000000000000000000e+00 0.000000000000000000e+00 0.000000000000000000e+00 0.000000000000000000e+00 0.000000000000000000e+00 0.000000000000000000e+00 0.000000000000000000e+00 0.000000000000000000e+00 0.000000000000000000e+00 0.000000000000000000e+00 0.000000000000000000e+00 2.500000000000000139e-02 5.000000000000000278e-02
0.000000000000000000e+00 0.000000000000000000e+00 0.000000000000000000e+00 0.000000000000000000e+00 0.000000000000000000e+00 0.000000000000000000e+00 0.000000000000000000e+00 0.000000000000000000e+00 0.000000000000000000e+00 0.000000000000000000e+00 0.000000000000000000e+00 0.000000000000000000e+00 0.000000000000000000e+00 0.000000000000000000e+00 0.000000000000000000e+00 0.000000000000000000e+00 0.000000000000000000e+00 0.000000000000000000e+00 0.000000000000000000e+00 0.000000000000000000e+00
0.000000000000000000e+00 0.000000000000000000e+00 0.000000000000000000e+00 0.000000000000000000e+00 0.000000000000000000e+00 0.000000000000000000e+00 0.000000000000000000e+00 0.000000000000000000e+00 0.000000000000000000e+00 0.000000000000000000e+00 0.000000000000000000e+00 0.000000000000000000e+00 0.000000000000000000e+00 0.000000000000000000e+00 0.000000000000000000e+00 2.500000000000000139e-02 0.000000000000000000e+00 0.000000000000000000e+00 0.000000000000000000e+00 0.000000000000000000e+00
0.000000000000000000e+00 0.000000000000000000e+00 0.000000000000000000e+00 0.000000000000000000e+00 0.000000000000000000e+00 0.000000000000000000e+00 0.000000000000000000e+00 0.000000000000000000e+00 0.000000000000000000e+00 0.000000000000000000e+00 0.000000000000000000e+00 0.000000000000000000e+00 0.000000000000000000e+00 0.000000000000000000e+00 0.000000000000000000e+00 0.000000000000000000e+00 2.500000000000000139e-02 0.000000000000000000e+00 0.000000000000000000e+00 0.000000000000000000e+00
0.000000000000000000e+00 0.000000000000000000e+00 0.000000000000000000e+00 0.000000000000000000e+00 0.000000000000000000e+00 0.000000000000000000e+00 0.000000000000000000e+00 0.000000000000000000e+00 0.000000000000000000e+00 0.000000000000000000e+00 0.000000000000000000e+00 0.000000000000000000e+00 0.000000000000000000e+00 0.000000000000000000e+00 0.000000000000000000e+00 0.000000000000000000e+00 0.000000000000000000e+00 0.000000000000000000e+00 0.000000000000000000e+00 0.000000000000000000e+00
0.000000000000000000e+00 0.000000000000000000e+00 0.000000000000000000e+00 0.000000000000000000e+00 0.000000000000000000e+00 0.000000000000000000e+00 0.000000000000000000e+00 0.000000000000000000e+00 0.000000000000000000e+00 0.000000000000000000e+00 0.000000000000000000e+00 0.000000000000000000e+00 0.000000000000000000e+00 0.000000000000000000e+00 0.000000000000000000e+00 0.000000000000000000e+00 0.000000000000000000e+00 0.000000000000000000e+00 0.000000000000000000e+00 0.000000000000000000e+00
0.000000000000000000e+00 0.000000000000000000e+00 0.000000000000000000e+00 0.000000000000000000e+00 0.000000000000000000e+00 0.000000000000000000e+00 0.000000000000000000e+00 0.000000000000000000e+00 0.000000000000000000e+00 0.000000000000000000e+00 0.000000000000000000e+00 0.000000000000000000e+00 0.000000000000000000e+00 0.000000000000000000e+00 0.000000000000000000e+00 0.000000000000000000e+00 0.000000000000000000e+00 2.500000000000000139e-02 0.000000000000000000e+00 0.000000000000000000e+00
0.000000000000000000e+00 0.000000000000000000e+00 0.000000000000000000e+00 0.000000000000000000e+00 0.000000000000000000e+00 0.000000000000000000e+00 0.000000000000000000e+00 0.000000000000000000e+00 0.000000000000000000e+00 0.000000000000000000e+00 0.000000000000000000e+00 0.000000000000000000e+00 0.000000000000000000e+00 0.000000000000000000e+00 0.000000000000000000e+00 0.000000000000000000e+00 0.000000000000000000e+00 0.000000000000000000e+00 0.000000000000000000e+00 0.000000000000000000e+00
0.000000000000000000e+00 0.000000000000000000e+00 0.000000000000000000e+00 0.000000000000000000e+00 0.000000000000000000e+00 0.000000000000000000e+00 0.000000000000000000e+00 0.000000000000000000e+00 0.000000000000000000e+00 0.000000000000000000e+00 0.000000000000000000e+00 0.000000000000000000e+00 0.000000000000000000e+00 0.000000000000000000e+00 0.000000000000000000e+00 0.000000000000000000e+00 0.000000000000000000e+00 0.000000000000000000e+00 2.500000000000000139e-02 2.500000000000000139e-02
