7.016621270781815602e-04 7.365134246351720234e-04 7.730957732130631400e-04 8.114951534738963201e-04 8.518018167072998912e-04 8.941104969509800849e-04 9.385206336471497036e-04 9.851366053582289936e-04 1.034067975091111430e-03 1.085429747806598713e-03 1.139342640719231579e-03 1.195933367022817455e-03 1.255334933708490610e-03 1.317686954175293886e-03 1.383135976368009192e-03 1.451835827213469876e-03 1.523947974164901846e-03 1.599641904704031696e-03 1.679095524692928235e-03 1.762495576511834573e-03
4.659499999999999886e+02 4.578750000000000568e+02 4.502499999999998863e+02 4.421749999999999545e+02 4.352000000000001592e+02 4.264000000000000909e+02 4.188750000000000568e+02 4.109500000000000455e+02 4.031750000000000114e+02 3.954749999999999091e+02 3.890249999999999773e+02 3.823000000000000114e+02 3.755750000000001023e+02 3.699749999999999659e+02 3.632749999999999773e+02 3.565250000000000909e+02 3.490999999999999659e+02 3.421749999999999545e+02 3.366249999999999432e+02 3.304750000000000227e+02
6.565750000000000455e+02 6.550499999999998408e+02 6.538250000000001592e+02 6.534249999999999545e+02 6.518000000000000682e+02 6.519750000000001364e+02 6.513500000000000227e+02 6.499750000000001364e+02 6.496500000000002046e+02 6.490250000000002046e+02 6.472500000000000000e+02 6.450250000000000909e+02 6.435249999999998636e+02 6.405249999999999773e+02 6.386250000000000000e+02 6.373750000000001137e+02 6.354249999999999545e+02 6.337000000000000455e+02 6.308250000000000455e+02 6.283750000000002274e+02
3.973749999999999432e+02 4.009000000000000341e+02 4.030250000000001478e+02 4.056499999999999773e+02 4.070000000000000568e+02 4.085749999999999886e+02 4.096250000000000000e+02 4.123499999999999659e+02 4.126000000000000796e+02 4.143750000000000000e+02 4.170500000000000114e+02 4.191500000000000341e+02 4.202750000000000341e+02 4.219750000000000227e+02 4.239500000000000455e+02 4.256750000000000682e+02 4.289000000000000341e+02 4.304249999999999545e+02 4.322749999999999773e+02 4.336999999999999318e+02
1.967750000000000057e+02 1.980999999999999659e+02 2.004250000000000398e+02 2.021249999999999716e+02 2.043000000000000398e+02 2.064500000000000171e+02 2.097500000000000284e+02 2.118749999999999716e+02 2.140999999999999375e+02 2.160999999999999659e+02 2.172249999999999659e+02 2.197000000000000455e+02 2.220999999999999943e+02 2.244250000000000114e+02 2.261750000000000114e+02 2.274499999999999886e+02 2.282000000000000171e+02 2.303499999999999659e+02 2.312499999999999432e+02 2.334749999999999659e+02
9.504999999999999716e+01 9.659999999999999432e+01 9.850000000000000000e+01 9.914999999999993463e+01 1.007000000000000028e+02 1.020250000000000199e+02 1.024000000000000057e+02 1.038999999999999915e+02 1.062999999999999972e+02 1.078750000000000000e+02 1.097250000000000085e+02 1.094249999999999972e+02 1.099250000000000114e+02 1.107500000000000000e+02 1.123749999999999858e+02 1.145250000000000057e+02 1.168000000000000114e+02 1.181250000000000284e+02 1.204249999999999829e+02 1.207499999999999716e+02
5.220000000000000995e+01 5.360000000000000142e+01 5.395000000000000284e+01 5.480000000000000426e+01 5.557500000000000284e+01 5.644999999999998863e+01 5.680000000000000426e+01 5.772500000000000853e+01 5.787500000000000711e+01 5.835000000000000853e+01 5.807500000000000995e+01 6.050000000000000711e+01 6.214999999999999858e+01 6.232500000000000995e+01 6.342500000000000426e+01 6.425000000000001421e+01 6.365000000000001279e+01 6.554999999999999716e+01 6.572499999999999432e+01 6.760000000000000853e+01
3.170000000000000284e+01 3.234999999999999432e+01 3.217499999999999716e+01 3.262500000000000000e+01 3.290000000000000568e+01 3.380000000000000426e+01 3.550000000000000711e+01 3.532500000000000284e+01 3.617499999999999716e+01 3.692499999999999005e+01 3.774999999999999289e+01 3.839999999999999858e+01 3.894999999999999574e+01 4.017499999999998295e+01 3.977499999999999147e+01 3.977499999999998437e+01 4.165000000000000568e+01 4.155000000000000426e+01 4.247500000000000142e+01 4.192499999999999716e+01
2.177499999999999858e+01 2.140000000000000213e+01 2.167499999999999716e+01 2.187499999999999645e+01 2.290000000000000213e+01 2.345000000000000284e+01 2.372499999999999787e+01 2.444999999999999929e+01 2.512499999999999645e+01 2.502499999999999147e+01 2.517500000000000426e+01 2.522500000000000142e+01 2.440000000000000568e+01 2.495000000000000284e+01 2.562500000000000711e+01 2.602500000000000213e+01 2.585000000000000142e+01 2.572500000000000497e+01 2.607499999999999929e+01 2.742499999999999716e+01
1.470000000000000107e+01 1.489999999999999680e+01 1.527500000000000036e+01 1.599999999999999822e+01 1.617500000000000071e+01 1.610000000000000142e+01 1.580000000000000071e+01 1.612500000000000000e+01 1.609999999999999787e+01 1.632500000000000284e+01 1.682500000000000284e+01 1.687499999999999645e+01 1.814999999999999858e+01 1.812499999999999645e+01 1.877500000000000213e+01 1.864999999999999503e+01 1.905000000000000071e+01 1.919999999999999574e+01 1.897500000000000142e+01 1.947500000000000142e+01
1.134999999999999787e+01 1.062500000000000178e+01 1.102500000000000391e+01 1.129999999999999893e+01 1.182499999999999574e+01 1.187500000000000000e+01 1.187500000000000533e+01 1.212500000000000178e+01 1.210000000000000142e+01 1.280000000000000071e+01 1.262500000000000000e+01 1.292500000000000249e+01 1.274999999999999822e+01 1.332499999999999929e+01 1.297499999999999787e+01 1.317499999999999893e+01 1.395000000000000107e+01 1.447499999999999787e+01 1.487500000000000178e+01 1.534999999999999964e+01
7.825000000000000178e+00 8.825000000000001066e+00 9.049999999999998934e+00 8.750000000000000000e+00 8.200000000000001066e+00 8.500000000000001776e+00 9.249999999999998224e+00 9.024999999999998579e+00 9.599999999999997868e+00 9.324999999999997513e+00 9.575000000000001066e+00 9.549999999999997158e+00 1.014999999999999858e+01 1.024999999999999822e+01 1.092499999999999893e+01 1.080000000000000426e+01 1.007499999999999751e+01 1.057500000000000107e+01 1.057499999999999929e+01 1.112500000000000178e+01
6.699999999999998401e+00 6.650000000000001243e+00 6.649999999999999467e+00 6.824999999999999289e+00 6.850000000000001421e+00 7.575000000000000178e+00 6.750000000000001776e+00 7.074999999999998401e+00 7.375000000000000000e+00 7.800000000000001599e+00 8.000000000000000000e+00 7.675000000000002487e+00 7.900000000000001243e+00 8.300000000000002487e+00 7.725000000000001421e+00 8.149999999999998579e+00 8.675000000000004263e+00 8.174999999999997158e+00 8.425000000000002487e+00 8.775000000000000355e+00
5.049999999999999822e+00 5.149999999999999467e+00 5.100000000000000533e+00 5.300000000000001599e+00 5.475000000000000533e+00 4.625000000000000000e+00 5.500000000000000000e+00 5.725000000000001421e+00 5.674999999999999822e+00 5.549999999999999822e+00 5.699999999999999289e+00 6.400000000000002132e+00 6.424999999999999822e+00 5.750000000000000888e+00 6.299999999999999822e+00 6.099999999999997868e+00 6.324999999999998401e+00 6.774999999999999467e+00 7.250000000000001776e+00 6.875000000000000888e+00
3.925000000000000266e+00 3.674999999999999378e+00 4.074999999999999289e+00 4.500000000000000888e+00 4.724999999999999645e+00 4.850000000000000533e+00 4.575000000000000178e+00 4.000000000000000888e+00 4.424999999999999822e+00 4.125000000000000000e+00 4.525000000000001243e+00 4.400000000000000355e+00 4.849999999999999645e+00 5.049999999999998046e+00 5.100000000000000533e+00 6.000000000000000000e+00 5.450000000000000178e+00 5.599999999999999645e+00 6.149999999999998579e+00 5.750000000000000888e+00
3.824999999999999734e+00 3.999999999999999556e+00 3.675000000000001155e+00 3.674999999999999378e+00 3.700000000000000622e+00 3.800000000000000266e+00 4.225000000000000533e+00 4.300000000000001599e+00 3.949999999999998845e+00 4.625000000000000000e+00 4.049999999999999822e+00 4.274999999999999467e+00 4.000000000000000888e+00 4.200000000000000178e+00 4.500000000000000000e+00 3.900000000000000799e+00 4.350000000000000533e+00 4.375000000000000000e+00 4.050000000000001599e+00 4.424999999999998934e+00
3.050000000000000266e+00 3.549999999999999378e+00 3.650000000000000799e+00 3.224999999999999645e+00 3.150000000000000355e+00 3.425000000000000711e+00 3.000000000000000444e+00 3.225000000000000089e+00 3.750000000000000888e+00 3.174999999999998934e+00 3.799999999999999822e+00 3.774999999999999467e+00 3.649999999999999911e+00 4.050000000000001599e+00 4.024999999999998579e+00 3.799999999999999822e+00 3.875000000000000000e+00 3.675000000000000266e+00 3.975000000000000089e+00 3.750000000000000000e+00
2.725000000000000089e+00 2.674999999999999822e+00 2.850000000000000089e+00 3.175000000000000266e+00 3.125000000000000000e+00 2.750000000000000000e+00 2.649999999999999911e+00 2.974999999999999645e+00 2.699999999999999289e+00 3.074999999999999289e+00 2.849999999999999645e+00 2.774999999999999023e+00 2.975000000000000533e+00 2.899999999999999911e+00 3.125000000000000888e+00 3.325000000000000622e+00 3.324999999999999289e+00 3.724999999999999201e+00 3.449999999999999734e+00 3.699999999999999289e+00
2.625000000000000000e+00 2.675000000000000266e+00 2.625000000000000000e+00 2.475000000000000089e+00 2.349999999999998757e+00 2.500000000000000444e+00 2.575000000000000178e+00 2.799999999999999822e+00 2.474999999999999645e+00 2.374999999999999556e+00 3.074999999999999289e+00 2.850000000000000089e+00 2.574999999999999289e+00 2.999999999999999556e+00 2.699999999999999734e+00 3.075000000000000178e+00 3.050000000000000711e+00 2.925000000000001155e+00 2.849999999999999201e+00 2.750000000000000444e+00
2.049999999999999822e+00 1.824999999999999734e+00 2.324999999999999734e+00 2.024999999999999467e+00 2.199999999999999734e+00 2.299999999999999378e+00 2.900000000000000355e+00 2.500000000000000000e+00 2.400000000000000355e+00 2.125000000000000000e+00 1.850000000000000533e+00 2.274999999999999911e+00 2.524999999999999467e+00 2.424999999999999378e+00 2.524999999999999467e+00 2.724999999999999201e+00 2.724999999999999645e+00 2.799999999999999822e+00 2.824999999999999734e+00 2.599999999999999645e+00
2.149999999999999467e+00 2.074999999999999289e+00 1.874999999999999778e+00 2.149999999999999023e+00 2.099999999999999645e+00 2.025000000000000355e+00 1.724999999999999867e+00 1.974999999999999867e+00 2.225000000000000089e+00 2.575000000000000178e+00 2.324999999999999289e+00 2.250000000000000000e+00 2.099999999999999645e+00 1.975000000000000089e+00 1.924999999999999600e+00 2.199999999999999734e+00 2.325000000000000178e+00 2.499999999999999112e+00 2.475000000000000089e+00 2.299999999999999822e+00
1.799999999999999600e+00 1.675000000000000044e+00 1.750000000000000000e+00 1.899999999999999689e+00 2.149999999999999911e+00 2.000000000000000000e+00 1.924999999999999822e+00 1.649999999999999689e+00 1.700000000000000178e+00 1.874999999999999778e+00 1.900000000000000133e+00 2.075000000000000178e+00 2.199999999999999734e+00 2.249999999999999556e+00 2.424999999999999822e+00 2.224999999999999645e+00 2.049999999999999822e+00 1.774999999999999911e+00 2.074999999999999734e+00 2.049999999999999822e+00
1.500000000000000000e+00 1.649999999999999689e+00 1.749999999999999778e+00 1.674999999999999600e+00 1.874999999999999556e+00 1.749999999999999556e+00 1.774999999999999467e+00 1.824999999999999512e+00 1.974999999999999867e+00 1.949999999999999734e+00 1.875000000000000000e+00 1.849999999999999645e+00 1.774999999999999689e+00 1.799999999999999600e+00 1.799999999999999600e+00 1.574999999999999734e+00 2.100000000000000089e+00 2.049999999999999378e+00 2.000000000000000444e+00 2.074999999999999734e+00
1.274999999999999911e+00 1.274999999999999911e+00 1.100000000000000089e+00 1.150000000000000133e+00 1.149999999999999911e+00 1.699999999999999956e+00 1.250000000000000000e+00 1.224999999999999867e+00 1.374999999999999778e+00 1.600000000000000089e+00 1.475000000000000089e+00 1.599999999999999645e+00 1.849999999999999867e+00 1.675000000000000266e+00 1.824999999999999734e+00 1.650000000000000133e+00 1.699999999999999512e+00 1.675000000000000044e+00 1.649999999999999689e+00 1.850000000000000089e+00
1.199999999999999734e+00 1.500000000000000222e+00 1.299999999999999822e+00 1.274999999999999689e+00 1.424999999999999822e+00 1.374999999999999556e+00 1.650000000000000133e+00 1.624999999999999778e+00 1.250000000000000000e+00 1.175000000000000044e+00 1.399999999999999911e+00 1.249999999999999778e+00 1.399999999999999467e+00 1.374999999999999778e+00 1.550000000000000266e+00 1.750000000000000222e+00 1.600000000000000089e+00 1.649999999999999911e+00 1.674999999999999600e+00 1.949999999999999734e+00
9.000000000000002442e-01 1.125000000000000000e+00 1.050000000000000044e+00 1.075000000000000400e+00 1.300000000000000044e+00 1.400000000000000133e+00 1.375000000000000222e+00 1.475000000000000089e+00 1.375000000000000222e+00 1.249999999999999778e+00 1.300000000000000044e+00 1.199999999999999512e+00 1.350000000000000311e+00 1.250000000000000000e+00 9.250000000000002665e-01 1.125000000000000000e+00 1.100000000000000089e+00 1.250000000000000000e+00 1.349999999999999867e+00 1.274999999999999911e+00
1.000000000000000444e+00 1.000000000000000222e+00 1.075000000000000178e+00 1.025000000000000355e+00 8.500000000000001998e-01 8.500000000000003109e-01 1.100000000000000533e+00 9.750000000000003109e-01 1.075000000000000400e+00 1.224999999999999867e+00 1.199999999999999956e+00 1.224999999999999867e+00 1.250000000000000000e+00 1.300000000000000044e+00 1.299999999999999822e+00 1.174999999999999378e+00 1.224999999999999867e+00 1.324999999999999956e+00 1.150000000000000133e+00 1.400000000000000133e+00
9.250000000000001554e-01 8.500000000000005329e-01 1.150000000000000355e+00 8.250000000000002887e-01 8.000000000000002665e-01 9.000000000000002442e-01 7.750000000000003553e-01 1.150000000000000577e+00 1.150000000000000133e+00 1.075000000000000178e+00 1.225000000000000311e+00 1.399999999999999911e+00 1.100000000000000089e+00 1.225000000000000089e+00 1.025000000000000133e+00 1.174999999999999822e+00 1.224999999999999867e+00 1.125000000000000222e+00 1.075000000000000400e+00 9.000000000000003553e-01
8.250000000000002887e-01 8.250000000000001776e-01 5.500000000000000444e-01 9.500000000000003997e-01 1.025000000000000355e+00 6.750000000000002665e-01 1.000000000000000222e+00 8.750000000000003331e-01 1.050000000000000044e+00 1.025000000000000355e+00 8.250000000000002887e-01 7.000000000000000666e-01 7.250000000000003109e-01 1.100000000000000089e+00 1.125000000000000000e+00 1.225000000000000311e+00 1.149999999999999911e+00 9.250000000000002665e-01 1.274999999999999911e+00 1.025000000000000577e+00
9.000000000000003553e-01 7.000000000000001776e-01 9.750000000000001998e-01 1.225000000000000311e+00 9.250000000000003775e-01 8.250000000000001776e-01 9.750000000000003109e-01 9.000000000000003553e-01 9.500000000000002887e-01 9.500000000000005107e-01 9.250000000000001554e-01 8.250000000000001776e-01 9.750000000000004219e-01 7.250000000000001998e-01 7.500000000000002220e-01 8.500000000000003109e-01 7.500000000000003331e-01 9.000000000000002442e-01 1.000000000000000222e+00 1.274999999999999911e+00
8.000000000000001554e-01 8.500000000000001998e-01 8.500000000000004219e-01 6.750000000000002665e-01 7.500000000000002220e-01 7.500000000000002220e-01 8.750000000000003331e-01 7.500000000000003331e-01 8.000000000000002665e-01 8.250000000000002887e-01 1.050000000000000266e+00 9.250000000000002665e-01 7.000000000000001776e-01 7.000000000000002887e-01 1.149999999999999911e+00 7.750000000000002442e-01 9.750000000000000888e-01 1.000000000000000444e+00 8.500000000000001998e-01 9.250000000000002665e-01
6.500000000000002442e-01 5.000000000000001110e-01 4.750000000000000333e-01 5.750000000000000666e-01 7.000000000000001776e-01 8.250000000000002887e-01 6.500000000000002442e-01 7.500000000000001110e-01 6.250000000000002220e-01 7.000000000000000666e-01 7.250000000000003109e-01 1.025000000000000133e+00 8.750000000000003331e-01 8.000000000000001554e-01 6.500000000000001332e-01 7.500000000000001110e-01 6.750000000000000444e-01 8.000000000000000444e-01 8.500000000000001998e-01 8.750000000000002220e-01
5.250000000000001332e-01 6.250000000000003331e-01 4.250000000000000444e-01 6.250000000000002220e-01 5.500000000000001554e-01 7.750000000000000222e-01 6.750000000000002665e-01 8.000000000000002665e-01 5.500000000000001554e-01 7.000000000000000666e-01 6.000000000000000888e-01 8.000000000000001554e-01 8.000000000000002665e-01 6.750000000000000444e-01 6.000000000000001998e-01 8.000000000000003775e-01 7.750000000000002442e-01 8.500000000000001998e-01 6.750000000000000444e-01 6.750000000000000444e-01
4.500000000000001221e-01 5.250000000000001332e-01 6.000000000000001998e-01 4.249999999999999889e-01 4.749999999999999778e-01 5.500000000000001554e-01 5.500000000000001554e-01 5.250000000000001332e-01 7.000000000000001776e-01 5.750000000000000666e-01 5.500000000000001554e-01 5.250000000000001332e-01 9.500000000000001776e-01 7.500000000000002220e-01 7.500000000000002220e-01 6.500000000000001332e-01 8.000000000000002665e-01 1.000000000000000222e+00 7.250000000000001998e-01 7.500000000000001110e-01
3.499999999999999778e-01 4.750000000000000888e-01 4.750000000000000333e-01 4.250000000000001554e-01 3.750000000000000555e-01 4.249999999999999889e-01 4.250000000000000999e-01 5.250000000000000222e-01 5.250000000000000222e-01 5.250000000000001332e-01 6.250000000000001110e-01 6.000000000000001998e-01 5.250000000000000222e-01 6.750000000000002665e-01 6.500000000000002442e-01 6.000000000000001998e-01 6.500000000000002442e-01 4.500000000000001221e-01 8.000000000000002665e-01 5.750000000000001776e-01
3.000000000000000444e-01 3.999999999999999667e-01 5.250000000000001332e-01 4.500000000000000666e-01 4.250000000000000444e-01 3.750000000000001110e-01 3.500000000000000333e-01 3.500000000000000888e-01 5.500000000000001554e-01 3.750000000000000555e-01 4.500000000000001221e-01 6.000000000000001998e-01 5.500000000000001554e-01 6.000000000000000888e-01 5.500000000000000444e-01 5.500000000000000444e-01 6.000000000000003109e-01 3.999999999999999667e-01 5.250000000000001332e-01 7.000000000000002887e-01
3.750000000000000000e-01 4.000000000000000222e-01 3.500000000000000333e-01 5.500000000000001554e-01 3.999999999999999667e-01 3.750000000000000555e-01 3.250000000000000111e-01 5.500000000000000444e-01 5.500000000000001554e-01 5.750000000000001776e-01 6.000000000000000888e-01 4.250000000000000999e-01 3.000000000000000444e-01 5.500000000000001554e-01 5.250000000000001332e-01 6.000000000000001998e-01 5.000000000000000000e-01 6.000000000000001998e-01 5.000000000000001110e-01 6.500000000000003553e-01
5.500000000000001554e-01 2.999999999999999889e-01 2.999999999999999889e-01 2.750000000000000222e-01 4.500000000000000111e-01 5.250000000000001332e-01 3.750000000000000555e-01 2.999999999999999889e-01 2.750000000000000222e-01 5.500000000000000444e-01 4.250000000000001554e-01 4.750000000000000888e-01 4.500000000000000666e-01 4.500000000000000666e-01 4.750000000000000888e-01 5.500000000000001554e-01 4.750000000000001443e-01 5.250000000000001332e-01 6.000000000000001998e-01 4.500000000000000666e-01
3.250000000000000666e-01 4.000000000000000777e-01 2.749999999999999667e-01 4.750000000000000333e-01 4.500000000000000666e-01 3.750000000000000555e-01 5.250000000000000222e-01 4.500000000000001776e-01 4.500000000000001221e-01 3.750000000000000555e-01 3.500000000000000333e-01 4.500000000000000666e-01 5.500000000000001554e-01 4.000000000000000222e-01 3.249999999999999556e-01 5.000000000000001110e-01 4.500000000000001221e-01 5.000000000000000000e-01 6.500000000000001332e-01 5.250000000000001332e-01
4.000000000000000222e-01 4.500000000000001221e-01 5.500000000000001554e-01 4.500000000000001221e-01 3.750000000000000000e-01 2.750000000000000222e-01 4.250000000000000999e-01 4.000000000000000777e-01 4.000000000000000777e-01 4.500000000000001776e-01 4.250000000000000444e-01 3.250000000000000666e-01 4.250000000000000444e-01 6.500000000000003553e-01 5.250000000000001332e-01 3.250000000000000111e-01 2.999999999999999889e-01 3.750000000000001110e-01 3.500000000000000333e-01 4.250000000000000444e-01
2.499999999999999722e-01 2.999999999999999889e-01 4.250000000000000444e-01 1.750000000000000167e-01 3.499999999999999778e-01 4.000000000000000777e-01 2.249999999999999778e-01 2.249999999999999778e-01 3.250000000000000111e-01 3.500000000000000333e-01 4.500000000000001776e-01 4.500000000000001221e-01 3.500000000000000333e-01 4.250000000000001554e-01 5.250000000000002442e-01 4.000000000000000777e-01 3.500000000000000333e-01 3.750000000000000000e-01 3.500000000000000333e-01 3.249999999999999556e-01
1.749999999999999889e-01 2.499999999999999722e-01 3.250000000000000111e-01 3.499999999999999778e-01 4.500000000000001221e-01 2.499999999999999722e-01 3.500000000000000888e-01 4.250000000000000444e-01 3.499999999999999778e-01 1.999999999999999833e-01 2.749999999999999667e-01 2.749999999999999667e-01 2.499999999999999722e-01 2.499999999999999722e-01 4.000000000000000222e-01 4.250000000000001554e-01 6.250000000000002220e-01 5.250000000000001332e-01 3.000000000000000444e-01 5.500000000000000444e-01
2.249999999999999778e-01 2.249999999999999778e-01 2.499999999999999722e-01 3.500000000000000333e-01 2.749999999999999667e-01 4.000000000000000777e-01 4.750000000000000333e-01 2.499999999999999722e-01 2.249999999999999778e-01 3.500000000000000888e-01 2.999999999999999889e-01 4.250000000000000999e-01 4.750000000000001443e-01 4.250000000000000999e-01 4.250000000000000999e-01 4.250000000000000999e-01 4.250000000000000999e-01 4.000000000000000777e-01 5.250000000000001332e-01 3.499999999999999778e-01
1.000000000000000056e-01 7.500000000000001110e-02 2.749999999999999667e-01 3.500000000000000888e-01 2.749999999999999667e-01 3.500000000000000333e-01 2.749999999999999667e-01 1.749999999999999889e-01 2.000000000000000111e-01 4.250000000000001554e-01 3.250000000000000666e-01 4.500000000000000111e-01 3.000000000000000444e-01 3.250000000000000111e-01 3.250000000000000111e-01 4.000000000000000777e-01 2.749999999999999667e-01 3.500000000000000888e-01 4.000000000000000777e-01 3.750000000000000555e-01
7.500000000000001110e-02 1.999999999999999833e-01 7.500000000000001110e-02 1.250000000000000000e-01 2.249999999999999778e-01 3.500000000000000333e-01 2.499999999999999722e-01 2.750000000000000222e-01 2.749999999999999667e-01 2.249999999999999778e-01 3.250000000000000111e-01 2.750000000000000222e-01 4.000000000000000777e-01 2.749999999999999667e-01 2.249999999999999778e-01 3.000000000000000444e-01 4.000000000000001332e-01 2.250000000000000056e-01 3.000000000000000444e-01 4.750000000000000888e-01
2.500000000000000139e-02 1.499999999999999944e-01 1.499999999999999944e-01 1.499999999999999944e-01 1.499999999999999944e-01 2.250000000000000056e-01 3.750000000000000555e-01 5.250000000000000222e-01 3.250000000000000666e-01 1.999999999999999833e-01 1.999999999999999833e-01 1.749999999999999889e-01 3.250000000000000111e-01 2.250000000000000056e-01 3.500000000000000333e-01 4.500000000000000666e-01 3.500000000000000333e-01 4.500000000000001221e-01 3.500000000000000888e-01 3.750000000000000000e-01
1.000000000000000056e-01 1.000000000000000056e-01 7.500000000000001110e-02 1.499999999999999944e-01 1.250000000000000000e-01 1.749999999999999889e-01 2.500000000000000000e-01 1.999999999999999833e-01 2.249999999999999778e-01 2.999999999999999889e-01 3.250000000000000111e-01 1.499999999999999944e-01 1.250000000000000000e-01 2.999999999999999889e-01 3.499999999999999778e-01 2.249999999999999778e-01 3.000000000000000444e-01 4.500000000000000666e-01 3.250000000000000111e-01 3.750000000000000555e-01
5.000000000000000278e-02 2.500000000000000139e-02 7.500000000000001110e-02 1.250000000000000000e-01 1.999999999999999833e-01 1.750000000000000167e-01 1.499999999999999944e-01 3.500000000000000333e-01 2.249999999999999778e-01 1.250000000000000000e-01 1.250000000000000000e-01 1.499999999999999944e-01 1.750000000000000167e-01 1.250000000000000000e-01 1.499999999999999944e-01 2.500000000000000000e-01 5.000000000000000000e-01 3.250000000000000111e-01 4.500000000000000666e-01 2.249999999999999778e-01
1.250000000000000000e-01 1.499999999999999944e-01 1.499999999999999944e-01 5.000000000000000278e-02 1.250000000000000000e-01 2.499999999999999722e-01 1.499999999999999944e-01 7.500000000000001110e-02 2.249999999999999778e-01 2.249999999999999778e-01 1.749999999999999889e-01 2.249999999999999778e-01 2.249999999999999778e-01 2.249999999999999778e-01 2.749999999999999667e-01 1.999999999999999833e-01 1.250000000000000000e-01 1.749999999999999889e-01 1.749999999999999889e-01 2.749999999999999667e-01
7.500000000000001110e-02 2.500000000000000139e-02 1.499999999999999944e-01 7.500000000000001110e-02 1.999999999999999833e-01 1.000000000000000056e-01 1.000000000000000056e-01 2.749999999999999667e-01 3.750000000000000000e-01 2.249999999999999778e-01 1.749999999999999889e-01 1.749999999999999889e-01 2.499999999999999722e-01 2.249999999999999778e-01 1.000000000000000056e-01 2.999999999999999889e-01 1.749999999999999889e-01 2.000000000000000111e-01 2.249999999999999778e-01 1.499999999999999944e-01
2.500000000000000139e-02 2.500000000000000139e-02 7.500000000000001110e-02 1.499999999999999944e-01 1.000000000000000056e-01 5.000000000000000278e-02 7.500000000000001110e-02 1.250000000000000000e-01 1.999999999999999833e-01 1.499999999999999944e-01 1.999999999999999833e-01 1.250000000000000000e-01 7.500000000000001110e-02 2.249999999999999778e-01 1.749999999999999889e-01 1.749999999999999889e-01 1.749999999999999889e-01 2.999999999999999889e-01 3.500000000000000333e-01 2.749999999999999667e-01
2.500000000000000139e-02 7.500000000000001110e-02 2.500000000000000139e-02 1.499999999999999944e-01 7.500000000000001110e-02 1.749999999999999889e-01 1.250000000000000000e-01 1.000000000000000056e-01 1.749999999999999889e-01 2.499999999999999722e-01 7.500000000000001110e-02 2.249999999999999778e-01 1.499999999999999944e-01 1.250000000000000000e-01 2.499999999999999722e-01 1.750000000000000167e-01 1.999999999999999833e-01 1.499999999999999944e-01 1.749999999999999889e-01 2.749999999999999667e-01
2.500000000000000139e-02 5.000000000000000278e-02 2.500000000000000139e-02 5.000000000000000278e-02 1.000000000000000056e-01 1.499999999999999944e-01 3.000000000000000444e-01 1.999999999999999833e-01 1.749999999999999889e-01 1.999999999999999833e-01 1.999999999999999833e-01 1.250000000000000000e-01 1.999999999999999833e-01 1.250000000000000000e-01 2.249999999999999778e-01 1.250000000000000000e-01 2.749999999999999667e-01 1.749999999999999889e-01 1.999999999999999833e-01 1.499999999999999944e-01
0.000000000000000000e+00 2.500000000000000139e-02 2.500000000000000139e-02 2.500000000000000139e-02 5.000000000000000278e-02 1.250000000000000000e-01 1.999999999999999833e-01 1.000000000000000056e-01 1.499999999999999944e-01 1.499999999999999944e-01 2.750000000000000222e-01 2.000000000000000111e-01 1.999999999999999833e-01 2.749999999999999667e-01 1.250000000000000000e-01 2.249999999999999778e-01 1.250000000000000000e-01 2.750000000000000222e-01 2.249999999999999778e-01 2.249999999999999778e-01
2.500000000000000139e-02 2.500000000000000139e-02 5.000000000000000278e-02 5.000000000000000278e-02 5.000000000000000278e-02 5.000000000000000278e-02 7.500000000000001110e-02 1.000000000000000056e-01 1.250000000000000000e-01 1.499999999999999944e-01 1.499999999999999944e-01 1.749999999999999889e-01 1.749999999999999889e-01 7.500000000000001110e-02 1.250000000000000000e-01 1.749999999999999889e-01 1.499999999999999944e-01 2.249999999999999778e-01 2.499999999999999722e-01 2.499999999999999722e-01
0.000000000000000000e+00 0.000000000000000000e+00 0.000000000000000000e+00 5.000000000000000278e-02 7.500000000000001110e-02 7.500000000000001110e-02 7.500000000000001110e-02 1.749999999999999889e-01 1.000000000000000056e-01 5.000000000000000278e-02 1.000000000000000056e-01 2.499999999999999722e-01 7.500000000000001110e-02 2.500000000000000000e-01 2.249999999999999778e-01 1.749999999999999889e-01 1.999999999999999833e-01 1.499999999999999944e-01 1.749999999999999889e-01 1.499999999999999944e-01
2.500000000000000139e-02 0.000000000000000000e+00 7.500000000000001110e-02 1.499999999999999944e-01 1.000000000000000056e-01 7.500000000000001110e-02 7.500000000000001110e-02 1.000000000000000056e-01 1.000000000000000056e-01 2.749999999999999667e-01 1.499999999999999944e-01 1.000000000000000056e-01 2.499999999999999722e-01 1.000000000000000056e-01 7.500000000000001110e-02 1.499999999999999944e-01 2.499999999999999722e-01 1.999999999999999833e-01 1.000000000000000056e-01 2.000000000000000111e-01
2.500000000000000139e-02 2.500000000000000139e-02 0.000000000000000000e+00 2.500000000000000139e-02 5.000000000000000278e-02 2.500000000000000139e-02 5.000000000000000278e-02 1.499999999999999944e-01 1.000000000000000056e-01 1.250000000000000000e-01 1.250000000000000000e-01 1.250000000000000000e-01 1.749999999999999889e-01 1.000000000000000056e-01 1.749999999999999889e-01 1.749999999999999889e-01 1.749999999999999889e-01 1.250000000000000000e-01 1.749999999999999889e-01 2.249999999999999778e-01
2.500000000000000139e-02 0.000000000000000000e+00 0.000000000000000000e+00 0.000000000000000000e+00 5.000000000000000278e-02 7.500000000000001110e-02 1.250000000000000000e-01 1.000000000000000056e-01 1.499999999999999944e-01 1.749999999999999889e-01 1.749999999999999889e-01 1.250000000000000000e-01 1.250000000000000000e-01 1.250000000000000000e-01 1.499999999999999944e-01 1.250000000000000000e-01 5.000000000000000278e-02 1.499999999999999944e-01 2.999999999999999889e-01 7.500000000000001110e-02
5.000000000000000278e-02 2.500000000000000139e-02 0.000000000000000000e+00 2.500000000000000139e-02 7.500000000000001110e-02 5.000000000000000278e-02 2.500000000000000139e-02 2.500000000000000139e-02 1.499999999999999944e-01 7.500000000000001110e-02 1.250000000000000000e-01 1.999999999999999833e-01 1.749999999999999889e-01 1.749999999999999889e-01 1.749999999999999889e-01 1.499999999999999944e-01 1.499999999999999944e-01 1.250000000000000000e-01 7.500000000000001110e-02 1.250000000000000000e-01
2.500000000000000139e-02 0.000000000000000000e+00 2.500000000000000139e-02 0.000000000000000000e+00 2.500000000000000139e-02 0.000000000000000000e+00 7.500000000000001110e-02 2.500000000000000139e-02 1.000000000000000056e-01 1.499999999999999944e-01 1.999999999999999833e-01 1.000000000000000056e-01 1.500000000000000222e-01 1.749999999999999889e-01 1.250000000000000000e-01 7.500000000000001110e-02 1.250000000000000000e-01 1.250000000000000000e-01 7.500000000000001110e-02 2.249999999999999778e-01
0.000000000000000000e+00 2.500000000000000139e-02 2.500000000000000139e-02 2.500000000000000139e-02 2.500000000000000139e-02 2.500000000000000139e-02 0.000000000000000000e+00 1.000000000000000056e-01 1.000000000000000056e-01 7.500000000000001110e-02 7.500000000000001110e-02 2.500000000000000000e-01 1.250000000000000000e-01 1.499999999999999944e-01 1.749999999999999889e-01 1.000000000000000056e-01 7.500000000000001110e-02 1.250000000000000000e-01 1.749999999999999889e-01 5.000000000000000278e-02
5.000000000000000278e-02 7.500000000000001110e-02 0.000000000000000000e+00 2.500000000000000139e-02 0.000000000000000000e+00 7.500000000000001110e-02 2.500000000000000139e-02 5.000000000000000278e-02 7.500000000000001110e-02 1.499999999999999944e-01 1.499999999999999944e-01 1.000000000000000056e-01 1.499999999999999944e-01 1.499999999999999944e-01 1.250000000000000000e-01 1.999999999999999833e-01 1.250000000000000000e-01 5.000000000000000278e-02 1.000000000000000056e-01 1.999999999999999833e-01
7.500000000000001110e-02 5.000000000000000278e-02 5.000000000000000278e-02 0.000000000000000000e+00 0.000000000000000000e+00 2.500000000000000139e-02 5.000000000000000278e-02 0.000000000000000000e+00 5.000000000000000278e-02 7.500000000000001110e-02 1.000000000000000056e-01 1.499999999999999944e-01 1.250000000000000000e-01 1.749999999999999889e-01 2.500000000000000139e-02 7.500000000000001110e-02 1.000000000000000056e-01 1.749999999999999889e-01 2.500000000000000139e-02 1.000000000000000056e-01
0.000000000000000000e+00 0.000000000000000000e+00 5.000000000000000278e-02 5.000000000000000278e-02 0.000000000000000000e+00 2.500000000000000139e-02 5.000000000000000278e-02 2.500000000000000139e-02 0.000000000000000000e+00 2.500000000000000139e-02 1.000000000000000056e-01 1.000000000000000056e-01 7.500000000000001110e-02 7.500000000000001110e-02 1.999999999999999833e-01 1.000000000000000056e-01 1.500000000000000222e-01 5.000000000000000278e-02 1.499999999999999944e-01 1.250000000000000000e-01
0.000000000000000000e+00 2.500000000000000139e-02 0.000000000000000000e+00 0.000000000000000000e+00 5.000000000000000278e-02 0.000000000000000000e+00 5.000000000000000278e-02 7.500000000000001110e-02 1.000000000000000056e-01 0.000000000000000000e+00 7.500000000000001110e-02 2.500000000000000139e-02 1.250000000000000000e-01 1.250000000000000000e-01 1.250000000000000000e-01 1.000000000000000056e-01 1.000000000000000056e-01 1.250000000000000000e-01 1.250000000000000000e-01 1.000000000000000056e-01
0.000000000000000000e+00 2.500000000000000139e-02 5.000000000000000278e-02 0.000000000000000000e+00 0.000000000000000000e+00 0.000000000000000000e+00 0.000000000000000000e+00 2.500000000000000139e-02 2.500000000000000139e-02 5.000000000000000278e-02 5.000000000000000278e-02 7.500000000000001110e-02 1.250000000000000000e-01 1.250000000000000000e-01 1.999999999999999833e-01 1.250000000000000000e-01 1.000000000000000056e-01 1.250000000000000000e-01 2.500000000000000139e-02 7.500000000000001110e-02
0.000000000000000000e+00 2.500000000000000139e-02 0.000000000000000000e+00 0.000000000000000000e+00 0.000000000000000000e+00 2.500000000000000139e-02 0.000000000000000000e+00 2.500000000000000139e-02 2.500000000000000139e-02 5.000000000000000278e-02 1.499999999999999944e-01 7.500000000000001110e-02 7.500000000000001110e-02 1.000000000000000056e-01 1.000000000000000056e-01 7.500000000000001110e-02 1.000000000000000056e-01 7.500000000000001110e-02 1.250000000000000000e-01 2.000000000000000111e-01
0.000000000000000000e+00 0.000000000000000000e+00 0.000000000000000000e+00 0.000000000000000000e+00 0.000000000000000000e+00 2.500000000000000139e-02 2.500000000000000139e-02 0.000000000000000000e+00 2.500000000000000139e-02 7.500000000000001110e-02 5.000000000000000278e-02 1.000000000000000056e-01 1.250000000000000000e-01 1.000000000000000056e-01 1.250000000000000000e-01 1.749999999999999889e-01 7.500000000000001110e-02 2.500000000000000139e-02 1.499999999999999944e-01 1.499999999999999944e-01
0.000000000000000000e+00 0.000000000000000000e+00 2.500000000000000139e-02 0.000000000000000000e+00 2.500000000000000139e-02 0.000000000000000000e+00 2.500000000000000139e-02 5.000000000000000278e-02 0.000000000000000000e+00 2.500000000000000139e-02 0.000000000000000000e+00 2.500000000000000139e-02 2.500000000000000139e-02 1.250000000000000000e-01 1.250000000000000000e-01 2.500000000000000555e-01 1.749999999999999889e-01 1.999999999999999833e-01 1.499999999999999944e-01 5.000000000000000278e-02
0.000000000000000000e+00 0.000000000000000000e+00 0.000000000000000000e+00 2.500000000000000139e-02 0.000000000000000000e+00 0.000000000000000000e+00 0.000000000000000000e+00 0.000000000000000000e+00 2.500000000000000139e-02 5.000000000000000278e-02 5.000000000000000278e-02 7.500000000000001110e-02 1.250000000000000000e-01 7.500000000000001110e-02 1.000000000000000056e-01 1.749999999999999889e-01 1.749999999999999889e-01 1.000000000000000056e-01 5.000000000000000278e-02 5.000000000000000278e-02
0.000000000000000000e+00 0.000000000000000000e+00 0.000000000000000000e+00 0.000000000000000000e+00 0.000000000000000000e+00 2.500000000000000139e-02 2.500000000000000139e-02 2.500000000000000139e-02 0.000000000000000000e+00 0.000000000000000000e+00 2.500000000000000139e-02 2.500000000000000139e-02 7.500000000000001110e-02 1.250000000000000000e-01 5.000000000000000278e-02 1.499999999999999944e-01 1.499999999999999944e-01 1.749999999999999889e-01 7.500000000000001110e-02 1.000000000000000056e-01
0.000000000000000000e+00 0.000000000000000000e+00 0.000000000000000000e+00 0.000000000000000000e+00 0.000000000000000000e+00 0.000000000000000000e+00 5.000000000000000278e-02 2.500000000000000139e-02 2.500000000000000139e-02 5.000000000000000278e-02 2.500000000000000139e-02 1.000000000000000056e-01 0.000000000000000000e+00 7.500000000000001110e-02 0.000000000000000000e+00 5.000000000000000278e-02 1.250000000000000000e-01 1.000000000000000056e-01 1.000000000000000056e-01 7.500000000000001110e-02
0.000000000000000000e+00 0.000000000000000000e+00 2.500000000000000139e-02 2.500000000000000139e-02 0.000000000000000000e+00 0.000000000000000000e+00 0.000000000000000000e+00 5.000000000000000278e-02 2.500000000000000139e-02 5.000000000000000278e-02 5.000000000000000278e-02 2.500000000000000139e-02 5.000000000000000278e-02 1.000000000000000056e-01 1.749999999999999889e-01 5.000000000000000278e-02 5.000000000000000278e-02 7.500000000000001110e-02 7.500000000000001110e-02 5.000000000000000278e-02
0.000000000000000000e+00 0.000000000000000000e+00 0.000000000000000000e+00 0.000000000000000000e+00 5.000000000000000278e-02 5.000000000000000278e-02 0.000000000000000000e+00 0.000000000000000000e+00 5.000000000000000278e-02 0.000000000000000000e+00 2.500000000000000139e-02 5.000000000000000278e-02 5.000000000000000278e-02 2.500000000000000139e-02 5.000000000000000278e-02 2.500000000000000139e-02 1.250000000000000000e-01 7.500000000000001110e-02 1.749999999999999889e-01 1.000000000000000056e-01
0.000000000000000000e+00 0.000000000000000000e+00 0.000000000000000000e+00 0.000000000000000000e+00 0.000000000000000000e+00 0.000000000000000000e+00 0.000000000000000000e+00 2.500000000000000139e-02 0.000000000000000000e+00 0.000000000000000000e+00 2.500000000000000139e-02 0.000000000000000000e+00 5.000000000000000278e-02 2.500000000000000139e-02 2.500000000000000139e-02 5.000000000000000278e-02 5.000000000000000278e-02 1.000000000000000056e-01 1.000000000000000056e-01 1.250000000000000000e-01
0.000000000000000000e+00 0.000000000000000000e+00 0.000000000000000000e+00 0.000000000000000000e+00 0.000000000000000000e+00 2.500000000000000139e-02 0.000000000000000000e+00 0.000000000000000000e+00 2.500000000000000139e-02 0.000000000000000000e+00 0.000000000000000000e+00 2.500000000000000139e-02 2.500000000000000139e-02 5.000000000000000278e-02 5.000000000000000278e-02 5.000000000000000278e-02 7.500000000000001110e-02 7.500000000000001110e-02 1.000000000000000056e-01 1.000000000000000056e-01
0.000000000000000000e+00 0.000000000000000000e+00 0.000000000000000000e+00 0.000000000000000000e+00 2.500000000000000139e-02 0.000000000000000000e+00 0.000000000000000000e+00 0.000000000000000000e+00 0.000000000000000000e+00 5.000000000000000278e-02 2.500000000000000139e-02 0.000000000000000000e+00 7.500000000000001110e-02 2.500000000000000139e-02 2.500000000000000139e-02 0.000000000000000000e+00 7.500000000000001110e-02 1.250000000000000000e-01 1.250000000000000000e-01 7.500000000000001110e-02
0.000000000000000000e+00 0.000000000000000000e+00 0.000000000000000000e+00 0.000000000000000000e+00 0.000000000000000000e+00 0.000000000000000000e+00 0.000000000000000000e+00 0.000000000000000000e+00 2.500000000000000139e-02 2.500000000000000139e-02 0.000000000000000000e+00 0.000000000000000000e+00 0.000000000000000000e+00 7.500000000000001110e-02 7.500000000000001110e-02 2.500000000000000139e-02 0.000000000000000000e+00 1.499999999999999944e-01 1.000000000000000056e-01 2.500000000000000139e-02
0.000000000000000000e+00 0.000000000000000000e+00 0.000000000000000000e+00 0.000000000000000000e+00 0.000000000000000000e+00 0.000000000000000000e+00 2.500000000000000139e-02 0.000000000000000000e+00 2.500000000000000139e-02 0.000000000000000000e+00 0.000000000000000000e+00 2.500000000000000139e-02 5.000000000000000278e-02 7.500000000000001110e-02 1.000000000000000056e-01 5.000000000000000278e-02 5.000000000000000278e-02 2.500000000000000139e-02 5.000000000000000278e-02 1.250000000000000000e-01
0.000000000000000000e+00 0.000000000000000000e+00 0.000000000000000000e+00 2.500000000000000139e-02 0.000000000000000000e+00 0.000000000000000000e+00 0.000000000000000000e+00 0.000000000000000000e+00 0.000000000000000000e+00 2.500000000000000139e-02 0.000000000000000000e+00 2.500000000000000139e-02 0.000000000000000000e+00 2.500000000000000139e-02 7.500000000000001110e-02 7.500000000000001110e-02 5.000000000000000278e-02 2.500000000000000139e-02 7.500000000000001110e-02 7.500000000000001110e-02
0.000000000000000000e+00 0.000000000000000000e+00 0.000000000000000000e+00 0.000000000000000000e+00 0.000000000000000000e+00 0.000000000000000000e+00 2.500000000000000139e-02 0.000000000000000000e+00 0.000000000000000000e+00 2.500000000000000139e-02 5.000000000000000278e-02 0.000000000000000000e+00 2.500000000000000139e-02 2.500000000000000139e-02 2.500000000000000139e-02 1.000000000000000056e-01 1.250000000000000000e-01 1.250000000000000000e-01 7.500000000000001110e-02 1.000000000000000056e-01
0.000000000000000000e+00 0.000000000000000000e+00 0.000000000000000000e+00 0.000000000000000000e+00 0.000000000000000000e+00 0.000000000000000000e+00 0.000000000000000000e+00 2.500000000000000139e-02 0.000000000000000000e+00 0.000000000000000000e+00 0.000000000000000000e+00 5.000000000000000278e-02 0.000000000000000000e+00 0.000000000000000000e+00 0.000000000000000000e+00 1.000000000000000056e-01 1.000000000000000056e-01 2.500000000000000139e-02 5.000000000000000278e-02 5.000000000000000278e-02
0.000000000000000000e+00 0.000000000000000000e+00 0.000000000000000000e+00 0.000000000000000000e+00 0.000000000000000000e+00 0.000000000000000000e+00 0.000000000000000000e+00 0.000000000000000000e+00 0.000000000000000000e+00 0.000000000000000000e+00 5.000000000000000278e-02 2.500000000000000139e-02 2.500000000000000139e-02 0.000000000000000000e+00 5.000000000000000278e-02 2.500000000000000139e-02 7.500000000000001110e-02 2.500000000000000139e-02 2.500000000000000139e-02 5.000000000000000278e-02
0.000000000000000000e+00 0.000000000000000000e+00 0.000000000000000000e+00 0.000000000000000000e+00 0.000000000000000000e+00 0.000000000000000000e+00 0.000000000000000000e+00 2.500000000000000139e-02 0.000000000000000000e+00 0.000000000000000000e+00 2.500000000000000139e-02 2.500000000000000139e-02 0.000000000000000000e+00 5.000000000000000278e-02 2.500000000000000139e-02 2.500000000000000139e-02 5.000000000000000278e-02 5.000000000000000278e-02 5.000000000000000278e-02 1.499999999999999944e-01
0.000000000000000000e+00 0.000000000000000000e+00 0.000000000000000000e+00 0.000000000000000000e+00 0.000000000000000000e+00 0.000000000000000000e+00 0.000000000000000000e+00 0.000000000000000000e+00 0.000000000000000000e+00 0.000000000000000000e+00 0.000000000000000000e+00 0.000000000000000000e+00 0.000000000000000000e+00 0.000000000000000000e+00 0.000000000000000000e+00 2.500000000000000139e-02 5.000000000000000278e-02 5.000000000000000278e-02 0.000000000000000000e+00 5.000000000000000278e-02
0.000000000000000000e+00 0.000000000000000000e+00 0.000000000000000000e+00 0.000000000000000000e+00 0.000000000000000000e+00 0.000000000000000000e+00 0.000000000000000000e+00 0.000000000000000000e+00 2.500000000000000139e-02 0.000000000000000000e+00 0.000000000000000000e+00 0.000000000000000000e+00 2.500000000000000139e-02 2.500000000000000139e-02 2.500000000000000139e-02 7.500000000000001110e-02 2.500000000000000139e-02 2.500000000000000139e-02 7.500000000000001110e-02 2.500000000000000139e-02
0.000000000000000000e+00 0.000000000000000000e+00 0.000000000000000000e+00 0.000000000000000000e+00 0.000000000000000000e+00 0.000000000000000000e+00 0.000000000000000000e+00 0.000000000000000000e+00 0.000000000000000000e+00 0.000000000000000000e+00 0.000000000000000000e+00 2.500000000000000139e-02 0.000000000000000000e+00 0.000000000000000000e+00 2.500000000000000139e-02 2.500000000000000139e-02 2.500000000000000139e-02 1.250000000000000000e-01 1.000000000000000056e-01 5.000000000000000278e-02
0.000000000000000000e+00 0.000000000000000000e+00 0.000000000000000000e+00 0.000000000000000000e+00 0.000000000000000000e+00 0.000000000000000000e+00 0.000000000000000000e+00 0.000000000000000000e+00 0.000000000000000000e+00 0.000000000000000000e+00 2.500000000000000139e-02 0.000000000000000000e+00 2.500000000000000139e-02 0.000000000000000000e+00 2.500000000000000139e-02 2.500000000000000139e-02 5.000000000000000278e-02 2.500000000000000139e-02 7.500000000000001110e-02 7.500000000000001110e-02
0.000000000000000000e+00 0.000000000000000000e+00 0.000000000000000000e+00 0.000000000000000000e+00 0.000000000000000000e+00 0.000000000000000000e+00 0.000000000000000000e+00 0.000000000000000000e+00 0.000000000000000000e+00 0.000000000000000000e+00 0.000000000000000000e+00 2.500000000000000139e-02 0.000000000000000000e+00 0.000000000000000000e+00 5.000000000000000278e-02 2.500000000000000139e-02 2.500000000000000139e-02 0.000000000000000000e+00 2.500000000000000139e-02 2.500000000000000139e-02
0.000000000000000000e+00 0.000000000000000000e+00 0.000000000000000000e+00 0.000000000000000000e+00 0.000000000000000000e+00 0.000000000000000000e+00 0.000000000000000000e+00 0.000000000000000000e+00 0.000000000000000000e+00 0.000000000000000000e+00 0.000000000000000000e+00 0.000000000000000000e+00 0.000000000000000000e+00 2.500000000000000139e-02 2.500000000000000139e-02 0.000000000000000000e+00 2.500000000000000139e-02 5.000000000000000278e-02 7.500000000000001110e-02 7.500000000000001110e-02
0.000000000000000000e+00 0.000000000000000000e+00 0.000000000000000000e+00 0.000000000000000000e+00 0.000000000000000000e+00 0.000000000000000000e+00 0.000000000000000000e+00 0.000000000000000000e+00 0.000000000000000000e+00 0.000000000000000000e+00 2.500000000000000139e-02 0.000000000000000000e+00 0.000000000000000000e+00 0.000000000000000000e+00 0.000000000000000000e+00 0.000000000000000000e+00 2.500000000000000139e-02 1.250000000000000000e-01 2.500000000000000139e-02 5.000000000000000278e-02
0.000000000000000000e+00 0.000000000000000000e+00 0.000000000000000000e+00 0.000000000000000000e+00 0.000000000000000000e+00 0.000000000000000000e+00 0.000000000000000000e+00 0.000000000000000000e+00 0.000000000000000000e+00 0.000000000000000000e+00 0.000000000000000000e+00 0.000000000000000000e+00 0.000000000000000000e+00 0.000000000000000000e+00 0.000000000000000000e+00 0.000000000000000000e+00 2.500000000000000139e-02 2.500000000000000139e-02 2.500000000000000139e-02 5.000000000000000278e-02
0.000000000000000000e+00 0.000000000000000000e+00 0.000000000000000000e+00 0.000000000000000000e+00 0.000000000000000000e+00 0.000000000000000000e+00 0.000000000000000000e+00 0.000000000000000000e+00 0.000000000000000000e+00 0.000000000000000000e+00 0.000000000000000000e+00 2.500000000000000139e-02 0.000000000000000000e+00 0.000000000000000000e+00 0.000000000000000000e+00 5.000000000000000278e-02 2.500000000000000139e-02 0.000000000000000000e+00 5.000000000000000278e-02 5.000000000000000278e-02
0.000000000000000000e+00 0.000000000000000000e+00 0.000000000000000000e+00 0.000000000000000000e+00 0.000000000000000000e+00 0.000000000000000000e+00 0.000000000000000000e+00 0.000000000000000000e+00 0.000000000000000000e+00 2.500000000000000139e-02 0.000000000000000000e+00 0.000000000000000000e+00 0.000000000000000000e+00 0.000000000000000000e+00 2.500000000000000139e-02 0.000000000000000000e+00 0.000000000000000000e+00 0.000000000000000000e+00 2.500000000000000139e-02 5.000000000000000278e-02
0.000000000000000000e+00 0.000000000000000000e+00 0.000000000000000000e+00 0.000000000000000000e+00 0.000000000000000000e+00 0.000000000000000000e+00 0.000000000000000000e+00 0.000000000000000000e+00 0.000000000000000000e+00 0.000000000000000000e+00 0.000000000000000000e+00 0.000000000000000000e+00 0.000000000000000000e+00 0.000000000000000000e+00 0.000000000000000000e+00 5.000000000000000278e-02 0.000000000000000000e+00 0.000000000000000000e+00 2.500000000000000139e-02 2.500000000000000139e-02
0.000000000000000000e+00 0.000000000000000000e+00 0.000000000000000000e+00 0.000000000000000000e+00 0.000000000000000000e+00 0.000000000000000000e+00 0.000000000000000000e+00 0.000000000000000000e+00 0.000000000000000000e+00 0.000000000000000000e+00 0.000000000000000000e+00 2.500000000000000139e-02 0.000000000000000000e+00 0.000000000000000000e+00 0.000000000000000000e+00 2.500000000000000139e-02 0.000000000000000000e+00 2.500000000000000139e-02 5.000000000000000278e-02 2.500000000000000139e-02
0.000000000000000000e+00 0.000000000000000000e+00 0.000000000000000000e+00 0.000000000000000000e+00 0.000000000000000000e+00 0.000000000000000000e+00 0.000000000000000000e+00 0.000000000000000000e+00 0.000000000000000000e+00 0.000000000000000000e+00 0.000000000000000000e+00 0.000000000000000000e+00 0.000000000000000000e+00 2.500000000000000139e-02 0.000000000000000000e+00 0.000000000000000000e+00 5.000000000000000278e-02 0.000000000000000000e+00 0.000000000000000000e+00 2.500000000000000139e-02
0.000000000000000000e+00 0.000000000000000000e+00 0.000000000000000000e+00 0.000000000000000000e+00 0.000000000000000000e+00 0.000000000000000000e+00 0.000000000000000000e+00 0.000000000000000000e+00 0.000000000000000000e+00 0.000000000000000000e+00 0.000000000000000000e+00 0.000000000000000000e+00 5.000000000000000278e-02 0.000000000000000000e+00 0.000000000000000000e+00 0.000000000000000000e+00 0.000000000000000000e+00 7.500000000000001110e-02 2.500000000000000139e-02 5.000000000000000278e-02
0.000000000000000000e+00 0.000000000000000000e+00 0.000000000000000000e+00 0.000000000000000000e+00 0.000000000000000000e+00 0.000000000000000000e+00 0.000000000000000000e+00 0.000000000000000000e+00 0.000000000000000000e+00 0.000000000000000000e+00 0.000000000000000000e+00 0.000000000000000000e+00 2.500000000000000139e-02 0.000000000000000000e+00 2.500000000000000139e-02 0.000000000000000000e+00 0.000000000000000000e+00 0.000000000000000000e+00 5.000000000000000278e-02 2.500000000000000139e-02
0.000000000000000000e+00 0.000000000000000000e+00 0.000000000000000000e+00 0.000000000000000000e+00 0.000000000000000000e+00 0.000000000000000000e+00 0.000000000000000000e+00 0.000000000000000000e+00 0.000000000000000000e+00 0.000000000000000000e+00 0.000000000000000000e+00 2.500000000000000139e-02 0.000000000000000000e+00 0.000000000000000000e+00 0.000000000000000000e+00 0.000000000000000000e+00 0.000000000000000000e+00 5.000000000000000278e-02 2.500000000000000139e-02 5.000000000000000278e-02
0.000000000000000000e+00 0.000000000000000000e+00 0.000000000000000000e+00 0.000000000000000000e+00 0.000000000000000000e+00 0.000000000000000000e+00 0.000000000000000000e+00 0.000000000000000000e+00 0.000000000000000000e+00 0.000000000000000000e+00 0.000000000000000000e+00 0.000000000000000000e+00 0.000000000000000000e+00 0.000000000000000000e+00 0.000000000000000000e+00 0.000000000000000000e+00 0.000000000000000000e+00 0.000000000000000000e+00 5.000000000000000278e-02 0.000000000000000000e+00
0.000000000000000000e+00 0.000000000000000000e+00 0.000000000000000000e+00 0.000000000000000000e+00 0.000000000000000000e+00 0.000000000000000000e+00 0.000000000000000000e+00 0.000000000000000000e+00 0.000000000000000000e+00 0.000000000000000000e+00 0.000000000000000000e+00 0.000000000000000000e+00 5.000000000000000278e-02 0.000000000000000000e+00 0.000000000000000000e+00 2.500000000000000139e-02 0.000000000000000000e+00 0.000000000000000000e+00 2.500000000000000139e-02 2.500000000000000139e-02
0.000000000000000000e+00 0.000000000000000000e+00 0.000000000000000000e+00 0.000000000000000000e+00 0.000000000000000000e+00 0.000000000000000000e+00 0.000000000000000000e+00 0.000000000000000000e+00 0.000000000000000000e+00 0.000000000000000000e+00 0.000000000000000000e+00 0.000000000000000000e+00 0.000000000000000000e+00 0.000000000000000000e+00 0.000000000000000000e+00 0.000000000000000000e+00 5.000000000000000278e-02 2.500000000000000139e-02 0.000000000000000000e+00 0.000000000000000000e+00
0.000000000000000000e+00 0.000000000000000000e+00 0.000000000000000000e+00 0.000000000000000000e+00 0.000000000000000000e+00 0.000000000000000000e+00 0.000000000000000000e+00 0.000000000000000000e+00 0.000000000000000000e+00 0.000000000000000000e+00 0.000000000000000000e+00 0.000000000000000000e+00 0.000000000000000000e+00 0.000000000000000000e+00 0.000000000000000000e+00 0.000000000000000000e+00 0.000000000000000000e+00 0.000000000000000000e+00 5.000000000000000278e-02 1.000000000000000056e-01
0.000000000000000000e+00 0.000000000000000000e+00 0.000000000000000000e+00 0.000000000000000000e+00 0.000000000000000000e+00 0.000000000000000000e+00 0.000000000000000000e+00 0.000000000000000000e+00 0.000000000000000000e+00 0.000000000000000000e+00 0.000000000000000000e+00 0.000000000000000000e+00 0.000000000000000000e+00 2.500000000000000139e-02 0.000000000000000000e+00 0.000000000000000000e+00 2.500000000000000139e-02 0.000000000000000000e+00 2.500000000000000139e-02 0.000000000000000000e+00
0.000000000000000000e+00 0.000000000000000000e+00 0.000000000000000000e+00 0.000000000000000000e+00 0.000000000000000000e+00 0.000000000000000000e+00 0.000000000000000000e+00 0.000000000000000000e+00 0.000000000000000000e+00 0.000000000000000000e+00 0.000000000000000000e+00 0.000000000000000000e+00 0.000000000000000000e+00 2.500000000000000139e-02 0.000000000000000000e+00 0.000000000000000000e+00 0.000000000000000000e+00 0.000000000000000000e+00 2.500000000000000139e-02 0.000000000000000000e+00
0.000000000000000000e+00 0.000000000000000000e+00 0.000000000000000000e+00 0.000000000000000000e+00 0.000000000000000000e+00 0.000000000000000000e+00 0.000000000000000000e+00 0.000000000000000000e+00 0.000000000000000000e+00 0.000000000000000000e+00 0.000000000000000000e+00 0.000000000000000000e+00 0.000000000000000000e+00 0.000000000000000000e+00 0.000000000000000000e+00 0.000000000000000000e+00 0.000000000000000000e+00 5.000000000000000278e-02 0.000000000000000000e+00 2.500000000000000139e-02
0.000000000000000000e+00 0.000000000000000000e+00 0.000000000000000000e+00 0.000000000000000000e+00 0.000000000000000000e+00 0.000000000000000000e+00 0.000000000000000000e+00 0.000000000000000000e+00 0.000000000000000000e+00 0.000000000000000000e+00 0.000000000000000000e+00 0.000000000000000000e+00 0.000000000000000000e+00 0.000000000000000000e+00 0.000000000000000000e+00 0.000000000000000000e+00 0.000000000000000000e+00 0.000000000000000000e+00 2.500000000000000139e-02 2.500000000000000139e-02
0.000000000000000000e+00 0.000000000000000000e+00 0.000000000000000000e+00 0.000000000000000000e+00 0.000000000000000000e+00 0.000000000000000000e+00 0.000000000000000000e+00 0.000000000000000000e+00 0.000000000000000000e+00 0.000000000000000000e+00 0.000000000000000000e+00 0.000000000000000000e+00 0.000000000000000000e+00 2.500000000000000139e-02 0.000000000000000000e+00 0.000000000000000000e+00 0.000000000000000000e+00 0.000000000000000000e+00 0.000000000000000000e+00 2.500000000000000139e-02
0.000000000000000000e+00 0.000000000000000000e+00 0.000000000000000000e+00 0.000000000000000000e+00 0.000000000000000000e+00 0.000000000000000000e+00 0.000000000000000000e+00 0.000000000000000000e+00 0.000000000000000000e+00 0.000000000000000000e+00 0.000000000000000000e+00 0.000000000000000000e+00 0.000000000000000000e+00 2.500000000000000139e-02 2.500000000000000139e-02 0.000000000000000000e+00 0.000000000000000000e+00 2.500000000000000139e-02 0.000000000000000000e+00 2.500000000000000139e-02
0.000000000000000000e+00 0.000000000000000000e+00 0.000000000000000000e+00 0.000000000000000000e+00 0.000000000000000000e+00 0.000000000000000000e+00 0.000000000000000000e+00 0.000000000000000000e+00 0.000000000000000000e+00 0.000000000000000000e+00 0.000000000000000000e+00 0.000000000000000000e+00 0.000000000000000000e+00 0.000000000000000000e+00 0.000000000000000000e+00 2.500000000000000139e-02 0.000000000000000000e+00 0.000000000000000000e+00 0.000000000000000000e+00 2.500000000000000139e-02
0.000000000000000000e+00 0.000000000000000000e+00 0.000000000000000000e+00 0.000000000000000000e+00 0.000000000000000000e+00 0.000000000000000000e+00 0.000000000000000000e+00 0.000000000000000000e+00 0.000000000000000000e+00 0.000000000000000000e+00 0.000000000000000000e+00 0.000000000000000000e+00 0.000000000000000000e+00 0.000000000000000000e+00 0.000000000000000000e+00 0.000000000000000000e+00 0.000000000000000000e+00 0.000000000000000000e+00 2.500000000000000139e-02 2.500000000000000139e-02
0.000000000000000000e+00 0.000000000000000000e+00 0.000000000000000000e+00 0.000000000000000000e+00 0.000000000000000000e+00 0.000000000000000000e+00 0.000000000000000000e+00 0.000000000000000000e+00 0.000000000000000000e+00 0.000000000000000000e+00 0.000000000000000000e+00 0.000000000000000000e+00 0.000000000000000000e+00 0.000000000000000000e+00 0.000000000000000000e+00 0.000000000000000000e+00 2.500000000000000139e-02 2.500000000000000139e-02 0.000000000000000000e+00 2.500000000000000139e-02
0.000000000000000000e+00 0.000000000000000000e+00 0.000000000000000000e+00 0.000000000000000000e+00 0.000000000000000000e+00 0.000000000000000000e+00 0.000000000000000000e+00 0.000000000000000000e+00 0.000000000000000000e+00 0.000000000000000000e+00 0.000000000000000000e+00 0.000000000000000000e+00 0.000000000000000000e+00 0.000000000000000000e+00 0.000000000000000000e+00 2.500000000000000139e-02 2.500000000000000139e-02 0.000000000000000000e+00 0.000000000000000000e+00 2.500000000000000139e-02
0.000000000000000000e+00 0.000000000000000000e+00 0.000000000000000000e+00 0.000000000000000000e+00 0.000000000000000000e+00 0.000000000000000000e+00 0.000000000000000000e+00 0.000000000000000000e+00 0.000000000000000000e+00 0.000000000000000000e+00 0.000000000000000000e+00 0.000000000000000000e+00 0.000000000000000000e+00 0.000000000000000000e+00 2.500000000000000139e-02 0.000000000000000000e+00 0.000000000000000000e+00 0.000000000000000000e+00 0.000000000000000000e+00 2.500000000000000139e-02
0.000000000000000000e+00 0.000000000000000000e+00 0.000000000000000000e+00 0.000000000000000000e+00 0.000000000000000000e+00 0.000000000000000000e+00 0.000000000000000000e+00 0.000000000000000000e+00 0.000000000000000000e+00 0.000000000000000000e+00 0.000000000000000000e+00 0.000000000000000000e+00 0.000000000000000000e+00 0.000000000000000000e+00 0.000000000000000000e+00 2.500000000000000139e-02 0.000000000000000000e+00 0.000000000000000000e+00 0.000000000000000000e+00 0.000000000000000000e+00
0.000000000000000000e+00 0.000000000000000000e+00 0.000000000000000000e+00 0.000000000000000000e+00 0.000000000000000000e+00 0.000000000000000000e+00 0.000000000000000000e+00 0.000000000000000000e+00 0.000000000000000000e+00 0.000000000000000000e+00 0.000000000000000000e+00 0.000000000000000000e+00 0.000000000000000000e+00 0.000000000000000000e+00 0.000000000000000000e+00 0.000000000000000000e+00 2.500000000000000139e-02 2.500000000000000139e-02 0.000000000000000000e+00 0.000000000000000000e+00
0.000000000000000000e+00 0.000000000000000000e+00 0.000000000000000000e+00 0.000000000000000000e+00 0.000000000000000000e+00 0.000000000000000000e+00 0.000000000000000000e+00 0.000000000000000000e+00 0.000000000000000000e+00 0.000000000000000000e+00 0.000000000000000000e+00 0.000000000000000000e+00 0.000000000000000000e+00 0.000000000000000000e+00 0.000000000000000000e+00 0.000000000000000000e+00 0.000000000000000000e+00 0.000000000000000000e+00 2.500000000000000139e-02 2.500000000000000139e-02
0.000000000000000000e+00 0.000000000000000000e+00 0.000000000000000000e+00 0.000000000000000000e+00 0.000000000000000000e+00 0.000000000000000000e+00 0.000000000000000000e+00 0.000000000000000000e+00 0.000000000000000000e+00 0.000000000000000000e+00 0.000000000000000000e+00 0.000000000000000000e+00 0.000000000000000000e+00 0.000000000000000000e+00 2.500000000000000139e-02 0.000000000000000000e+00 0.000000000000000000e+00 0.000000000000000000e+00 0.000000000000000000e+00 2.500000000000000139e-02
0.000000000000000000e+00 0.000000000000000000e+00 0.000000000000000000e+00 0.000000000000000000e+00 0.000000000000000000e+00 0.000000000000000000e+00 0.000000000000000000e+00 0.000000000000000000e+00 0.000000000000000000e+00 0.000000000000000000e+00 0.000000000000000000e+00 0.000000000000000000e+00 0.000000000000000000e+00 0.000000000000000000e+00 0.000000000000000000e+00 0.000000000000000000e+00 0.000000000000000000e+00 0.000000000000000000e+00 0.000000000000000000e+00 0.000000000000000000e+00
0.000000000000000000e+00 0.000000000000000000e+00 0.000000000000000000e+00 0.000000000000000000e+00 0.000000000000000000e+00 0.000000000000000000e+00 0.000000000000000000e+00 0.000000000000000000e+00 0.000000000000000000e+00 0.000000000000000000e+00 0.000000000000000000e+00 0.000000000000000000e+00 0.000000000000000000e+00 0.000000000000000000e+00 0.000000000000000000e+00 0.000000000000000000e+00 0.000000000000000000e+00 0.000000000000000000e+00 0.000000000000000000e+00 0.000000000000000000e+00
0.000000000000000000e+00 0.000000000000000000e+00 0.000000000000000000e+00 0.000000000000000000e+00 0.000000000000000000e+00 0.000000000000000000e+00 0.000000000000000000e+00 0.000000000000000000e+00 0.000000000000000000e+00 0.000000000000000000e+00 0.000000000000000000e+00 0.000000000000000000e+00 0.000000000000000000e+00 0.000000000000000000e+00 0.000000000000000000e+00 0.000000000000000000e+00 0.000000000000000000e+00 0.000000000000000000e+00 0.000000000000000000e+00 0.000000000000000000e+00
0.000000000000000000e+00 0.000000000000000000e+00 0.000000000000000000e+00 0.000000000000000000e+00 0.000000000000000000e+00 0.000000000000000000e+00 0.000000000000000000e+00 0.000000000000000000e+00 0.000000000000000000e+00 0.000000000000000000e+00 0.000000000000000000e+00 0.000000000000000000e+00 0.000000000000000000e+00 0.000000000000000000e+00 0.000000000000000000e+00 0.000000000000000000e+00 0.000000000000000000e+00 0.000000000000000000e+00 0.000000000000000000e+00 0.000000000000000000e+00
0.000000000000000000e+00 0.000000000000000000e+00 0.000000000000000000e+00 0.000000000000000000e+00 0.000000000000000000e+00 0.000000000000000000e+00 0.000000000000000000e+00 0.000000000000000000e+00 0.000000000000000000e+00 0.000000000000000000e+00 0.000000000000000000e+00 0.000000000000000000e+00 0.000000000000000000e+00 0.000000000000000000e+00 0.000000000000000000e+00 0.000000000000000000e+00 0.000000000000000000e+00 2.500000000000000139e-02 0.000000000000000000e+00 0.000000000000000000e+00
0.000000000000000000e+00 0.000000000000000000e+00 0.000000000000000000e+00 0.000000000000000000e+00 0.000000000000000000e+00 0.000000000000000000e+00 0.000000000000000000e+00 0.000000000000000000e+00 0.000000000000000000e+00 0.000000000000000000e+00 0.000000000000000000e+00 0.000000000000000000e+00 0.000000000000000000e+00 0.000000000000000000e+00 0.000000000000000000e+00 0.000000000000000000e+00 0.000000000000000000e+00 0.000000000000000000e+00 0.000000000000000000e+00 0.000000000000000000e+00
0.000000000000000000e+00 0.000000000000000000e+00 0.000000000000000000e+00 0.000000000000000000e+00 0.000000000000000000e+00 0.000000000000000000e+00 0.000000000000000000e+00 0.000000000000000000e+00 0.000000000000000000e+00 0.000000000000000000e+00 0.000000000000000000e+00 0.000000000000000000e+00 0.000000000000000000e+00 0.000000000000000000e+00 0.000000000000000000e+00 0.000000000000000000e+00 0.000000000000000000e+00 0.000000000000000000e+00 0.000000000000000000e+00 0.000000000000000000e+00
0.000000000000000000e+00 0.000000000000000000e+00 0.000000000000000000e+00 0.000000000000000000e+00 0.000000000000000000e+00 0.000000000000000000e+00 0.000000000000000000e+00 0.000000000000000000e+00 0.000000000000000000e+00 0.000000000000000000e+00 0.000000000000000000e+00 0.000000000000000000e+00 0.000000000000000000e+00 0.000000000000000000e+00 0.000000000000000000e+00 0.000000000000000000e+00 0.000000000000000000e+00 0.000000000000000000e+00 0.000000000000000000e+00 0.000000000000000000e+00
0.000000000000000000e+00 0.000000000000000000e+00 0.000000000000000000e+00 0.000000000000000000e+00 0.000000000000000000e+00 0.000000000000000000e+00 0.000000000000000000e+00 0.000000000000000000e+00 0.000000000000000000e+00 0.000000000000000000e+00 0.000000000000000000e+00 0.000000000000000000e+00 0.000000000000000000e+00 0.000000000000000000e+00 0.000000000000000000e+00 0.000000000000000000e+00 0.000000000000000000e+00 0.000000000000000000e+00 2.500000000000000139e-02 0.000000000000000000e+00
