7.016621270781815602e-04 7.365134246351720234e-04 7.730957732130631400e-04 8.114951534738963201e-04 8.518018167072998912e-04 8.941104969509800849e-04 9.385206336471497036e-04 9.851366053582289936e-04 1.034067975091111430e-03 1.085429747806598713e-03 1.139342640719231579e-03 1.195933367022817455e-03 1.255334933708490610e-03 1.317686954175293886e-03 1.383135976368009192e-03 1.451835827213469876e-03 1.523947974164901846e-03 1.599641904704031696e-03 1.679095524692928235e-03 1.762495576511834573e-03
4.776250000000000000e+02 4.695000000000000000e+02 4.613249999999998749e+02 4.525999999999999091e+02 4.448999999999999204e+02 4.361000000000000227e+02 4.281999999999999886e+02 4.202249999999999659e+02 4.122500000000000568e+02 4.043750000000000568e+02 3.974750000000000227e+02 3.903000000000000114e+02 3.833000000000000114e+02 3.769250000000000682e+02 3.699249999999998977e+02 3.628999999999999204e+02 3.555000000000000000e+02 3.485749999999999318e+02 3.426499999999999773e+02 3.357500000000000000e+02
6.724000000000000909e+02 6.706999999999998181e+02 6.697749999999999773e+02 6.693749999999997726e+02 6.671750000000000682e+02 6.666999999999999318e+02 6.656499999999999773e+02 6.642999999999998408e+02 6.634750000000000227e+02 6.627249999999997954e+02 6.609500000000001592e+02 6.587499999999998863e+02 6.567500000000001137e+02 6.538749999999998863e+02 6.525500000000000682e+02 6.504249999999999545e+02 6.481499999999999773e+02 6.467250000000002501e+02 6.440999999999997954e+02 6.425750000000000455e+02
4.019500000000001592e+02 4.050249999999999773e+02 4.066249999999999432e+02 4.088999999999999773e+02 4.110749999999999886e+02 4.124749999999999659e+02 4.138999999999999204e+02 4.159499999999999886e+02 4.166999999999999886e+02 4.181499999999999204e+02 4.201250000000000000e+02 4.224249999999999545e+02 4.240250000000000341e+02 4.257749999999999773e+02 4.268749999999999432e+02 4.289750000000000796e+02 4.323499999999999659e+02 4.331750000000000114e+02 4.349249999999999545e+02 4.356000000000000796e+02
1.953000000000000114e+02 1.961500000000000057e+02 1.985250000000000341e+02 2.001750000000000114e+02 2.027000000000000171e+02 2.051999999999999886e+02 2.080499999999999545e+02 2.103750000000000568e+02 2.127750000000000057e+02 2.144999999999999432e+02 2.164499999999999602e+02 2.184749999999999375e+02 2.204250000000000114e+02 2.225749999999999318e+02 2.245500000000000114e+02 2.261499999999999773e+02 2.265750000000000171e+02 2.283249999999999886e+02 2.295749999999999886e+02 2.324749999999999943e+02
9.352499999999999147e+01 9.542500000000002558e+01 9.672500000000000853e+01 9.792500000000001137e+01 9.882500000000003126e+01 1.001749999999999687e+02 1.011250000000000142e+02 1.020999999999999943e+02 1.037500000000000142e+02 1.057499999999999858e+02 1.069749999999999659e+02 1.074749999999999943e+02 1.085500000000000256e+02 1.097500000000000000e+02 1.109999999999999858e+02 1.126500000000000199e+02 1.147500000000000142e+02 1.165000000000000000e+02 1.172999999999999687e+02 1.181999999999999744e+02
5.077499999999999147e+01 5.144999999999999574e+01 5.262500000000000000e+01 5.320000000000000995e+01 5.392500000000000426e+01 5.445000000000000284e+01 5.502499999999999147e+01 5.577499999999998437e+01 5.669999999999998863e+01 5.684999999999998721e+01 5.752500000000001279e+01 5.877499999999998437e+01 5.975000000000000711e+01 6.039999999999999858e+01 6.167500000000000426e+01 6.240000000000001279e+01 6.277500000000000568e+01 6.392499999999998295e+01 6.509999999999999432e+01 6.597499999999999432e+01
2.899999999999999645e+01 2.972500000000000497e+01 2.982499999999999929e+01 3.087500000000000355e+01 3.154999999999999361e+01 3.242499999999999716e+01 3.350000000000000711e+01 3.422500000000000142e+01 3.454999999999999716e+01 3.524999999999999289e+01 3.595000000000000284e+01 3.667499999999999005e+01 3.739999999999999147e+01 3.812499999999999289e+01 3.787500000000000000e+01 3.862500000000000711e+01 3.947500000000000142e+01 3.987500000000000711e+01 4.074999999999999289e+01 4.082499999999999574e+01
1.912500000000000355e+01 1.984999999999999787e+01 2.002500000000000568e+01 2.055000000000000426e+01 2.119999999999999218e+01 2.187499999999999289e+01 2.164999999999999503e+01 2.189999999999999503e+01 2.227499999999999858e+01 2.302499999999999858e+01 2.304999999999999716e+01 2.352499999999999858e+01 2.375000000000000355e+01 2.392499999999999005e+01 2.477499999999999858e+01 2.494999999999999574e+01 2.465000000000000213e+01 2.487500000000000000e+01 2.502500000000000213e+01 2.617500000000000782e+01
1.282500000000000107e+01 1.297499999999999787e+01 1.357500000000000107e+01 1.397500000000000142e+01 1.450000000000000178e+01 1.432499999999999929e+01 1.455000000000000249e+01 1.507499999999999574e+01 1.587499999999999645e+01 1.554999999999999716e+01 1.605000000000000071e+01 1.622500000000000142e+01 1.700000000000000355e+01 1.772499999999999432e+01 1.767500000000000071e+01 1.802499999999999503e+01 1.855000000000000426e+01 1.875000000000000355e+01 1.889999999999999858e+01 1.882499999999999218e+01
9.625000000000003553e+00 9.200000000000002842e+00 9.325000000000001066e+00 9.250000000000000000e+00 9.375000000000000000e+00 1.012500000000000000e+01 1.067499999999999538e+01 1.079999999999999361e+01 1.087499999999999645e+01 1.157499999999999929e+01 1.132499999999999929e+01 1.160000000000000320e+01 1.149999999999999822e+01 1.202500000000000213e+01 1.272499999999999964e+01 1.254999999999999893e+01 1.302500000000000036e+01 1.352499999999999680e+01 1.409999999999999787e+01 1.432499999999999751e+01
7.074999999999999289e+00 7.574999999999999289e+00 7.449999999999999289e+00 7.399999999999997691e+00 7.574999999999999289e+00 7.150000000000000355e+00 7.325000000000001066e+00 7.699999999999999289e+00 7.775000000000000355e+00 8.025000000000000355e+00 8.574999999999999289e+00 8.574999999999999289e+00 8.974999999999999645e+00 8.750000000000000000e+00 8.824999999999999289e+00 9.549999999999998934e+00 9.875000000000000000e+00 1.005000000000000071e+01 1.037499999999999822e+01 1.072500000000000142e+01
5.275000000000000355e+00 5.624999999999998224e+00 6.125000000000000888e+00 6.349999999999998757e+00 6.049999999999999822e+00 6.699999999999996625e+00 6.424999999999999822e+00 6.174999999999998934e+00 6.049999999999999822e+00 6.074999999999998401e+00 6.299999999999999822e+00 6.550000000000000711e+00 6.649999999999998579e+00 7.124999999999998224e+00 7.175000000000000711e+00 7.075000000000001066e+00 7.225000000000001421e+00 7.300000000000001599e+00 7.375000000000000000e+00 7.599999999999999645e+00
4.975000000000002309e+00 4.949999999999999289e+00 4.875000000000001776e+00 4.775000000000000355e+00 5.275000000000000355e+00 5.199999999999999289e+00 5.574999999999999289e+00 5.574999999999999289e+00 6.024999999999999467e+00 5.750000000000001776e+00 5.575000000000000178e+00 5.424999999999999822e+00 5.375000000000001776e+00 5.275000000000000355e+00 5.299999999999998046e+00 5.375000000000000000e+00 5.749999999999999112e+00 5.975000000000000533e+00 6.375000000000002665e+00 6.425000000000001599e+00
3.724999999999999645e+00 3.700000000000000622e+00 3.974999999999999645e+00 3.825000000000001510e+00 3.875000000000000888e+00 4.050000000000000711e+00 4.150000000000000355e+00 4.549999999999999822e+00 4.300000000000000711e+00 4.750000000000000000e+00 4.549999999999999822e+00 4.800000000000000711e+00 4.725000000000000533e+00 4.599999999999999645e+00 4.974999999999999645e+00 4.874999999999999112e+00 4.699999999999998401e+00 4.500000000000000000e+00 4.474999999999999645e+00 4.650000000000000355e+00
2.675000000000000711e+00 3.074999999999999734e+00 3.000000000000000000e+00 3.450000000000000622e+00 3.475000000000000089e+00 3.400000000000000355e+00 3.225000000000000089e+00 3.400000000000000799e+00 3.575000000000000178e+00 3.574999999999999734e+00 3.924999999999999822e+00 3.725000000000000089e+00 4.275000000000000355e+00 4.249999999999999112e+00 4.099999999999999645e+00 4.375000000000000888e+00 4.149999999999999467e+00 4.400000000000000355e+00 4.400000000000000355e+00 4.325000000000000178e+00
2.674999999999999822e+00 2.625000000000000000e+00 2.750000000000000000e+00 2.949999999999999734e+00 2.874999999999999556e+00 2.749999999999999556e+00 3.100000000000000977e+00 3.225000000000000977e+00 3.174999999999998934e+00 3.250000000000000000e+00 3.500000000000000000e+00 3.850000000000000977e+00 3.599999999999999645e+00 3.750000000000000888e+00 3.775000000000000799e+00 3.774999999999999911e+00 4.150000000000001243e+00 3.875000000000000888e+00 3.600000000000000533e+00 3.575000000000000622e+00
1.875000000000000222e+00 1.949999999999999067e+00 2.050000000000000266e+00 2.124999999999999556e+00 2.350000000000000089e+00 2.674999999999999378e+00 2.500000000000000444e+00 2.425000000000000266e+00 2.649999999999999911e+00 2.549999999999999822e+00 2.399999999999999023e+00 2.524999999999999911e+00 2.849999999999999645e+00 2.774999999999999467e+00 3.049999999999999822e+00 3.224999999999999645e+00 3.049999999999999378e+00 3.325000000000000622e+00 3.525000000000000355e+00 3.524999999999999467e+00
2.125000000000000000e+00 1.899999999999999689e+00 1.899999999999999245e+00 1.824999999999999956e+00 1.924999999999999600e+00 1.724999999999999645e+00 2.049999999999999822e+00 2.024999999999999467e+00 2.174999999999999822e+00 2.374999999999999556e+00 2.649999999999999911e+00 2.650000000000000355e+00 2.449999999999999289e+00 2.849999999999999201e+00 2.750000000000000000e+00 2.324999999999999289e+00 2.700000000000000178e+00 2.899999999999999467e+00 2.874999999999999556e+00 2.800000000000000266e+00
1.324999999999999956e+00 1.575000000000000178e+00 1.574999999999999512e+00 1.725000000000000089e+00 1.849999999999999867e+00 1.900000000000000133e+00 1.799999999999999600e+00 1.875000000000000222e+00 1.799999999999999822e+00 1.699999999999999734e+00 1.849999999999999645e+00 2.099999999999999645e+00 2.074999999999999734e+00 2.049999999999999822e+00 2.375000000000000000e+00 2.650000000000000355e+00 2.424999999999998934e+00 2.499999999999999112e+00 2.500000000000000444e+00 2.424999999999999822e+00
9.750000000000003109e-01 1.150000000000000133e+00 1.500000000000000222e+00 1.324999999999999956e+00 1.275000000000000133e+00 1.449999999999999734e+00 1.474999999999999867e+00 1.600000000000000089e+00 1.574999999999999956e+00 1.575000000000000400e+00 1.550000000000000044e+00 1.224999999999999645e+00 1.600000000000000533e+00 1.600000000000000311e+00 1.500000000000000000e+00 1.999999999999999556e+00 2.150000000000000355e+00 1.900000000000000133e+00 2.300000000000000266e+00 2.474999999999999201e+00
1.000000000000000222e+00 1.274999999999999911e+00 1.149999999999999911e+00 1.350000000000000089e+00 1.449999999999999956e+00 1.274999999999999911e+00 1.499999999999999778e+00 1.125000000000000222e+00 1.250000000000000000e+00 1.474999999999999867e+00 1.450000000000000178e+00 1.675000000000000044e+00 1.700000000000000178e+00 1.624999999999999556e+00 1.574999999999999956e+00 1.350000000000000311e+00 1.524999999999999911e+00 1.824999999999999512e+00 1.649999999999999245e+00 1.949999999999999512e+00
1.025000000000000133e+00 9.250000000000001554e-01 9.750000000000001998e-01 1.125000000000000222e+00 1.100000000000000089e+00 1.349999999999999867e+00 1.350000000000000089e+00 1.500000000000000222e+00 1.549999999999999822e+00 1.424999999999999822e+00 1.349999999999999645e+00 1.449999999999999289e+00 1.175000000000000044e+00 1.475000000000000311e+00 1.425000000000000488e+00 1.399999999999999911e+00 1.200000000000000178e+00 1.150000000000000133e+00 1.600000000000000311e+00 1.724999999999999867e+00
7.000000000000000666e-01 7.750000000000001332e-01 9.250000000000004885e-01 1.000000000000000444e+00 9.000000000000004663e-01 9.250000000000003775e-01 1.050000000000000044e+00 1.400000000000000133e+00 1.400000000000000133e+00 1.524999999999999689e+00 1.274999999999999689e+00 1.449999999999999734e+00 1.600000000000000089e+00 1.624999999999999778e+00 1.500000000000000000e+00 1.375000000000000222e+00 1.474999999999999867e+00 1.500000000000000000e+00 1.175000000000000044e+00 1.149999999999999911e+00
5.250000000000001332e-01 6.000000000000001998e-01 7.250000000000000888e-01 9.000000000000002442e-01 1.225000000000000089e+00 1.199999999999999956e+00 1.025000000000000355e+00 7.500000000000002220e-01 1.050000000000000044e+00 1.025000000000000133e+00 1.199999999999999956e+00 9.500000000000002887e-01 1.000000000000000222e+00 8.000000000000002665e-01 9.000000000000002442e-01 1.325000000000000178e+00 1.200000000000000178e+00 1.200000000000000400e+00 1.175000000000000044e+00 1.000000000000000222e+00
3.250000000000000666e-01 4.750000000000000333e-01 3.499999999999999778e-01 5.250000000000001332e-01 7.500000000000002220e-01 9.500000000000002887e-01 7.500000000000003331e-01 9.750000000000003109e-01 6.500000000000000222e-01 7.500000000000002220e-01 1.050000000000000044e+00 1.175000000000000044e+00 1.150000000000000133e+00 1.250000000000000000e+00 1.224999999999999867e+00 9.500000000000002887e-01 1.349999999999999423e+00 1.299999999999999600e+00 1.425000000000000044e+00 1.450000000000000178e+00
4.250000000000000444e-01 4.250000000000000444e-01 5.000000000000000000e-01 3.250000000000000111e-01 3.499999999999999778e-01 7.250000000000001998e-01 1.125000000000000222e+00 8.000000000000002665e-01 9.250000000000003775e-01 7.500000000000001110e-01 7.500000000000001110e-01 7.000000000000001776e-01 8.500000000000001998e-01 8.250000000000003997e-01 8.750000000000003331e-01 1.050000000000000266e+00 1.000000000000000222e+00 1.124999999999999778e+00 1.250000000000000444e+00 1.274999999999999911e+00
2.249999999999999778e-01 2.999999999999999889e-01 2.749999999999999667e-01 3.500000000000000333e-01 3.500000000000000333e-01 3.500000000000000888e-01 4.500000000000001221e-01 8.500000000000001998e-01 8.250000000000005107e-01 1.075000000000000400e+00 7.000000000000001776e-01 7.500000000000002220e-01 8.250000000000002887e-01 1.075000000000000178e+00 1.000000000000000222e+00 1.050000000000000044e+00 7.000000000000001776e-01 9.000000000000001332e-01 9.250000000000000444e-01 9.000000000000003553e-01
3.500000000000000333e-01 2.749999999999999667e-01 3.499999999999999778e-01 2.750000000000000222e-01 4.000000000000000222e-01 2.749999999999999667e-01 3.500000000000000888e-01 5.000000000000001110e-01 6.500000000000002442e-01 6.250000000000001110e-01 8.000000000000002665e-01 8.250000000000001776e-01 5.500000000000000444e-01 5.000000000000001110e-01 8.500000000000003109e-01 8.750000000000004441e-01 8.750000000000003331e-01 6.250000000000002220e-01 7.000000000000001776e-01 9.500000000000001776e-01
1.250000000000000000e-01 2.749999999999999667e-01 3.500000000000000333e-01 4.250000000000000999e-01 2.499999999999999722e-01 2.749999999999999667e-01 3.500000000000000333e-01 4.250000000000000999e-01 4.500000000000001221e-01 7.500000000000002220e-01 8.500000000000004219e-01 8.750000000000002220e-01 8.750000000000002220e-01 8.000000000000003775e-01 7.000000000000000666e-01 7.250000000000001998e-01 8.500000000000003109e-01 1.075000000000000178e+00 8.750000000000002220e-01 6.750000000000002665e-01
1.499999999999999944e-01 1.250000000000000000e-01 3.250000000000000111e-01 1.750000000000000167e-01 3.250000000000000666e-01 4.000000000000000777e-01 3.250000000000000666e-01 3.250000000000000666e-01 3.500000000000000888e-01 3.500000000000000888e-01 5.250000000000001332e-01 6.500000000000003553e-01 6.750000000000002665e-01 6.500000000000002442e-01 7.250000000000001998e-01 6.500000000000001332e-01 9.750000000000004219e-01 7.000000000000002887e-01 6.750000000000001554e-01 7.000000000000001776e-01
1.000000000000000056e-01 1.000000000000000056e-01 1.000000000000000056e-01 2.999999999999999889e-01 3.750000000000001110e-01 3.500000000000000333e-01 3.250000000000000111e-01 2.750000000000000222e-01 4.750000000000001443e-01 2.999999999999999889e-01 4.500000000000001221e-01 5.500000000000001554e-01 8.250000000000003997e-01 9.250000000000003775e-01 6.250000000000002220e-01 4.750000000000000333e-01 5.750000000000001776e-01 6.500000000000002442e-01 9.500000000000002887e-01 7.000000000000002887e-01
2.500000000000000139e-02 1.000000000000000056e-01 1.250000000000000000e-01 1.749999999999999889e-01 2.000000000000000111e-01 2.499999999999999722e-01 3.000000000000000444e-01 2.750000000000000222e-01 1.250000000000000000e-01 2.749999999999999667e-01 2.999999999999999889e-01 4.000000000000000222e-01 3.750000000000001110e-01 5.250000000000001332e-01 7.500000000000001110e-01 8.500000000000003109e-01 6.000000000000000888e-01 8.000000000000002665e-01 6.750000000000001554e-01 8.750000000000002220e-01
5.000000000000000278e-02 5.000000000000000278e-02 5.000000000000000278e-02 1.000000000000000056e-01 1.000000000000000056e-01 2.000000000000000111e-01 2.499999999999999722e-01 3.499999999999999778e-01 4.250000000000000999e-01 4.000000000000000777e-01 3.000000000000000444e-01 2.500000000000000000e-01 2.749999999999999667e-01 3.750000000000000555e-01 5.250000000000001332e-01 7.000000000000001776e-01 7.000000000000002887e-01 6.250000000000002220e-01 5.500000000000001554e-01 5.750000000000000666e-01
0.000000000000000000e+00 0.000000000000000000e+00 5.000000000000000278e-02 1.000000000000000056e-01 7.500000000000001110e-02 1.000000000000000056e-01 1.000000000000000056e-01 2.499999999999999722e-01 1.999999999999999833e-01 4.000000000000000777e-01 3.250000000000000666e-01 3.750000000000001110e-01 3.499999999999999778e-01 2.500000000000000000e-01 4.250000000000000999e-01 5.250000000000001332e-01 6.750000000000002665e-01 5.250000000000000222e-01 5.500000000000001554e-01 6.000000000000000888e-01
5.000000000000000278e-02 5.000000000000000278e-02 5.000000000000000278e-02 7.500000000000001110e-02 7.500000000000001110e-02 1.499999999999999944e-01 1.999999999999999833e-01 1.000000000000000056e-01 2.499999999999999722e-01 1.749999999999999889e-01 2.999999999999999889e-01 3.250000000000000111e-01 3.250000000000000666e-01 2.249999999999999778e-01 3.000000000000000444e-01 1.999999999999999833e-01 3.500000000000000888e-01 4.750000000000000888e-01 5.750000000000001776e-01 7.000000000000001776e-01
2.500000000000000139e-02 5.000000000000000278e-02 7.500000000000001110e-02 1.250000000000000000e-01 7.500000000000001110e-02 7.500000000000001110e-02 1.749999999999999889e-01 1.749999999999999889e-01 3.250000000000000111e-01 1.749999999999999889e-01 1.749999999999999889e-01 3.499999999999999778e-01 3.750000000000000555e-01 4.500000000000000666e-01 3.250000000000000111e-01 3.250000000000000111e-01 2.999999999999999889e-01 3.750000000000000555e-01 2.749999999999999667e-01 2.749999999999999667e-01
0.000000000000000000e+00 2.500000000000000139e-02 0.000000000000000000e+00 2.500000000000000139e-02 1.000000000000000056e-01 5.000000000000000278e-02 1.250000000000000000e-01 1.749999999999999889e-01 1.000000000000000056e-01 1.749999999999999889e-01 1.999999999999999833e-01 1.250000000000000000e-01 3.250000000000000666e-01 4.500000000000001221e-01 2.749999999999999667e-01 3.500000000000001443e-01 3.250000000000000111e-01 3.500000000000000333e-01 3.750000000000000555e-01 4.000000000000001332e-01
0.000000000000000000e+00 0.000000000000000000e+00 0.000000000000000000e+00 0.000000000000000000e+00 7.500000000000001110e-02 5.000000000000000278e-02 5.000000000000000278e-02 1.000000000000000056e-01 1.000000000000000056e-01 2.249999999999999778e-01 1.999999999999999833e-01 2.499999999999999722e-01 1.499999999999999944e-01 1.499999999999999944e-01 3.750000000000000555e-01 2.499999999999999722e-01 3.250000000000000111e-01 2.999999999999999889e-01 2.999999999999999889e-01 3.000000000000000444e-01
2.500000000000000139e-02 0.000000000000000000e+00 2.500000000000000139e-02 0.000000000000000000e+00 0.000000000000000000e+00 1.000000000000000056e-01 2.500000000000000139e-02 7.500000000000001110e-02 1.499999999999999944e-01 1.749999999999999889e-01 1.749999999999999889e-01 1.749999999999999889e-01 1.499999999999999944e-01 2.749999999999999667e-01 2.249999999999999778e-01 3.250000000000000666e-01 1.999999999999999833e-01 4.000000000000000222e-01 4.000000000000000777e-01 4.000000000000000777e-01
0.000000000000000000e+00 2.500000000000000139e-02 0.000000000000000000e+00 2.500000000000000139e-02 0.000000000000000000e+00 2.500000000000000139e-02 5.000000000000000278e-02 2.500000000000000139e-02 1.250000000000000000e-01 1.250000000000000000e-01 1.999999999999999833e-01 1.499999999999999944e-01 1.499999999999999944e-01 1.000000000000000056e-01 1.749999999999999889e-01 1.999999999999999833e-01 3.000000000000000444e-01 2.250000000000000056e-01 4.000000000000000777e-01 2.999999999999999889e-01
0.000000000000000000e+00 0.000000000000000000e+00 0.000000000000000000e+00 0.000000000000000000e+00 2.500000000000000139e-02 0.000000000000000000e+00 5.000000000000000278e-02 1.000000000000000056e-01 5.000000000000000278e-02 7.500000000000001110e-02 1.500000000000000222e-01 7.500000000000001110e-02 2.999999999999999889e-01 1.749999999999999889e-01 1.499999999999999944e-01 2.499999999999999722e-01 2.499999999999999722e-01 3.499999999999999778e-01 5.250000000000000222e-01 5.750000000000000666e-01
2.500000000000000139e-02 0.000000000000000000e+00 2.500000000000000139e-02 2.500000000000000139e-02 0.000000000000000000e+00 2.500000000000000139e-02 5.000000000000000278e-02 2.500000000000000139e-02 5.000000000000000278e-02 7.500000000000001110e-02 7.500000000000001110e-02 1.999999999999999833e-01 1.499999999999999944e-01 2.249999999999999778e-01 2.249999999999999778e-01 2.499999999999999722e-01 2.249999999999999778e-01 2.249999999999999778e-01 1.499999999999999944e-01 4.000000000000000222e-01
0.000000000000000000e+00 0.000000000000000000e+00 0.000000000000000000e+00 0.000000000000000000e+00 0.000000000000000000e+00 0.000000000000000000e+00 0.000000000000000000e+00 5.000000000000000278e-02 5.000000000000000278e-02 7.500000000000001110e-02 7.500000000000001110e-02 1.499999999999999944e-01 1.000000000000000056e-01 1.499999999999999944e-01 1.000000000000000056e-01 1.250000000000000000e-01 2.749999999999999667e-01 1.749999999999999889e-01 1.499999999999999944e-01 2.249999999999999778e-01
0.000000000000000000e+00 2.500000000000000139e-02 2.500000000000000139e-02 0.000000000000000000e+00 2.500000000000000139e-02 0.000000000000000000e+00 2.500000000000000139e-02 0.000000000000000000e+00 2.500000000000000139e-02 5.000000000000000278e-02 1.000000000000000056e-01 7.500000000000001110e-02 1.499999999999999944e-01 2.249999999999999778e-01 3.249999999999999556e-01 2.499999999999999722e-01 1.499999999999999944e-01 3.250000000000000111e-01 1.999999999999999833e-01 1.250000000000000000e-01
0.000000000000000000e+00 0.000000000000000000e+00 0.000000000000000000e+00 0.000000000000000000e+00 0.000000000000000000e+00 2.500000000000000139e-02 0.000000000000000000e+00 2.500000000000000139e-02 2.500000000000000139e-02 0.000000000000000000e+00 2.500000000000000139e-02 5.000000000000000278e-02 1.499999999999999944e-01 1.499999999999999944e-01 7.500000000000001110e-02 1.749999999999999889e-01 2.249999999999999778e-01 1.250000000000000000e-01 2.749999999999999667e-01 2.249999999999999778e-01
0.000000000000000000e+00 0.000000000000000000e+00 0.000000000000000000e+00 2.500000000000000139e-02 0.000000000000000000e+00 0.000000000000000000e+00 2.500000000000000139e-02 5.000000000000000278e-02 2.500000000000000139e-02 5.000000000000000278e-02 2.500000000000000139e-02 7.500000000000001110e-02 5.000000000000000278e-02 1.000000000000000056e-01 2.499999999999999722e-01 2.249999999999999778e-01 1.250000000000000000e-01 1.999999999999999833e-01 2.249999999999999778e-01 1.499999999999999944e-01
0.000000000000000000e+00 0.000000000000000000e+00 0.000000000000000000e+00 0.000000000000000000e+00 0.000000000000000000e+00 0.000000000000000000e+00 0.000000000000000000e+00 0.000000000000000000e+00 0.000000000000000000e+00 2.500000000000000139e-02 2.500000000000000139e-02 2.500000000000000139e-02 1.000000000000000056e-01 1.000000000000000056e-01 5.000000000000000278e-02 7.500000000000001110e-02 1.499999999999999944e-01 1.250000000000000000e-01 1.499999999999999944e-01 2.999999999999999889e-01
0.000000000000000000e+00 0.000000000000000000e+00 0.000000000000000000e+00 0.000000000000000000e+00 2.500000000000000139e-02 0.000000000000000000e+00 0.000000000000000000e+00 0.000000000000000000e+00 2.500000000000000139e-02 0.000000000000000000e+00 5.000000000000000278e-02 5.000000000000000278e-02 2.500000000000000139e-02 5.000000000000000278e-02 1.250000000000000000e-01 1.750000000000000167e-01 2.249999999999999778e-01 1.749999999999999889e-01 1.500000000000000222e-01 1.000000000000000056e-01
0.000000000000000000e+00 0.000000000000000000e+00 0.000000000000000000e+00 0.000000000000000000e+00 0.000000000000000000e+00 2.500000000000000139e-02 0.000000000000000000e+00 0.000000000000000000e+00 0.000000000000000000e+00 2.500000000000000139e-02 5.000000000000000278e-02 2.500000000000000139e-02 0.000000000000000000e+00 2.500000000000000139e-02 7.500000000000001110e-02 1.000000000000000056e-01 1.749999999999999889e-01 1.749999999999999889e-01 1.000000000000000056e-01 1.250000000000000000e-01
0.000000000000000000e+00 0.000000000000000000e+00 0.000000000000000000e+00 0.000000000000000000e+00 0.000000000000000000e+00 0.000000000000000000e+00 0.000000000000000000e+00 0.000000000000000000e+00 2.500000000000000139e-02 2.500000000000000139e-02 0.000000000000000000e+00 2.500000000000000139e-02 1.000000000000000056e-01 7.500000000000001110e-02 1.250000000000000000e-01 1.000000000000000056e-01 7.500000000000001110e-02 1.250000000000000000e-01 2.249999999999999778e-01 1.749999999999999889e-01
0.000000000000000000e+00 0.000000000000000000e+00 0.000000000000000000e+00 0.000000000000000000e+00 0.000000000000000000e+00 0.000000000000000000e+00 2.500000000000000139e-02 2.500000000000000139e-02 0.000000000000000000e+00 2.500000000000000139e-02 2.500000000000000139e-02 5.000000000000000278e-02 0.000000000000000000e+00 5.000000000000000278e-02 2.500000000000000139e-02 7.500000000000001110e-02 1.000000000000000056e-01 7.500000000000001110e-02 1.499999999999999944e-01 1.499999999999999944e-01
0.000000000000000000e+00 0.000000000000000000e+00 0.000000000000000000e+00 0.000000000000000000e+00 0.000000000000000000e+00 0.000000000000000000e+00 0.000000000000000000e+00 0.000000000000000000e+00 0.000000000000000000e+00 0.000000000000000000e+00 5.000000000000000278e-02 2.500000000000000139e-02 2.500000000000000139e-02 2.500000000000000139e-02 5.000000000000000278e-02 1.000000000000000056e-01 1.250000000000000000e-01 5.000000000000000278e-02 1.250000000000000000e-01 7.500000000000001110e-02
0.000000000000000000e+00 0.000000000000000000e+00 0.000000000000000000e+00 0.000000000000000000e+00 0.000000000000000000e+00 0.000000000000000000e+00 0.000000000000000000e+00 0.000000000000000000e+00 0.000000000000000000e+00 0.000000000000000000e+00 0.000000000000000000e+00 5.000000000000000278e-02 2.500000000000000139e-02 0.000000000000000000e+00 2.500000000000000139e-02 2.500000000000000139e-02 7.500000000000001110e-02 1.749999999999999889e-01 5.000000000000000278e-02 1.750000000000000167e-01
0.000000000000000000e+00 0.000000000000000000e+00 0.000000000000000000e+00 0.000000000000000000e+00 0.000000000000000000e+00 0.000000000000000000e+00 0.000000000000000000e+00 0.000000000000000000e+00 2.500000000000000139e-02 0.000000000000000000e+00 0.000000000000000000e+00 0.000000000000000000e+00 2.500000000000000139e-02 5.000000000000000278e-02 2.500000000000000139e-02 2.500000000000000139e-02 5.000000000000000278e-02 1.250000000000000000e-01 1.000000000000000056e-01 1.499999999999999944e-01
0.000000000000000000e+00 0.000000000000000000e+00 0.000000000000000000e+00 0.000000000000000000e+00 0.000000000000000000e+00 0.000000000000000000e+00 0.000000000000000000e+00 0.000000000000000000e+00 0.000000000000000000e+00 0.000000000000000000e+00 0.000000000000000000e+00 0.000000000000000000e+00 2.500000000000000139e-02 2.500000000000000139e-02 2.500000000000000139e-02 5.000000000000000278e-02 7.500000000000001110e-02 1.499999999999999944e-01 1.000000000000000056e-01 1.000000000000000056e-01
0.000000000000000000e+00 0.000000000000000000e+00 0.000000000000000000e+00 0.000000000000000000e+00 0.000000000000000000e+00 0.000000000000000000e+00 0.000000000000000000e+00 0.000000000000000000e+00 0.000000000000000000e+00 0.000000000000000000e+00 0.000000000000000000e+00 0.000000000000000000e+00 2.500000000000000139e-02 2.500000000000000139e-02 0.000000000000000000e+00 0.000000000000000000e+00 0.000000000000000000e+00 5.000000000000000278e-02 1.000000000000000056e-01 1.250000000000000000e-01
0.000000000000000000e+00 0.000000000000000000e+00 0.000000000000000000e+00 0.000000000000000000e+00 0.000000000000000000e+00 0.000000000000000000e+00 0.000000000000000000e+00 0.000000000000000000e+00 0.000000000000000000e+00 0.000000000000000000e+00 0.000000000000000000e+00 0.000000000000000000e+00 0.000000000000000000e+00 2.500000000000000139e-02 2.500000000000000139e-02 5.000000000000000278e-02 2.500000000000000139e-02 0.000000000000000000e+00 1.000000000000000056e-01 5.000000000000000278e-02
0.000000000000000000e+00 0.000000000000000000e+00 0.000000000000000000e+00 0.000000000000000000e+00 0.000000000000000000e+00 0.000000000000000000e+00 0.000000000000000000e+00 0.000000000000000000e+00 0.000000000000000000e+00 0.000000000000000000e+00 0.000000000000000000e+00 0.000000000000000000e+00 0.000000000000000000e+00 0.000000000000000000e+00 5.000000000000000278e-02 2.500000000000000139e-02 7.500000000000001110e-02 1.000000000000000056e-01 5.000000000000000278e-02 2.500000000000000139e-02
0.000000000000000000e+00 0.000000000000000000e+00 0.000000000000000000e+00 0.000000000000000000e+00 0.000000000000000000e+00 0.000000000000000000e+00 0.000000000000000000e+00 0.000000000000000000e+00 0.000000000000000000e+00 0.000000000000000000e+00 0.000000000000000000e+00 0.000000000000000000e+00 0.000000000000000000e+00 0.000000000000000000e+00 0.000000000000000000e+00 2.500000000000000139e-02 0.000000000000000000e+00 2.500000000000000139e-02 7.500000000000001110e-02 1.499999999999999944e-01
0.000000000000000000e+00 0.000000000000000000e+00 0.000000000000000000e+00 0.000000000000000000e+00 0.000000000000000000e+00 0.000000000000000000e+00 0.000000000000000000e+00 0.000000000000000000e+00 0.000000000000000000e+00 2.500000000000000139e-02 2.500000000000000139e-02 0.000000000000000000e+00 0.000000000000000000e+00 2.500000000000000139e-02 0.000000000000000000e+00 0.000000000000000000e+00 2.500000000000000139e-02 2.500000000000000139e-02 7.500000000000001110e-02 1.250000000000000000e-01
0.000000000000000000e+00 0.000000000000000000e+00 0.000000000000000000e+00 0.000000000000000000e+00 0.000000000000000000e+00 0.000000000000000000e+00 0.000000000000000000e+00 0.000000000000000000e+00 0.000000000000000000e+00 0.000000000000000000e+00 0.000000000000000000e+00 2.500000000000000139e-02 2.500000000000000139e-02 0.000000000000000000e+00 2.500000000000000139e-02 2.500000000000000139e-02 0.000000000000000000e+00 2.500000000000000139e-02 0.000000000000000000e+00 5.000000000000000278e-02
0.000000000000000000e+00 0.000000000000000000e+00 0.000000000000000000e+00 0.000000000000000000e+00 0.000000000000000000e+00 0.000000000000000000e+00 0.000000000000000000e+00 0.000000000000000000e+00 0.000000000000000000e+00 0.000000000000000000e+00 0.000000000000000000e+00 0.000000000000000000e+00 0.000000000000000000e+00 0.000000000000000000e+00 0.000000000000000000e+00 0.000000000000000000e+00 5.000000000000000278e-02 0.000000000000000000e+00 7.500000000000001110e-02 7.500000000000001110e-02
0.000000000000000000e+00 0.000000000000000000e+00 0.000000000000000000e+00 0.000000000000000000e+00 0.000000000000000000e+00 0.000000000000000000e+00 0.000000000000000000e+00 0.000000000000000000e+00 0.000000000000000000e+00 0.000000000000000000e+00 0.000000000000000000e+00 0.000000000000000000e+00 0.000000000000000000e+00 0.000000000000000000e+00 0.000000000000000000e+00 0.000000000000000000e+00 0.000000000000000000e+00 2.500000000000000139e-02 0.000000000000000000e+00 2.500000000000000139e-02
0.000000000000000000e+00 0.000000000000000000e+00 0.000000000000000000e+00 0.000000000000000000e+00 0.000000000000000000e+00 0.000000000000000000e+00 0.000000000000000000e+00 0.000000000000000000e+00 0.000000000000000000e+00 0.000000000000000000e+00 0.000000000000000000e+00 0.000000000000000000e+00 0.000000000000000000e+00 0.000000000000000000e+00 0.000000000000000000e+00 0.000000000000000000e+00 0.000000000000000000e+00 2.500000000000000139e-02 2.500000000000000139e-02 5.000000000000000278e-02
0.000000000000000000e+00 0.000000000000000000e+00 0.000000000000000000e+00 0.000000000000000000e+00 0.000000000000000000e+00 0.000000000000000000e+00 0.000000000000000000e+00 0.000000000000000000e+00 0.000000000000000000e+00 0.000000000000000000e+00 0.000000000000000000e+00 0.000000000000000000e+00 0.000000000000000000e+00 2.500000000000000139e-02 0.000000000000000000e+00 0.000000000000000000e+00 0.000000000000000000e+00 0.000000000000000000e+00 0.000000000000000000e+00 0.000000000000000000e+00
0.000000000000000000e+00 0.000000000000000000e+00 0.000000000000000000e+00 0.000000000000000000e+00 0.000000000000000000e+00 0.000000000000000000e+00 0.000000000000000000e+00 0.000000000000000000e+00 0.000000000000000000e+00 0.000000000000000000e+00 0.000000000000000000e+00 0.000000000000000000e+00 0.000000000000000000e+00 0.000000000000000000e+00 0.000000000000000000e+00 2.500000000000000139e-02 0.000000000000000000e+00 0.000000000000000000e+00 2.500000000000000139e-02 2.500000000000000139e-02
0.000000000000000000e+00 0.000000000000000000e+00 0.000000000000000000e+00 0.000000000000000000e+00 0.000000000000000000e+00 0.000000000000000000e+00 0.000000000000000000e+00 0.000000000000000000e+00 0.000000000000000000e+00 0.000000000000000000e+00 0.000000000000000000e+00 0.000000000000000000e+00 0.000000000000000000e+00 0.000000000000000000e+00 2.500000000000000139e-02 0.000000000000000000e+00 2.500000000000000139e-02 0.000000000000000000e+00 0.000000000000000000e+00 0.000000000000000000e+00
0.000000000000000000e+00 0.000000000000000000e+00 0.000000000000000000e+00 0.000000000000000000e+00 0.000000000000000000e+00 0.000000000000000000e+00 0.000000000000000000e+00 0.000000000000000000e+00 0.000000000000000000e+00 0.000000000000000000e+00 0.000000000000000000e+00 0.000000000000000000e+00 0.000000000000000000e+00 0.000000000000000000e+00 0.000000000000000000e+00 0.000000000000000000e+00 0.000000000000000000e+00 2.500000000000000139e-02 5.000000000000000278e-02 2.500000000000000139e-02
0.000000000000000000e+00 0.000000000000000000e+00 0.000000000000000000e+00 0.000000000000000000e+00 0.000000000000000000e+00 0.000000000000000000e+00 0.000000000000000000e+00 0.000000000000000000e+00 0.000000000000000000e+00 0.000000000000000000e+00 0.000000000000000000e+00 0.000000000000000000e+00 0.000000000000000000e+00 0.000000000000000000e+00 0.000000000000000000e+00 0.000000000000000000e+00 0.000000000000000000e+00 0.000000000000000000e+00 0.000000000000000000e+00 2.500000000000000139e-02
0.000000000000000000e+00 0.000000000000000000e+00 0.000000000000000000e+00 0.000000000000000000e+00 0.000000000000000000e+00 0.000000000000000000e+00 0.000000000000000000e+00 0.000000000000000000e+00 0.000000000000000000e+00 0.000000000000000000e+00 0.000000000000000000e+00 0.000000000000000000e+00 0.000000000000000000e+00 0.000000000000000000e+00 0.000000000000000000e+00 0.000000000000000000e+00 0.000000000000000000e+00 0.000000000000000000e+00 0.000000000000000000e+00 0.000000000000000000e+00
0.000000000000000000e+00 0.000000000000000000e+00 0.000000000000000000e+00 0.000000000000000000e+00 0.000000000000000000e+00 0.000000000000000000e+00 0.000000000000000000e+00 0.000000000000000000e+00 0.000000000000000000e+00 0.000000000000000000e+00 0.000000000000000000e+00 0.000000000000000000e+00 0.000000000000000000e+00 0.000000000000000000e+00 0.000000000000000000e+00 2.500000000000000139e-02 0.000000000000000000e+00 0.000000000000000000e+00 0.000000000000000000e+00 2.500000000000000139e-02
0.000000000000000000e+00 0.000000000000000000e+00 0.000000000000000000e+00 0.000000000000000000e+00 0.000000000000000000e+00 0.000000000000000000e+00 0.000000000000000000e+00 0.000000000000000000e+00 0.000000000000000000e+00 0.000000000000000000e+00 0.000000000000000000e+00 0.000000000000000000e+00 0.000000000000000000e+00 0.000000000000000000e+00 0.000000000000000000e+00 0.000000000000000000e+00 2.500000000000000139e-02 0.000000000000000000e+00 0.000000000000000000e+00 0.000000000000000000e+00
0.000000000000000000e+00 0.000000000000000000e+00 0.000000000000000000e+00 0.000000000000000000e+00 0.000000000000000000e+00 0.000000000000000000e+00 0.000000000000000000e+00 0.000000000000000000e+00 0.000000000000000000e+00 0.000000000000000000e+00 0.000000000000000000e+00 0.000000000000000000e+00 0.000000000000000000e+00 0.000000000000000000e+00 0.000000000000000000e+00 0.000000000000000000e+00 0.000000000000000000e+00 0.000000000000000000e+00 0.000000000000000000e+00 0.000000000000000000e+00
0.000000000000000000e+00 0.000000000000000000e+00 0.000000000000000000e+00 0.000000000000000000e+00 0.000000000000000000e+00 0.000000000000000000e+00 0.000000000000000000e+00 0.000000000000000000e+00 0.000000000000000000e+00 0.000000000000000000e+00 0.000000000000000000e+00 0.000000000000000000e+00 0.000000000000000000e+00 0.000000000000000000e+00 0.000000000000000000e+00 0.000000000000000000e+00 0.000000000000000000e+00 2.500000000000000139e-02 0.000000000000000000e+00 0.000000000000000000e+00
0.000000000000000000e+00 0.000000000000000000e+00 0.000000000000000000e+00 0.000000000000000000e+00 0.000000000000000000e+00 0.000000000000000000e+00 0.000000000000000000e+00 0.000000000000000000e+00 0.000000000000000000e+00 0.000000000000000000e+00 0.000000000000000000e+00 0.000000000000000000e+00 0.000000000000000000e+00 0.000000000000000000e+00 0.000000000000000000e+00 0.000000000000000000e+00 0.000000000000000000e+00 0.000000000000000000e+00 2.500000000000000139e-02 2.500000000000000139e-02
