7.016621270781815602e-04 7.365134246351720234e-04 7.730957732130631400e-04 8.114951534738963201e-04 8.518018167072998912e-04 8.941104969509800849e-04 9.385206336471497036e-04 9.851366053582289936e-04 1.034067975091111430e-03 1.085429747806598713e-03 1.139342640719231579e-03 1.195933367022817455e-03 1.255334933708490610e-03 1.317686954175293886e-03 1.383135976368009192e-03 1.451835827213469876e-03 1.523947974164901846e-03 1.599641904704031696e-03 1.679095524692928235e-03 1.762495576511834573e-03
4.481750000000000114e+02 4.404749999999999091e+02 4.335749999999999318e+02 4.254000000000000341e+02 4.182499999999999432e+02 4.100500000000000114e+02 4.014750000000001364e+02 3.944499999999999886e+02 3.868499999999999091e+02 3.794499999999999886e+02 3.742249999999999091e+02 3.684750000000000796e+02 3.617750000000000341e+02 3.543999999999998636e+02 3.484250000000000114e+02 3.421500000000001478e+02 3.336000000000000227e+02 3.273999999999998636e+02 3.222000000000000455e+02 3.156499999999999773e+02
6.693250000000001592e+02 6.676749999999999545e+02 6.650999999999999091e+02 6.647750000000000909e+02 6.624749999999999091e+02 6.627750000000000909e+02 6.608750000000001137e+02 6.579750000000000227e+02 6.579749999999999091e+02 6.583249999999999318e+02 6.549249999999999545e+02 6.524249999999999545e+02 6.504250000000000682e+02 6.489999999999997726e+02 6.457500000000000000e+02 6.439500000000000455e+02 6.431999999999999318e+02 6.417250000000000227e+02 6.398250000000000455e+02 6.372749999999999773e+02
4.088249999999999886e+02 4.109250000000001251e+02 4.139499999999999886e+02 4.147249999999999091e+02 4.165500000000000114e+02 4.176000000000000796e+02 4.212499999999999432e+02 4.243000000000000114e+02 4.250000000000000000e+02 4.241999999999999886e+02 4.258500000000000227e+02 4.272000000000000455e+02 4.282500000000001137e+02 4.297250000000001364e+02 4.326000000000000796e+02 4.344500000000000455e+02 4.374250000000000682e+02 4.374750000000000227e+02 4.391000000000000796e+02 4.396500000000000909e+02
2.018249999999999886e+02 2.035250000000000341e+02 2.062000000000000171e+02 2.086750000000000682e+02 2.104750000000000227e+02 2.122999999999999545e+02 2.152500000000000568e+02 2.164249999999999829e+02 2.183499999999999659e+02 2.211000000000000227e+02 2.231500000000000341e+02 2.239249999999999829e+02 2.261500000000000625e+02 2.300499999999999545e+02 2.307249999999999659e+02 2.325500000000000114e+02 2.328000000000000114e+02 2.337999999999999829e+02 2.328250000000000171e+02 2.388499999999999943e+02
9.845000000000000284e+01 9.940000000000000568e+01 1.000250000000000057e+02 1.017500000000000000e+02 1.040999999999999943e+02 1.037499999999999574e+02 1.053000000000000398e+02 1.069500000000000171e+02 1.082000000000000313e+02 1.095250000000000057e+02 1.104999999999999858e+02 1.122749999999999915e+02 1.138999999999999773e+02 1.133750000000000142e+02 1.149249999999999687e+02 1.156500000000000199e+02 1.187000000000000171e+02 1.207249999999999801e+02 1.222750000000000057e+02 1.205999999999999943e+02
5.274999999999998579e+01 5.467499999999999716e+01 5.552499999999999147e+01 5.502500000000001990e+01 5.607499999999999574e+01 5.835000000000000142e+01 5.737500000000001421e+01 5.832500000000000284e+01 5.857499999999999574e+01 5.897500000000000142e+01 6.050000000000000711e+01 6.159999999999999432e+01 6.182499999999999574e+01 6.257500000000001705e+01 6.445000000000000284e+01 6.415000000000000568e+01 6.422499999999999432e+01 6.677499999999999147e+01 6.767499999999999716e+01 6.907499999999998863e+01
3.190000000000000213e+01 3.182500000000000284e+01 3.102500000000000213e+01 3.327499999999999858e+01 3.272499999999998721e+01 3.277499999999999858e+01 3.539999999999999147e+01 3.572499999999999432e+01 3.670000000000001705e+01 3.689999999999999147e+01 3.732500000000000995e+01 3.865000000000000568e+01 3.877500000000001279e+01 3.944999999999998863e+01 4.000000000000000000e+01 4.067499999999999716e+01 4.042499999999999005e+01 4.109999999999998721e+01 4.212499999999997868e+01 4.207499999999999574e+01
2.004999999999999361e+01 2.117499999999999716e+01 2.135000000000000142e+01 2.207499999999999929e+01 2.279999999999999361e+01 2.372500000000000497e+01 2.209999999999999787e+01 2.267499999999999716e+01 2.347499999999999432e+01 2.462500000000000000e+01 2.482500000000000639e+01 2.419999999999999574e+01 2.552499999999999503e+01 2.552500000000000568e+01 2.515000000000000213e+01 2.619999999999999574e+01 2.722500000000000142e+01 2.655000000000000071e+01 2.689999999999999858e+01 2.735000000000000497e+01
1.419999999999999396e+01 1.395000000000000284e+01 1.502500000000000036e+01 1.457500000000000284e+01 1.487500000000000355e+01 1.532499999999999929e+01 1.539999999999999503e+01 1.667500000000000426e+01 1.625000000000000000e+01 1.692499999999999716e+01 1.702499999999999858e+01 1.700000000000000355e+01 1.754999999999999716e+01 1.844999999999999574e+01 1.830000000000000071e+01 1.822499999999999787e+01 1.882499999999999574e+01 1.902499999999999858e+01 1.912500000000000355e+01 2.002500000000000213e+01
9.199999999999999289e+00 9.925000000000000711e+00 1.050000000000000355e+01 9.950000000000001066e+00 1.114999999999999858e+01 1.094999999999999929e+01 1.162500000000000000e+01 1.142500000000000071e+01 1.182500000000000284e+01 1.137500000000000178e+01 1.175000000000000178e+01 1.237500000000000000e+01 1.277499999999999858e+01 1.339999999999999680e+01 1.387499999999999822e+01 1.352500000000000213e+01 1.347500000000000142e+01 1.394999999999999751e+01 1.437499999999999645e+01 1.475000000000000000e+01
8.125000000000000000e+00 7.725000000000000533e+00 7.474999999999997868e+00 8.174999999999997158e+00 7.550000000000000711e+00 8.150000000000000355e+00 8.500000000000000000e+00 7.875000000000000000e+00 8.874999999999998224e+00 9.275000000000002132e+00 9.150000000000002132e+00 9.499999999999998224e+00 9.225000000000001421e+00 8.899999999999998579e+00 9.500000000000000000e+00 1.079999999999999893e+01 1.072499999999999609e+01 1.050000000000000355e+01 1.102499999999999858e+01 1.067499999999999893e+01
6.000000000000000000e+00 6.324999999999998401e+00 6.299999999999999822e+00 6.524999999999999467e+00 6.524999999999999467e+00 6.549999999999999822e+00 6.624999999999998224e+00 7.099999999999998757e+00 6.699999999999998401e+00 6.574999999999999289e+00 7.050000000000000711e+00 7.374999999999997335e+00 7.700000000000001066e+00 7.650000000000000355e+00 7.749999999999999112e+00 7.549999999999998046e+00 8.074999999999999289e+00 8.424999999999998934e+00 8.224999999999999645e+00 8.675000000000000711e+00
4.474999999999999645e+00 4.724999999999998757e+00 5.250000000000001776e+00 4.575000000000001066e+00 5.325000000000001066e+00 5.424999999999998934e+00 4.825000000000000178e+00 5.349999999999998757e+00 5.174999999999999822e+00 5.675000000000000711e+00 5.524999999999999467e+00 5.500000000000001776e+00 5.525000000000000355e+00 5.799999999999998934e+00 5.800000000000000711e+00 5.925000000000001599e+00 6.424999999999999822e+00 6.299999999999999822e+00 7.049999999999997158e+00 6.650000000000000355e+00
4.200000000000001066e+00 4.099999999999999645e+00 4.024999999999998579e+00 4.700000000000001066e+00 3.974999999999999201e+00 4.125000000000000000e+00 4.875000000000000000e+00 4.400000000000000355e+00 4.625000000000000000e+00 4.525000000000000355e+00 4.399999999999999467e+00 5.024999999999999467e+00 4.824999999999997513e+00 4.700000000000000178e+00 4.999999999999999112e+00 4.599999999999999645e+00 4.775000000000000355e+00 4.724999999999999645e+00 4.625000000000000888e+00 5.450000000000001954e+00
3.274999999999999023e+00 3.449999999999999289e+00 3.349999999999998312e+00 3.425000000000000266e+00 3.700000000000000178e+00 3.849999999999998757e+00 3.525000000000000799e+00 4.025000000000000355e+00 3.600000000000000089e+00 3.850000000000000089e+00 4.050000000000000711e+00 3.624999999999999556e+00 3.799999999999999378e+00 4.224999999999999645e+00 3.999999999999999556e+00 4.474999999999999645e+00 3.875000000000000000e+00 4.425000000000001599e+00 4.375000000000000000e+00 4.400000000000001243e+00
2.750000000000000000e+00 2.849999999999999645e+00 3.175000000000000711e+00 3.100000000000000089e+00 3.350000000000000533e+00 3.000000000000000888e+00 3.174999999999999822e+00 3.500000000000000444e+00 3.475000000000000089e+00 3.950000000000000178e+00 3.849999999999999645e+00 3.624999999999999556e+00 3.675000000000000711e+00 3.549999999999999822e+00 3.175000000000000266e+00 3.800000000000000266e+00 3.774999999999999911e+00 3.549999999999999378e+00 3.800000000000000266e+00 3.674999999999999822e+00
2.274999999999999467e+00 2.149999999999999911e+00 2.350000000000000089e+00 2.549999999999998934e+00 2.374999999999999556e+00 2.300000000000000266e+00 2.824999999999999734e+00 2.525000000000000355e+00 3.199999999999999289e+00 2.725000000000000533e+00 2.900000000000000355e+00 2.649999999999999911e+00 3.275000000000000355e+00 2.975000000000000089e+00 3.374999999999999556e+00 3.274999999999999911e+00 3.549999999999998490e+00 3.574999999999999734e+00 3.375000000000000000e+00 3.324999999999998401e+00
1.574999999999999956e+00 1.725000000000000533e+00 1.800000000000000044e+00 2.024999999999999467e+00 2.049999999999999378e+00 2.624999999999999556e+00 2.299999999999999822e+00 2.299999999999999822e+00 2.175000000000000266e+00 2.025000000000000355e+00 2.799999999999999378e+00 3.099999999999999201e+00 3.124999999999999112e+00 2.674999999999999822e+00 2.674999999999999822e+00 2.799999999999999822e+00 2.449999999999999734e+00 3.200000000000001510e+00 2.850000000000000089e+00 2.875000000000000444e+00
1.999999999999999778e+00 1.949999999999999734e+00 1.649999999999999689e+00 1.575000000000000178e+00 1.850000000000000311e+00 1.725000000000000089e+00 1.925000000000000044e+00 1.799999999999999822e+00 2.024999999999999911e+00 2.299999999999999378e+00 1.874999999999999778e+00 2.524999999999999911e+00 2.149999999999999911e+00 2.575000000000000178e+00 2.699999999999998401e+00 2.799999999999999822e+00 2.874999999999998668e+00 2.549999999999999378e+00 3.025000000000000355e+00 2.674999999999999822e+00
1.175000000000000266e+00 1.624999999999999778e+00 1.599999999999999867e+00 1.649999999999999911e+00 1.599999999999999423e+00 1.600000000000000311e+00 1.799999999999999378e+00 1.625000000000000222e+00 1.599999999999999867e+00 1.674999999999999600e+00 1.774999999999999689e+00 1.699999999999999512e+00 2.000000000000000000e+00 2.049999999999999822e+00 2.174999999999999822e+00 2.099999999999999201e+00 2.350000000000000089e+00 2.349999999999999201e+00 2.225000000000000089e+00 2.599999999999999645e+00
1.250000000000000222e+00 1.200000000000000178e+00 1.199999999999999956e+00 1.300000000000000488e+00 1.475000000000000311e+00 1.550000000000000044e+00 1.725000000000000311e+00 1.624999999999999778e+00 1.725000000000000089e+00 1.699999999999999956e+00 1.624999999999999556e+00 1.350000000000000089e+00 1.599999999999999867e+00 1.550000000000000266e+00 1.700000000000000178e+00 2.074999999999999734e+00 2.075000000000000178e+00 1.700000000000000178e+00 2.125000000000000000e+00 1.999999999999999556e+00
1.025000000000000133e+00 1.199999999999999956e+00 1.175000000000000044e+00 1.274999999999999689e+00 1.100000000000000533e+00 1.525000000000000577e+00 1.249999999999999778e+00 1.524999999999999911e+00 1.424999999999999822e+00 1.424999999999999822e+00 1.400000000000000133e+00 1.674999999999999600e+00 1.350000000000000311e+00 1.725000000000000311e+00 1.550000000000000044e+00 1.324999999999999956e+00 1.649999999999999689e+00 1.750000000000000000e+00 1.574999999999999956e+00 1.800000000000000266e+00
1.300000000000000044e+00 9.000000000000002442e-01 1.125000000000000444e+00 1.100000000000000089e+00 1.125000000000000222e+00 1.050000000000000266e+00 9.250000000000001554e-01 1.250000000000000222e+00 1.100000000000000089e+00 1.424999999999999822e+00 1.324999999999999956e+00 1.250000000000000000e+00 1.050000000000000044e+00 1.324999999999999734e+00 1.199999999999999734e+00 1.425000000000000044e+00 1.275000000000000133e+00 1.324999999999999734e+00 1.624999999999999778e+00 1.749999999999999778e+00
8.250000000000003997e-01 7.000000000000002887e-01 7.250000000000000888e-01 9.250000000000004885e-01 1.050000000000000266e+00 8.000000000000002665e-01 1.075000000000000178e+00 1.000000000000000222e+00 9.750000000000003109e-01 1.149999999999999911e+00 8.750000000000001110e-01 1.324999999999999734e+00 1.200000000000000178e+00 1.050000000000000266e+00 1.399999999999999911e+00 1.424999999999999822e+00 9.500000000000001776e-01 1.399999999999999911e+00 1.175000000000000488e+00 1.175000000000000266e+00
6.250000000000001110e-01 1.050000000000000044e+00 8.250000000000001776e-01 8.000000000000003775e-01 1.175000000000000044e+00 1.000000000000000444e+00 9.750000000000003109e-01 1.050000000000000044e+00 1.000000000000000000e+00 9.750000000000003109e-01 1.275000000000000355e+00 1.075000000000000178e+00 1.275000000000000355e+00 1.399999999999999689e+00 1.075000000000000622e+00 9.250000000000003775e-01 1.424999999999999822e+00 1.074999999999999956e+00 1.000000000000000444e+00 1.074999999999999956e+00
6.250000000000002220e-01 4.500000000000000111e-01 9.750000000000001998e-01 7.500000000000002220e-01 7.750000000000002442e-01 6.500000000000002442e-01 8.500000000000004219e-01 8.750000000000003331e-01 1.150000000000000133e+00 1.025000000000000355e+00 9.250000000000002665e-01 7.750000000000002442e-01 1.050000000000000488e+00 1.050000000000000266e+00 1.175000000000000266e+00 1.050000000000000488e+00 1.125000000000000000e+00 1.125000000000000000e+00 1.349999999999999645e+00 1.125000000000000222e+00
5.250000000000001332e-01 6.250000000000002220e-01 4.750000000000000888e-01 8.250000000000002887e-01 5.000000000000002220e-01 9.000000000000004663e-01 6.500000000000002442e-01 7.250000000000001998e-01 7.250000000000001998e-01 6.250000000000002220e-01 7.500000000000001110e-01 7.250000000000003109e-01 7.250000000000000888e-01 9.750000000000001998e-01 1.125000000000000000e+00 9.750000000000001998e-01 8.500000000000001998e-01 1.125000000000000444e+00 1.150000000000000355e+00 1.000000000000000222e+00
5.250000000000000222e-01 6.500000000000002442e-01 7.250000000000003109e-01 5.000000000000000000e-01 7.000000000000001776e-01 7.000000000000002887e-01 8.250000000000002887e-01 6.000000000000000888e-01 8.250000000000005107e-01 7.000000000000001776e-01 8.500000000000001998e-01 1.000000000000000444e+00 9.250000000000002665e-01 8.250000000000002887e-01 8.250000000000002887e-01 7.500000000000001110e-01 8.500000000000001998e-01 8.500000000000003109e-01 8.500000000000003109e-01 1.149999999999999911e+00
4.250000000000000444e-01 2.999999999999999889e-01 4.500000000000000666e-01 6.000000000000001998e-01 3.250000000000000666e-01 5.000000000000001110e-01 5.750000000000000666e-01 7.250000000000000888e-01 7.000000000000002887e-01 5.749999999999999556e-01 7.500000000000003331e-01 8.000000000000002665e-01 7.500000000000004441e-01 8.000000000000003775e-01 1.000000000000000222e+00 7.750000000000002442e-01 7.500000000000003331e-01 8.750000000000003331e-01 9.250000000000003775e-01 9.250000000000002665e-01
3.750000000000000555e-01 3.750000000000001110e-01 2.999999999999999889e-01 4.000000000000001332e-01 5.250000000000000222e-01 4.000000000000000222e-01 3.500000000000000333e-01 5.250000000000001332e-01 5.000000000000001110e-01 7.250000000000003109e-01 6.500000000000001332e-01 8.250000000000002887e-01 7.500000000000002220e-01 6.000000000000001998e-01 6.250000000000002220e-01 9.000000000000002442e-01 9.000000000000002442e-01 6.000000000000001998e-01 8.750000000000004441e-01 6.750000000000002665e-01
1.499999999999999944e-01 3.250000000000000111e-01 3.250000000000000666e-01 3.500000000000000333e-01 4.000000000000000222e-01 5.500000000000000444e-01 5.000000000000000000e-01 4.500000000000001776e-01 4.750000000000000888e-01 7.750000000000001332e-01 6.750000000000001554e-01 5.750000000000001776e-01 6.000000000000000888e-01 7.000000000000002887e-01 5.000000000000001110e-01 7.750000000000003553e-01 5.750000000000000666e-01 5.750000000000000666e-01 8.750000000000004441e-01 8.750000000000003331e-01
2.999999999999999889e-01 2.249999999999999778e-01 3.500000000000000333e-01 3.000000000000000444e-01 3.250000000000000666e-01 3.750000000000000000e-01 5.250000000000001332e-01 4.750000000000000888e-01 4.250000000000000444e-01 5.000000000000001110e-01 5.250000000000001332e-01 4.750000000000000888e-01 5.750000000000001776e-01 5.500000000000001554e-01 6.500000000000001332e-01 5.750000000000000666e-01 7.250000000000003109e-01 8.000000000000003775e-01 6.250000000000002220e-01 6.250000000000002220e-01
2.499999999999999722e-01 2.250000000000000056e-01 2.499999999999999722e-01 2.499999999999999722e-01 2.749999999999999667e-01 5.250000000000000222e-01 2.500000000000000000e-01 2.499999999999999722e-01 4.500000000000000666e-01 2.499999999999999722e-01 3.250000000000000111e-01 4.500000000000001776e-01 5.750000000000001776e-01 5.250000000000000222e-01 5.500000000000001554e-01 5.500000000000000444e-01 7.750000000000003553e-01 5.999999999999999778e-01 7.750000000000001332e-01 5.250000000000001332e-01
1.749999999999999889e-01 3.500000000000000333e-01 3.500000000000000888e-01 3.250000000000000666e-01 4.500000000000001221e-01 2.499999999999999722e-01 2.000000000000000111e-01 5.000000000000000000e-01 3.250000000000000111e-01 2.999999999999999889e-01 4.250000000000000999e-01 4.250000000000000444e-01 5.000000000000001110e-01 4.500000000000001221e-01 6.250000000000000000e-01 6.750000000000001554e-01 5.500000000000001554e-01 6.500000000000001332e-01 4.250000000000000444e-01 7.000000000000001776e-01
1.499999999999999944e-01 2.500000000000000000e-01 2.249999999999999778e-01 3.250000000000000111e-01 2.749999999999999667e-01 2.500000000000000000e-01 2.500000000000000000e-01 2.999999999999999889e-01 3.250000000000000666e-01 3.000000000000000444e-01 4.000000000000000222e-01 2.999999999999999889e-01 3.500000000000000333e-01 5.250000000000002442e-01 3.250000000000000666e-01 6.000000000000000888e-01 3.999999999999999667e-01 6.750000000000001554e-01 5.750000000000001776e-01 7.000000000000001776e-01
2.249999999999999778e-01 1.000000000000000056e-01 1.250000000000000000e-01 2.249999999999999778e-01 2.749999999999999667e-01 2.249999999999999778e-01 4.500000000000001221e-01 2.499999999999999722e-01 3.000000000000000444e-01 3.249999999999999556e-01 3.750000000000000000e-01 1.999999999999999833e-01 3.000000000000000444e-01 4.500000000000000111e-01 2.999999999999999889e-01 4.750000000000001998e-01 5.000000000000001110e-01 6.250000000000001110e-01 5.500000000000001554e-01 4.750000000000000333e-01
1.499999999999999944e-01 1.250000000000000000e-01 2.499999999999999722e-01 2.250000000000000056e-01 2.499999999999999722e-01 2.249999999999999778e-01 2.499999999999999722e-01 2.500000000000000000e-01 2.750000000000000222e-01 2.499999999999999722e-01 2.249999999999999778e-01 2.749999999999999667e-01 1.749999999999999889e-01 2.249999999999999778e-01 4.750000000000001998e-01 3.000000000000000444e-01 7.000000000000001776e-01 5.500000000000000444e-01 4.250000000000000444e-01 4.750000000000000888e-01
2.500000000000000139e-02 1.250000000000000000e-01 1.250000000000000000e-01 1.250000000000000000e-01 1.000000000000000056e-01 1.499999999999999944e-01 2.749999999999999667e-01 1.749999999999999889e-01 2.999999999999999889e-01 3.500000000000000333e-01 2.499999999999999722e-01 2.500000000000000000e-01 1.999999999999999833e-01 3.750000000000000555e-01 4.500000000000000666e-01 1.999999999999999833e-01 3.500000000000000333e-01 4.500000000000000666e-01 5.000000000000001110e-01 6.500000000000001332e-01
7.500000000000001110e-02 1.000000000000000056e-01 1.499999999999999944e-01 1.749999999999999889e-01 1.999999999999999833e-01 1.000000000000000056e-01 2.249999999999999778e-01 2.000000000000000111e-01 3.250000000000000111e-01 2.750000000000000777e-01 2.999999999999999889e-01 2.749999999999999667e-01 2.999999999999999889e-01 2.750000000000000222e-01 2.499999999999999722e-01 2.999999999999999889e-01 3.000000000000000444e-01 2.999999999999999889e-01 3.250000000000000111e-01 4.000000000000000777e-01
1.000000000000000056e-01 1.000000000000000056e-01 1.250000000000000000e-01 1.000000000000000056e-01 1.250000000000000000e-01 1.749999999999999889e-01 2.249999999999999778e-01 2.749999999999999667e-01 2.249999999999999778e-01 1.000000000000000056e-01 1.999999999999999833e-01 3.750000000000001110e-01 1.749999999999999889e-01 2.499999999999999722e-01 2.249999999999999778e-01 1.749999999999999889e-01 2.249999999999999778e-01 2.500000000000000000e-01 4.000000000000000777e-01 2.499999999999999722e-01
2.500000000000000139e-02 7.500000000000001110e-02 1.000000000000000056e-01 5.000000000000000278e-02 2.500000000000000139e-02 1.749999999999999889e-01 5.000000000000000278e-02 1.749999999999999889e-01 1.749999999999999889e-01 3.750000000000001110e-01 1.999999999999999833e-01 1.999999999999999833e-01 3.250000000000000111e-01 3.250000000000000111e-01 2.999999999999999889e-01 2.500000000000000000e-01 3.250000000000000666e-01 2.499999999999999722e-01 3.249999999999999556e-01 3.000000000000000444e-01
7.500000000000001110e-02 5.000000000000000278e-02 5.000000000000000278e-02 1.000000000000000056e-01 7.500000000000001110e-02 1.250000000000000000e-01 1.499999999999999944e-01 1.749999999999999889e-01 1.499999999999999944e-01 2.250000000000000056e-01 1.749999999999999889e-01 3.250000000000000111e-01 3.250000000000000111e-01 2.499999999999999722e-01 2.499999999999999722e-01 2.500000000000000000e-01 2.749999999999999667e-01 2.749999999999999667e-01 1.000000000000000056e-01 2.000000000000000111e-01
5.000000000000000278e-02 5.000000000000000278e-02 5.000000000000000278e-02 5.000000000000000278e-02 7.500000000000001110e-02 5.000000000000000278e-02 1.499999999999999944e-01 1.999999999999999833e-01 2.499999999999999722e-01 1.499999999999999944e-01 2.249999999999999778e-01 4.250000000000000999e-01 3.500000000000000333e-01 1.999999999999999833e-01 2.499999999999999722e-01 2.500000000000000000e-01 3.750000000000000555e-01 3.500000000000000333e-01 2.249999999999999778e-01 4.500000000000001221e-01
5.000000000000000278e-02 5.000000000000000278e-02 7.500000000000001110e-02 0.000000000000000000e+00 1.250000000000000000e-01 2.749999999999999667e-01 1.499999999999999944e-01 7.500000000000001110e-02 2.249999999999999778e-01 1.499999999999999944e-01 1.250000000000000000e-01 1.000000000000000056e-01 2.000000000000000111e-01 1.499999999999999944e-01 1.499999999999999944e-01 2.999999999999999889e-01 1.499999999999999944e-01 1.999999999999999833e-01 3.000000000000000444e-01 2.249999999999999778e-01
5.000000000000000278e-02 5.000000000000000278e-02 0.000000000000000000e+00 7.500000000000001110e-02 7.500000000000001110e-02 7.500000000000001110e-02 1.000000000000000056e-01 1.000000000000000056e-01 1.499999999999999944e-01 1.000000000000000056e-01 1.999999999999999833e-01 1.250000000000000000e-01 1.499999999999999944e-01 1.999999999999999833e-01 7.500000000000001110e-02 2.749999999999999667e-01 1.250000000000000000e-01 2.500000000000000000e-01 3.250000000000000111e-01 1.999999999999999833e-01
2.500000000000000139e-02 5.000000000000000278e-02 5.000000000000000278e-02 0.000000000000000000e+00 5.000000000000000278e-02 7.500000000000001110e-02 5.000000000000000278e-02 1.000000000000000056e-01 5.000000000000000278e-02 1.250000000000000000e-01 1.499999999999999944e-01 7.500000000000001110e-02 2.499999999999999722e-01 1.000000000000000056e-01 7.500000000000001110e-02 1.999999999999999833e-01 1.749999999999999889e-01 1.749999999999999889e-01 2.249999999999999778e-01 2.999999999999999889e-01
0.000000000000000000e+00 0.000000000000000000e+00 2.500000000000000139e-02 2.500000000000000139e-02 0.000000000000000000e+00 0.000000000000000000e+00 1.250000000000000000e-01 1.250000000000000000e-01 1.000000000000000056e-01 1.250000000000000000e-01 2.500000000000000139e-02 1.749999999999999889e-01 1.000000000000000056e-01 1.499999999999999944e-01 1.499999999999999944e-01 1.000000000000000056e-01 1.499999999999999944e-01 1.499999999999999944e-01 1.999999999999999833e-01 1.999999999999999833e-01
0.000000000000000000e+00 2.500000000000000139e-02 5.000000000000000278e-02 5.000000000000000278e-02 5.000000000000000278e-02 7.500000000000001110e-02 2.500000000000000139e-02 0.000000000000000000e+00 7.500000000000001110e-02 2.750000000000000222e-01 1.749999999999999889e-01 1.999999999999999833e-01 1.250000000000000000e-01 1.000000000000000056e-01 1.749999999999999889e-01 7.500000000000001110e-02 1.250000000000000000e-01 1.250000000000000000e-01 1.250000000000000000e-01 2.249999999999999778e-01
2.500000000000000139e-02 0.000000000000000000e+00 0.000000000000000000e+00 5.000000000000000278e-02 7.500000000000001110e-02 0.000000000000000000e+00 2.500000000000000139e-02 5.000000000000000278e-02 2.500000000000000139e-02 7.500000000000001110e-02 1.749999999999999889e-01 1.999999999999999833e-01 1.250000000000000000e-01 1.250000000000000000e-01 1.000000000000000056e-01 1.999999999999999833e-01 1.499999999999999944e-01 1.000000000000000056e-01 1.749999999999999889e-01 2.249999999999999778e-01
2.500000000000000139e-02 0.000000000000000000e+00 0.000000000000000000e+00 2.500000000000000139e-02 5.000000000000000278e-02 5.000000000000000278e-02 5.000000000000000278e-02 1.250000000000000000e-01 5.000000000000000278e-02 1.000000000000000056e-01 1.749999999999999889e-01 1.749999999999999889e-01 1.499999999999999944e-01 1.999999999999999833e-01 2.249999999999999778e-01 1.000000000000000056e-01 1.499999999999999944e-01 1.250000000000000000e-01 1.749999999999999889e-01 1.499999999999999944e-01
0.000000000000000000e+00 0.000000000000000000e+00 0.000000000000000000e+00 2.500000000000000139e-02 2.500000000000000139e-02 5.000000000000000278e-02 7.500000000000001110e-02 0.000000000000000000e+00 5.000000000000000278e-02 5.000000000000000278e-02 5.000000000000000278e-02 7.500000000000001110e-02 1.999999999999999833e-01 1.499999999999999944e-01 3.250000000000000111e-01 1.999999999999999833e-01 1.499999999999999944e-01 1.499999999999999944e-01 1.250000000000000000e-01 1.250000000000000000e-01
0.000000000000000000e+00 5.000000000000000278e-02 2.500000000000000139e-02 7.500000000000001110e-02 0.000000000000000000e+00 2.500000000000000139e-02 5.000000000000000278e-02 2.500000000000000139e-02 1.000000000000000056e-01 0.000000000000000000e+00 1.250000000000000000e-01 5.000000000000000278e-02 1.250000000000000000e-01 5.000000000000000278e-02 1.749999999999999889e-01 1.000000000000000056e-01 1.749999999999999889e-01 1.499999999999999944e-01 1.250000000000000000e-01 1.250000000000000000e-01
0.000000000000000000e+00 5.000000000000000278e-02 0.000000000000000000e+00 0.000000000000000000e+00 5.000000000000000278e-02 2.500000000000000139e-02 2.500000000000000139e-02 5.000000000000000278e-02 7.500000000000001110e-02 2.500000000000000139e-02 5.000000000000000278e-02 7.500000000000001110e-02 7.500000000000001110e-02 1.499999999999999944e-01 1.000000000000000056e-01 1.999999999999999833e-01 1.499999999999999944e-01 2.249999999999999778e-01 1.999999999999999833e-01 1.499999999999999944e-01
0.000000000000000000e+00 0.000000000000000000e+00 2.500000000000000139e-02 0.000000000000000000e+00 0.000000000000000000e+00 2.500000000000000139e-02 0.000000000000000000e+00 1.499999999999999944e-01 2.500000000000000139e-02 5.000000000000000278e-02 5.000000000000000278e-02 5.000000000000000278e-02 7.500000000000001110e-02 1.999999999999999833e-01 1.250000000000000000e-01 1.250000000000000000e-01 7.500000000000001110e-02 1.500000000000000222e-01 7.500000000000001110e-02 1.250000000000000000e-01
0.000000000000000000e+00 0.000000000000000000e+00 0.000000000000000000e+00 5.000000000000000278e-02 2.500000000000000139e-02 0.000000000000000000e+00 0.000000000000000000e+00 2.500000000000000139e-02 5.000000000000000278e-02 1.000000000000000056e-01 7.500000000000001110e-02 2.500000000000000139e-02 7.500000000000001110e-02 1.499999999999999944e-01 1.000000000000000056e-01 1.999999999999999833e-01 1.749999999999999889e-01 1.250000000000000000e-01 1.749999999999999889e-01 0.000000000000000000e+00
0.000000000000000000e+00 0.000000000000000000e+00 2.500000000000000139e-02 2.500000000000000139e-02 0.000000000000000000e+00 2.500000000000000139e-02 0.000000000000000000e+00 2.500000000000000139e-02 2.500000000000000139e-02 2.500000000000000139e-02 0.000000000000000000e+00 5.000000000000000278e-02 2.500000000000000139e-02 1.250000000000000000e-01 7.500000000000001110e-02 1.499999999999999944e-01 1.749999999999999889e-01 1.499999999999999944e-01 1.999999999999999833e-01 7.500000000000001110e-02
0.000000000000000000e+00 0.000000000000000000e+00 0.000000000000000000e+00 0.000000000000000000e+00 7.500000000000001110e-02 0.000000000000000000e+00 2.500000000000000139e-02 2.500000000000000139e-02 0.000000000000000000e+00 0.000000000000000000e+00 7.500000000000001110e-02 7.500000000000001110e-02 2.500000000000000139e-02 7.500000000000001110e-02 1.499999999999999944e-01 1.500000000000000222e-01 1.499999999999999944e-01 1.749999999999999889e-01 1.000000000000000056e-01 3.000000000000000444e-01
2.500000000000000139e-02 0.000000000000000000e+00 0.000000000000000000e+00 0.000000000000000000e+00 0.000000000000000000e+00 0.000000000000000000e+00 5.000000000000000278e-02 2.500000000000000139e-02 0.000000000000000000e+00 2.500000000000000139e-02 0.000000000000000000e+00 2.500000000000000139e-02 2.500000000000000139e-02 7.500000000000001110e-02 1.000000000000000056e-01 1.999999999999999833e-01 5.000000000000000278e-02 1.499999999999999944e-01 1.000000000000000056e-01 1.250000000000000000e-01
0.000000000000000000e+00 0.000000000000000000e+00 2.500000000000000139e-02 0.000000000000000000e+00 2.500000000000000139e-02 2.500000000000000139e-02 0.000000000000000000e+00 2.500000000000000139e-02 5.000000000000000278e-02 0.000000000000000000e+00 5.000000000000000278e-02 1.000000000000000056e-01 1.499999999999999944e-01 2.500000000000000139e-02 5.000000000000000278e-02 2.500000000000000139e-02 1.499999999999999944e-01 7.500000000000001110e-02 1.000000000000000056e-01 1.499999999999999944e-01
0.000000000000000000e+00 0.000000000000000000e+00 0.000000000000000000e+00 0.000000000000000000e+00 0.000000000000000000e+00 2.500000000000000139e-02 0.000000000000000000e+00 2.500000000000000139e-02 2.500000000000000139e-02 7.500000000000001110e-02 2.500000000000000139e-02 5.000000000000000278e-02 1.000000000000000056e-01 0.000000000000000000e+00 2.500000000000000139e-02 2.500000000000000139e-02 1.250000000000000000e-01 7.500000000000001110e-02 1.000000000000000056e-01 2.500000000000000139e-02
0.000000000000000000e+00 0.000000000000000000e+00 0.000000000000000000e+00 0.000000000000000000e+00 0.000000000000000000e+00 0.000000000000000000e+00 7.500000000000001110e-02 0.000000000000000000e+00 2.500000000000000139e-02 2.500000000000000139e-02 5.000000000000000278e-02 2.500000000000000139e-02 2.500000000000000139e-02 2.500000000000000139e-02 5.000000000000000278e-02 5.000000000000000278e-02 1.000000000000000056e-01 1.000000000000000056e-01 7.500000000000001110e-02 7.500000000000001110e-02
0.000000000000000000e+00 0.000000000000000000e+00 0.000000000000000000e+00 0.000000000000000000e+00 0.000000000000000000e+00 2.500000000000000139e-02 2.500000000000000139e-02 0.000000000000000000e+00 2.500000000000000139e-02 5.000000000000000278e-02 2.500000000000000139e-02 0.000000000000000000e+00 2.500000000000000139e-02 0.000000000000000000e+00 2.500000000000000139e-02 1.000000000000000056e-01 5.000000000000000278e-02 7.500000000000001110e-02 1.499999999999999944e-01 1.250000000000000000e-01
0.000000000000000000e+00 0.000000000000000000e+00 0.000000000000000000e+00 0.000000000000000000e+00 0.000000000000000000e+00 0.000000000000000000e+00 0.000000000000000000e+00 2.500000000000000139e-02 0.000000000000000000e+00 2.500000000000000139e-02 0.000000000000000000e+00 0.000000000000000000e+00 2.500000000000000139e-02 5.000000000000000278e-02 5.000000000000000278e-02 5.000000000000000278e-02 7.500000000000001110e-02 1.000000000000000056e-01 1.000000000000000056e-01 1.000000000000000056e-01
0.000000000000000000e+00 0.000000000000000000e+00 0.000000000000000000e+00 0.000000000000000000e+00 0.000000000000000000e+00 2.500000000000000139e-02 2.500000000000000139e-02 0.000000000000000000e+00 0.000000000000000000e+00 0.000000000000000000e+00 0.000000000000000000e+00 2.500000000000000139e-02 2.500000000000000139e-02 5.000000000000000278e-02 5.000000000000000278e-02 7.500000000000001110e-02 5.000000000000000278e-02 1.000000000000000056e-01 7.500000000000001110e-02 1.000000000000000056e-01
0.000000000000000000e+00 0.000000000000000000e+00 0.000000000000000000e+00 0.000000000000000000e+00 0.000000000000000000e+00 0.000000000000000000e+00 0.000000000000000000e+00 0.000000000000000000e+00 5.000000000000000278e-02 0.000000000000000000e+00 5.000000000000000278e-02 2.500000000000000139e-02 0.000000000000000000e+00 2.500000000000000139e-02 5.000000000000000278e-02 2.500000000000000139e-02 2.500000000000000139e-02 1.000000000000000056e-01 1.749999999999999889e-01 1.749999999999999889e-01
0.000000000000000000e+00 0.000000000000000000e+00 0.000000000000000000e+00 0.000000000000000000e+00 0.000000000000000000e+00 0.000000000000000000e+00 0.000000000000000000e+00 2.500000000000000139e-02 0.000000000000000000e+00 2.500000000000000139e-02 7.500000000000001110e-02 0.000000000000000000e+00 2.500000000000000139e-02 5.000000000000000278e-02 0.000000000000000000e+00 0.000000000000000000e+00 0.000000000000000000e+00 5.000000000000000278e-02 5.000000000000000278e-02 5.000000000000000278e-02
0.000000000000000000e+00 0.000000000000000000e+00 0.000000000000000000e+00 0.000000000000000000e+00 0.000000000000000000e+00 0.000000000000000000e+00 0.000000000000000000e+00 0.000000000000000000e+00 2.500000000000000139e-02 0.000000000000000000e+00 0.000000000000000000e+00 0.000000000000000000e+00 0.000000000000000000e+00 0.000000000000000000e+00 0.000000000000000000e+00 5.000000000000000278e-02 5.000000000000000278e-02 5.000000000000000278e-02 7.500000000000001110e-02 7.500000000000001110e-02
0.000000000000000000e+00 0.000000000000000000e+00 0.000000000000000000e+00 0.000000000000000000e+00 0.000000000000000000e+00 0.000000000000000000e+00 0.000000000000000000e+00 0.000000000000000000e+00 2.500000000000000139e-02 2.500000000000000139e-02 0.000000000000000000e+00 5.000000000000000278e-02 2.500000000000000139e-02 7.500000000000001110e-02 2.500000000000000139e-02 2.500000000000000139e-02 0.000000000000000000e+00 5.000000000000000278e-02 5.000000000000000278e-02 7.500000000000001110e-02
0.000000000000000000e+00 0.000000000000000000e+00 0.000000000000000000e+00 0.000000000000000000e+00 0.000000000000000000e+00 0.000000000000000000e+00 0.000000000000000000e+00 0.000000000000000000e+00 0.000000000000000000e+00 2.500000000000000139e-02 0.000000000000000000e+00 5.000000000000000278e-02 2.500000000000000139e-02 2.500000000000000139e-02 7.500000000000001110e-02 0.000000000000000000e+00 1.250000000000000000e-01 2.500000000000000139e-02 1.000000000000000056e-01 7.500000000000001110e-02
0.000000000000000000e+00 0.000000000000000000e+00 0.000000000000000000e+00 0.000000000000000000e+00 0.000000000000000000e+00 0.000000000000000000e+00 0.000000000000000000e+00 0.000000000000000000e+00 0.000000000000000000e+00 5.000000000000000278e-02 5.000000000000000278e-02 2.500000000000000139e-02 2.500000000000000139e-02 0.000000000000000000e+00 5.000000000000000278e-02 2.500000000000000139e-02 2.500000000000000139e-02 7.500000000000001110e-02 5.000000000000000278e-02 1.000000000000000056e-01
0.000000000000000000e+00 0.000000000000000000e+00 0.000000000000000000e+00 0.000000000000000000e+00 0.000000000000000000e+00 0.000000000000000000e+00 0.000000000000000000e+00 0.000000000000000000e+00 0.000000000000000000e+00 0.000000000000000000e+00 2.500000000000000139e-02 2.500000000000000139e-02 2.500000000000000139e-02 2.500000000000000139e-02 0.000000000000000000e+00 2.500000000000000139e-02 1.000000000000000056e-01 2.500000000000000139e-02 2.500000000000000139e-02 5.000000000000000278e-02
0.000000000000000000e+00 0.000000000000000000e+00 0.000000000000000000e+00 0.000000000000000000e+00 0.000000000000000000e+00 0.000000000000000000e+00 0.000000000000000000e+00 0.000000000000000000e+00 0.000000000000000000e+00 0.000000000000000000e+00 0.000000000000000000e+00 2.500000000000000139e-02 2.500000000000000139e-02 0.000000000000000000e+00 0.000000000000000000e+00 2.500000000000000139e-02 0.000000000000000000e+00 5.000000000000000278e-02 0.000000000000000000e+00 1.250000000000000000e-01
0.000000000000000000e+00 0.000000000000000000e+00 0.000000000000000000e+00 0.000000000000000000e+00 0.000000000000000000e+00 0.000000000000000000e+00 0.000000000000000000e+00 0.000000000000000000e+00 0.000000000000000000e+00 0.000000000000000000e+00 2.500000000000000139e-02 2.500000000000000139e-02 2.500000000000000139e-02 2.500000000000000139e-02 1.000000000000000056e-01 5.000000000000000278e-02 0.000000000000000000e+00 5.000000000000000278e-02 2.500000000000000139e-02 0.000000000000000000e+00
0.000000000000000000e+00 0.000000000000000000e+00 0.000000000000000000e+00 0.000000000000000000e+00 0.000000000000000000e+00 0.000000000000000000e+00 0.000000000000000000e+00 0.000000000000000000e+00 0.000000000000000000e+00 0.000000000000000000e+00 0.000000000000000000e+00 0.000000000000000000e+00 0.000000000000000000e+00 2.500000000000000139e-02 2.500000000000000139e-02 5.000000000000000278e-02 2.500000000000000139e-02 0.000000000000000000e+00 2.500000000000000139e-02 7.500000000000001110e-02
0.000000000000000000e+00 0.000000000000000000e+00 0.000000000000000000e+00 0.000000000000000000e+00 0.000000000000000000e+00 0.000000000000000000e+00 0.000000000000000000e+00 0.000000000000000000e+00 0.000000000000000000e+00 0.000000000000000000e+00 0.000000000000000000e+00 0.000000000000000000e+00 2.500000000000000139e-02 5.000000000000000278e-02 2.500000000000000139e-02 0.000000000000000000e+00 0.000000000000000000e+00 5.000000000000000278e-02 2.500000000000000139e-02 2.500000000000000139e-02
0.000000000000000000e+00 0.000000000000000000e+00 0.000000000000000000e+00 0.000000000000000000e+00 0.000000000000000000e+00 0.000000000000000000e+00 0.000000000000000000e+00 0.000000000000000000e+00 0.000000000000000000e+00 0.000000000000000000e+00 0.000000000000000000e+00 0.000000000000000000e+00 0.000000000000000000e+00 2.500000000000000139e-02 2.500000000000000139e-02 0.000000000000000000e+00 5.000000000000000278e-02 0.000000000000000000e+00 0.000000000000000000e+00 5.000000000000000278e-02
0.000000000000000000e+00 0.000000000000000000e+00 0.000000000000000000e+00 0.000000000000000000e+00 0.000000000000000000e+00 0.000000000000000000e+00 0.000000000000000000e+00 0.000000000000000000e+00 0.000000000000000000e+00 0.000000000000000000e+00 0.000000000000000000e+00 0.000000000000000000e+00 5.000000000000000278e-02 5.000000000000000278e-02 2.500000000000000139e-02 2.500000000000000139e-02 0.000000000000000000e+00 0.000000000000000000e+00 7.500000000000001110e-02 2.500000000000000139e-02
0.000000000000000000e+00 0.000000000000000000e+00 0.000000000000000000e+00 0.000000000000000000e+00 0.000000000000000000e+00 0.000000000000000000e+00 0.000000000000000000e+00 0.000000000000000000e+00 0.000000000000000000e+00 0.000000000000000000e+00 0.000000000000000000e+00 0.000000000000000000e+00 0.000000000000000000e+00 0.000000000000000000e+00 0.000000000000000000e+00 0.000000000000000000e+00 7.500000000000001110e-02 0.000000000000000000e+00 2.500000000000000139e-02 0.000000000000000000e+00
0.000000000000000000e+00 0.000000000000000000e+00 0.000000000000000000e+00 0.000000000000000000e+00 0.000000000000000000e+00 0.000000000000000000e+00 0.000000000000000000e+00 0.000000000000000000e+00 0.000000000000000000e+00 0.000000000000000000e+00 0.000000000000000000e+00 0.000000000000000000e+00 0.000000000000000000e+00 0.000000000000000000e+00 5.000000000000000278e-02 7.500000000000001110e-02 5.000000000000000278e-02 2.500000000000000139e-02 5.000000000000000278e-02 2.500000000000000139e-02
0.000000000000000000e+00 0.000000000000000000e+00 0.000000000000000000e+00 0.000000000000000000e+00 0.000000000000000000e+00 0.000000000000000000e+00 0.000000000000000000e+00 0.000000000000000000e+00 0.000000000000000000e+00 0.000000000000000000e+00 0.000000000000000000e+00 0.000000000000000000e+00 0.000000000000000000e+00 0.000000000000000000e+00 2.500000000000000139e-02 0.000000000000000000e+00 2.500000000000000139e-02 0.000000000000000000e+00 5.000000000000000278e-02 2.500000000000000139e-02
0.000000000000000000e+00 0.000000000000000000e+00 0.000000000000000000e+00 0.000000000000000000e+00 0.000000000000000000e+00 0.000000000000000000e+00 0.000000000000000000e+00 0.000000000000000000e+00 0.000000000000000000e+00 0.000000000000000000e+00 0.000000000000000000e+00 0.000000000000000000e+00 0.000000000000000000e+00 0.000000000000000000e+00 0.000000000000000000e+00 0.000000000000000000e+00 2.500000000000000139e-02 0.000000000000000000e+00 2.500000000000000139e-02 2.500000000000000139e-02
0.000000000000000000e+00 0.000000000000000000e+00 0.000000000000000000e+00 0.000000000000000000e+00 0.000000000000000000e+00 0.000000000000000000e+00 0.000000000000000000e+00 0.000000000000000000e+00 0.000000000000000000e+00 0.000000000000000000e+00 0.000000000000000000e+00 0.000000000000000000e+00 0.000000000000000000e+00 0.000000000000000000e+00 0.000000000000000000e+00 0.000000000000000000e+00 0.000000000000000000e+00 5.000000000000000278e-02 7.500000000000001110e-02 2.500000000000000139e-02
0.000000000000000000e+00 0.000000000000000000e+00 0.000000000000000000e+00 0.000000000000000000e+00 0.000000000000000000e+00 0.000000000000000000e+00 0.000000000000000000e+00 0.000000000000000000e+00 0.000000000000000000e+00 0.000000000000000000e+00 0.000000000000000000e+00 0.000000000000000000e+00 0.000000000000000000e+00 0.000000000000000000e+00 0.000000000000000000e+00 2.500000000000000139e-02 0.000000000000000000e+00 2.500000000000000139e-02 5.000000000000000278e-02 7.500000000000001110e-02
0.000000000000000000e+00 0.000000000000000000e+00 0.000000000000000000e+00 0.000000000000000000e+00 0.000000000000000000e+00 0.000000000000000000e+00 0.000000000000000000e+00 0.000000000000000000e+00 0.000000000000000000e+00 0.000000000000000000e+00 0.000000000000000000e+00 0.000000000000000000e+00 0.000000000000000000e+00 2.500000000000000139e-02 0.000000000000000000e+00 0.000000000000000000e+00 2.500000000000000139e-02 5.000000000000000278e-02 0.000000000000000000e+00 0.000000000000000000e+00
0.000000000000000000e+00 0.000000000000000000e+00 0.000000000000000000e+00 0.000000000000000000e+00 0.000000000000000000e+00 0.000000000000000000e+00 0.000000000000000000e+00 0.000000000000000000e+00 0.000000000000000000e+00 0.000000000000000000e+00 0.000000000000000000e+00 0.000000000000000000e+00 0.000000000000000000e+00 0.000000000000000000e+00 0.000000000000000000e+00 2.500000000000000139e-02 0.000000000000000000e+00 2.500000000000000139e-02 0.000000000000000000e+00 2.500000000000000139e-02
0.000000000000000000e+00 0.000000000000000000e+00 0.000000000000000000e+00 0.000000000000000000e+00 0.000000000000000000e+00 0.000000000000000000e+00 0.000000000000000000e+00 0.000000000000000000e+00 0.000000000000000000e+00 0.000000000000000000e+00 0.000000000000000000e+00 0.000000000000000000e+00 0.000000000000000000e+00 0.000000000000000000e+00 0.000000000000000000e+00 0.000000000000000000e+00 0.000000000000000000e+00 0.000000000000000000e+00 0.000000000000000000e+00 0.000000000000000000e+00
0.000000000000000000e+00 0.000000000000000000e+00 0.000000000000000000e+00 0.000000000000000000e+00 0.000000000000000000e+00 0.000000000000000000e+00 0.000000000000000000e+00 0.000000000000000000e+00 0.000000000000000000e+00 0.000000000000000000e+00 0.000000000000000000e+00 0.000000000000000000e+00 0.000000000000000000e+00 0.000000000000000000e+00 0.000000000000000000e+00 0.000000000000000000e+00 0.000000000000000000e+00 5.000000000000000278e-02 0.000000000000000000e+00 7.500000000000001110e-02
0.000000000000000000e+00 0.000000000000000000e+00 0.000000000000000000e+00 0.000000000000000000e+00 0.000000000000000000e+00 0.000000000000000000e+00 0.000000000000000000e+00 0.000000000000000000e+00 0.000000000000000000e+00 0.000000000000000000e+00 0.000000000000000000e+00 0.000000000000000000e+00 0.000000000000000000e+00 0.000000000000000000e+00 0.000000000000000000e+00 0.000000000000000000e+00 0.000000000000000000e+00 0.000000000000000000e+00 0.000000000000000000e+00 0.000000000000000000e+00
0.000000000000000000e+00 0.000000000000000000e+00 0.000000000000000000e+00 0.000000000000000000e+00 0.000000000000000000e+00 0.000000000000000000e+00 0.000000000000000000e+00 0.000000000000000000e+00 0.000000000000000000e+00 0.000000000000000000e+00 0.000000000000000000e+00 0.000000000000000000e+00 0.000000000000000000e+00 0.000000000000000000e+00 0.000000000000000000e+00 2.500000000000000139e-02 0.000000000000000000e+00 0.000000000000000000e+00 2.500000000000000139e-02 2.500000000000000139e-02
0.000000000000000000e+00 0.000000000000000000e+00 0.000000000000000000e+00 0.000000000000000000e+00 0.000000000000000000e+00 0.000000000000000000e+00 0.000000000000000000e+00 0.000000000000000000e+00 0.000000000000000000e+00 0.000000000000000000e+00 0.000000000000000000e+00 0.000000000000000000e+00 0.000000000000000000e+00 0.000000000000000000e+00 0.000000000000000000e+00 0.000000000000000000e+00 2.500000000000000139e-02 2.500000000000000139e-02 0.000000000000000000e+00 2.500000000000000139e-02
0.000000000000000000e+00 0.000000000000000000e+00 0.000000000000000000e+00 0.000000000000000000e+00 0.000000000000000000e+00 0.000000000000000000e+00 0.000000000000000000e+00 0.000000000000000000e+00 0.000000000000000000e+00 0.000000000000000000e+00 0.000000000000000000e+00 0.000000000000000000e+00 0.000000000000000000e+00 0.000000000000000000e+00 0.000000000000000000e+00 0.000000000000000000e+00 0.000000000000000000e+00 0.000000000000000000e+00 0.000000000000000000e+00 0.000000000000000000e+00
0.000000000000000000e+00 0.000000000000000000e+00 0.000000000000000000e+00 0.000000000000000000e+00 0.000000000000000000e+00 0.000000000000000000e+00 0.000000000000000000e+00 0.000000000000000000e+00 0.000000000000000000e+00 0.000000000000000000e+00 0.000000000000000000e+00 0.000000000000000000e+00 0.000000000000000000e+00 0.000000000000000000e+00 0.000000000000000000e+00 0.000000000000000000e+00 0.000000000000000000e+00 0.000000000000000000e+00 0.000000000000000000e+00 0.000000000000000000e+00
0.000000000000000000e+00 0.000000000000000000e+00 0.000000000000000000e+00 0.000000000000000000e+00 0.000000000000000000e+00 0.000000000000000000e+00 0.000000000000000000e+00 0.000000000000000000e+00 0.000000000000000000e+00 0.000000000000000000e+00 0.000000000000000000e+00 0.000000000000000000e+00 0.000000000000000000e+00 0.000000000000000000e+00 0.000000000000000000e+00 0.000000000000000000e+00 0.000000000000000000e+00 0.000000000000000000e+00 0.000000000000000000e+00 0.000000000000000000e+00
0.000000000000000000e+00 0.000000000000000000e+00 0.000000000000000000e+00 0.000000000000000000e+00 0.000000000000000000e+00 0.000000000000000000e+00 0.000000000000000000e+00 0.000000000000000000e+00 0.000000000000000000e+00 0.000000000000000000e+00 0.000000000000000000e+00 0.000000000000000000e+00 0.000000000000000000e+00 0.000000000000000000e+00 0.000000000000000000e+00 0.000000000000000000e+00 0.000000000000000000e+00 0.000000000000000000e+00 0.000000000000000000e+00 0.000000000000000000e+00
0.000000000000000000e+00 0.000000000000000000e+00 0.000000000000000000e+00 0.000000000000000000e+00 0.000000000000000000e+00 0.000000000000000000e+00 0.000000000000000000e+00 0.000000000000000000e+00 0.000000000000000000e+00 0.000000000000000000e+00 0.000000000000000000e+00 0.000000000000000000e+00 0.000000000000000000e+00 0.000000000000000000e+00 0.000000000000000000e+00 0.000000000000000000e+00 0.000000000000000000e+00 0.000000000000000000e+00 0.000000000000000000e+00 5.000000000000000278e-02
0.000000000000000000e+00 0.000000000000000000e+00 0.000000000000000000e+00 0.000000000000000000e+00 0.000000000000000000e+00 0.000000000000000000e+00 0.000000000000000000e+00 0.000000000000000000e+00 0.000000000000000000e+00 0.000000000000000000e+00 0.000000000000000000e+00 0.000000000000000000e+00 0.000000000000000000e+00 0.000000000000000000e+00 0.000000000000000000e+00 0.000000000000000000e+00 0.000000000000000000e+00 0.000000000000000000e+00 2.500000000000000139e-02 0.000000000000000000e+00
