7.016621270781815602e-04 7.365134246351720234e-04 7.730957732130631400e-04 8.114951534738963201e-04 8.518018167072998912e-04 8.941104969509800849e-04 9.385206336471497036e-04 9.851366053582289936e-04 1.034067975091111430e-03 1.085429747806598713e-03 1.139342640719231579e-03 1.195933367022817455e-03 1.255334933708490610e-03 1.317686954175293886e-03 1.383135976368009192e-03 1.451835827213469876e-03 1.523947974164901846e-03 1.599641904704031696e-03 1.679095524692928235e-03 1.762495576511834573e-03
9.648624999999999563e-01 9.644875000000000531e-01 9.647624999999999673e-01 9.650374999999999925e-01 9.645500000000000185e-01 9.641499999999999515e-01 9.645749999999999602e-01 9.644125000000000059e-01 9.643874999999999531e-01 9.645249999999999657e-01 9.639750000000000263e-01 9.637624999999999664e-01 9.641125000000000389e-01 9.638999999999999790e-01 9.637124999999999719e-01 9.636749999999999483e-01 9.636875000000000302e-01 9.636375000000000357e-01 9.635375000000000467e-01 9.635875000000000412e-01
9.680250000000000243e-01 9.677624999999999700e-01 9.682500000000000551e-01 9.680250000000000243e-01 9.678875000000000117e-01 9.676249999999999574e-01 9.677750000000000519e-01 9.677875000000000227e-01 9.678250000000000464e-01 9.675749999999999629e-01 9.674874999999999448e-01 9.672625000000000250e-01 9.676875000000000338e-01 9.675000000000000266e-01 9.674500000000000322e-01 9.676249999999999574e-01 9.669375000000000053e-01 9.672250000000000014e-01 9.670874999999999888e-01 9.673625000000000140e-01
9.695875000000000465e-01 9.694374999999999520e-01 9.698624999999999607e-01 9.697500000000000009e-01 9.696624999999999828e-01 9.694500000000000339e-01 9.696749999999999536e-01 9.696875000000000355e-01 9.696000000000000174e-01 9.694749999999999757e-01 9.694125000000000103e-01 9.692499999999999449e-01 9.695249999999999702e-01 9.692874999999999686e-01 9.695624999999999938e-01 9.696375000000000410e-01 9.691874999999999796e-01 9.690250000000000252e-01 9.689875000000000016e-01 9.696124999999999883e-01
9.706375000000000419e-01 9.706875000000000364e-01 9.710750000000000215e-01 9.709375000000000089e-01 9.709875000000000034e-01 9.705875000000000474e-01 9.711250000000000160e-01 9.709250000000000380e-01 9.708124999999999671e-01 9.710374999999999979e-01 9.708375000000000199e-01 9.708875000000000144e-01 9.711125000000000451e-01 9.707999999999999963e-01 9.707124999999999782e-01 9.710750000000000215e-01 9.707124999999999782e-01 9.705125000000000002e-01 9.706624999999999837e-01 9.709999999999999742e-01
9.715125000000000011e-01 9.716375000000000428e-01 9.720499999999999696e-01 9.721750000000000114e-01 9.718875000000000153e-01 9.715249999999999719e-01 9.718875000000000153e-01 9.718124999999999680e-01 9.717500000000000027e-01 9.721374999999999877e-01 9.719499999999999806e-01 9.718250000000000499e-01 9.720499999999999696e-01 9.718999999999999861e-01 9.716749999999999554e-01 9.723125000000000240e-01 9.717999999999999972e-01 9.716000000000000192e-01 9.717750000000000554e-01 9.721250000000000169e-01
9.723000000000000531e-01 9.725749999999999673e-01 9.729750000000000343e-01 9.730124999999999469e-01 9.728375000000000217e-01 9.724874999999999492e-01 9.728250000000000508e-01 9.728999999999999870e-01 9.727624999999999744e-01 9.730250000000000288e-01 9.727124999999999799e-01 9.727749999999999453e-01 9.728250000000000508e-01 9.727124999999999799e-01 9.725249999999999728e-01 9.731625000000000414e-01 9.725749999999999673e-01 9.726000000000000201e-01 9.728250000000000508e-01 9.729375000000000107e-01
9.731874999999999831e-01 9.734749999999999792e-01 9.740625000000000533e-01 9.738999999999999879e-01 9.736249999999999627e-01 9.732499999999999485e-01 9.736875000000000391e-01 9.737875000000000281e-01 9.737749999999999462e-01 9.738999999999999879e-01 9.736749999999999572e-01 9.735374999999999446e-01 9.736375000000000446e-01 9.734625000000000083e-01 9.732874999999999721e-01 9.739499999999999824e-01 9.734500000000000375e-01 9.733125000000000249e-01 9.735000000000000320e-01 9.738375000000000226e-01
9.738124999999999698e-01 9.741499999999999604e-01 9.747999999999999998e-01 9.745374999999999455e-01 9.742125000000000368e-01 9.742125000000000368e-01 9.744874999999999510e-01 9.746500000000000163e-01 9.744374999999999565e-01 9.747375000000000345e-01 9.744125000000000147e-01 9.742499999999999494e-01 9.745125000000000037e-01 9.742499999999999494e-01 9.740999999999999659e-01 9.745624999999999982e-01 9.741250000000000187e-01 9.741250000000000187e-01 9.743000000000000549e-01 9.747000000000000108e-01
9.745249999999999746e-01 9.748750000000000471e-01 9.754000000000000448e-01 9.753249999999999975e-01 9.748624999999999652e-01 9.750124999999999487e-01 9.752374999999999794e-01 9.752750000000000030e-01 9.751625000000000432e-01 9.752999999999999448e-01 9.752499999999999503e-01 9.749375000000000124e-01 9.753125000000000266e-01 9.749624999999999542e-01 9.748875000000000179e-01 9.753749999999999920e-01 9.748999999999999888e-01 9.750124999999999487e-01 9.751750000000000140e-01 9.751999999999999558e-01
9.754249999999999865e-01 9.757624999999999771e-01 9.761750000000000149e-01 9.761250000000000204e-01 9.757000000000000117e-01 9.757124999999999826e-01 9.758250000000000535e-01 9.760375000000000023e-01 9.757624999999999771e-01 9.759999999999999787e-01 9.758750000000000480e-01 9.756249999999999645e-01 9.761125000000000496e-01 9.757624999999999771e-01 9.754625000000000101e-01 9.761250000000000204e-01 9.757624999999999771e-01 9.756249999999999645e-01 9.758999999999999897e-01 9.758375000000000243e-01
9.760750000000000259e-01 9.764749999999999819e-01 9.767749999999999488e-01 9.767624999999999780e-01 9.763125000000000275e-01 9.764125000000000165e-01 9.763749999999999929e-01 9.765500000000000291e-01 9.764500000000000401e-01 9.766124999999999945e-01 9.765500000000000291e-01 9.763125000000000275e-01 9.768624999999999670e-01 9.766249999999999654e-01 9.760124999999999496e-01 9.769375000000000142e-01 9.765625000000000000e-01 9.761625000000000441e-01 9.765500000000000291e-01 9.765249999999999764e-01
9.767375000000000362e-01 9.771374999999999922e-01 9.773874999999999647e-01 9.773249999999999993e-01 9.770124999999999504e-01 9.770250000000000323e-01 9.770499999999999741e-01 9.770874999999999977e-01 9.771999999999999575e-01 9.772625000000000339e-01 9.772874999999999757e-01 9.769375000000000142e-01 9.775249999999999773e-01 9.774500000000000410e-01 9.767749999999999488e-01 9.775500000000000300e-01 9.771874999999999867e-01 9.768375000000000252e-01 9.773874999999999647e-01 9.772750000000000048e-01
9.773374999999999702e-01 9.776875000000000426e-01 9.780750000000000277e-01 9.780750000000000277e-01 9.778375000000000261e-01 9.776624999999999899e-01 9.776249999999999662e-01 9.777249999999999552e-01 9.778000000000000025e-01 9.778124999999999734e-01 9.779499999999999860e-01 9.776375000000000481e-01 9.781499999999999639e-01 9.780250000000000332e-01 9.775249999999999773e-01 9.784374999999999600e-01 9.778999999999999915e-01 9.775249999999999773e-01 9.780874999999999986e-01 9.778875000000000206e-01
9.779124999999999623e-01 9.781750000000000167e-01 9.788249999999999451e-01 9.786500000000000199e-01 9.785125000000000073e-01 9.783250000000000002e-01 9.781999999999999584e-01 9.783374999999999710e-01 9.784625000000000128e-01 9.782625000000000348e-01 9.784874999999999545e-01 9.783749999999999947e-01 9.788124999999999742e-01 9.786624999999999908e-01 9.780750000000000277e-01 9.789375000000000160e-01 9.785125000000000073e-01 9.782625000000000348e-01 9.786249999999999671e-01 9.786749999999999616e-01
9.784374999999999600e-01 9.788375000000000270e-01 9.795125000000000082e-01 9.791499999999999648e-01 9.790750000000000286e-01 9.790499999999999758e-01 9.788375000000000270e-01 9.790124999999999522e-01 9.791374999999999940e-01 9.790750000000000286e-01 9.793250000000000011e-01 9.791125000000000522e-01 9.794000000000000483e-01 9.792499999999999538e-01 9.788624999999999687e-01 9.795125000000000082e-01 9.791999999999999593e-01 9.788624999999999687e-01 9.792874999999999774e-01 9.793250000000000011e-01
9.790375000000000050e-01 9.795249999999999790e-01 9.800124999999999531e-01 9.798000000000000043e-01 9.799499999999999877e-01 9.797124999999999861e-01 9.792999999999999483e-01 9.795374999999999499e-01 9.798249999999999460e-01 9.796875000000000444e-01 9.799375000000000169e-01 9.797000000000000153e-01 9.799499999999999877e-01 9.798750000000000515e-01 9.794374999999999609e-01 9.801374999999999948e-01 9.798624999999999696e-01 9.795875000000000554e-01 9.798124999999999751e-01 9.798750000000000515e-01
9.797124999999999861e-01 9.800499999999999767e-01 9.805374999999999508e-01 9.803749999999999964e-01 9.805249999999999799e-01 9.803374999999999728e-01 9.798875000000000224e-01 9.801625000000000476e-01 9.802750000000000075e-01 9.803125000000000311e-01 9.805249999999999799e-01 9.804125000000000201e-01 9.805374999999999508e-01 9.804125000000000201e-01 9.801499999999999657e-01 9.807375000000000398e-01 9.803250000000000020e-01 9.800875000000000004e-01 9.804249999999999909e-01 9.804500000000000437e-01
9.803125000000000311e-01 9.805874999999999453e-01 9.811125000000000540e-01 9.808249999999999469e-01 9.811125000000000540e-01 9.809499999999999886e-01 9.805125000000000091e-01 9.807500000000000107e-01 9.809124999999999650e-01 9.807624999999999815e-01 9.810999999999999721e-01 9.809750000000000414e-01 9.811874999999999902e-01 9.810124999999999540e-01 9.807875000000000343e-01 9.812374999999999847e-01 9.810124999999999540e-01 9.807000000000000162e-01 9.809875000000000123e-01 9.811374999999999957e-01
9.809624999999999595e-01 9.812250000000000139e-01 9.818000000000000060e-01 9.814749999999999863e-01 9.818624999999999714e-01 9.815125000000000099e-01 9.812750000000000083e-01 9.812750000000000083e-01 9.816000000000000281e-01 9.813374999999999737e-01 9.816875000000000462e-01 9.814625000000000155e-01 9.817500000000000115e-01 9.815749999999999753e-01 9.815374999999999517e-01 9.819875000000000131e-01 9.815749999999999753e-01 9.812625000000000375e-01 9.816000000000000281e-01 9.818000000000000060e-01
9.815874999999999462e-01 9.818375000000000297e-01 9.824500000000000455e-01 9.818999999999999950e-01 9.825374999999999526e-01 9.819875000000000131e-01 9.817875000000000352e-01 9.818249999999999478e-01 9.822250000000000147e-01 9.818249999999999478e-01 9.821625000000000494e-01 9.819124999999999659e-01 9.822250000000000147e-01 9.820999999999999730e-01 9.821625000000000494e-01 9.825500000000000345e-01 9.821125000000000549e-01 9.817500000000000115e-01 9.821125000000000549e-01 9.823250000000000037e-01
9.820875000000000021e-01 9.822750000000000092e-01 9.830624999999999503e-01 9.826749999999999652e-01 9.829999999999999849e-01 9.826624999999999943e-01 9.822499999999999565e-01 9.823625000000000274e-01 9.827500000000000124e-01 9.824249999999999927e-01 9.828249999999999487e-01 9.825749999999999762e-01 9.827000000000000179e-01 9.828249999999999487e-01 9.828875000000000250e-01 9.831625000000000503e-01 9.827749999999999542e-01 9.824749999999999872e-01 9.828500000000000014e-01 9.829624999999999613e-01
9.827124999999999888e-01 9.828624999999999723e-01 9.836249999999999716e-01 9.833125000000000338e-01 9.835374999999999535e-01 9.830750000000000322e-01 9.827000000000000179e-01 9.829750000000000432e-01 9.833374999999999755e-01 9.829250000000000487e-01 9.835249999999999826e-01 9.833125000000000338e-01 9.832250000000000156e-01 9.834125000000000227e-01 9.833874999999999700e-01 9.836249999999999716e-01 9.832874999999999810e-01 9.830750000000000322e-01 9.835000000000000409e-01 9.835249999999999826e-01
9.833499999999999464e-01 9.834249999999999936e-01 9.840750000000000330e-01 9.837749999999999551e-01 9.840750000000000330e-01 9.836000000000000298e-01 9.832625000000000393e-01 9.835625000000000062e-01 9.837749999999999551e-01 9.836125000000000007e-01 9.841124999999999456e-01 9.838249999999999496e-01 9.838375000000000314e-01 9.839875000000000149e-01 9.838999999999999968e-01 9.841750000000000220e-01 9.838375000000000314e-01 9.837124999999999897e-01 9.840250000000000385e-01 9.840250000000000385e-01
9.840999999999999748e-01 9.840499999999999803e-01 9.846125000000000016e-01 9.844500000000000473e-01 9.846375000000000544e-01 9.841124999999999456e-01 9.837624999999999842e-01 9.842874999999999819e-01 9.844000000000000528e-01 9.841999999999999638e-01 9.845374999999999543e-01 9.843250000000000055e-01 9.844000000000000528e-01 9.844874999999999599e-01 9.844500000000000473e-01 9.847500000000000142e-01 9.843125000000000346e-01 9.841999999999999638e-01 9.846375000000000544e-01 9.846125000000000016e-01
9.846375000000000544e-01 9.846000000000000307e-01 9.852125000000000465e-01 9.847875000000000378e-01 9.852250000000000174e-01 9.846624999999999961e-01 9.843125000000000346e-01 9.848249999999999504e-01 9.849124999999999686e-01 9.847000000000000197e-01 9.849875000000000158e-01 9.848875000000000268e-01 9.849499999999999922e-01 9.849124999999999686e-01 9.849124999999999686e-01 9.852625000000000410e-01 9.848999999999999977e-01 9.846749999999999670e-01 9.850499999999999812e-01 9.851625000000000520e-01
9.852625000000000410e-01 9.850250000000000394e-01 9.858624999999999750e-01 9.854749999999999899e-01 9.856875000000000497e-01 9.851625000000000520e-01 9.849250000000000504e-01 9.852999999999999536e-01 9.854125000000000245e-01 9.854249999999999954e-01 9.856500000000000261e-01 9.852874999999999828e-01 9.854000000000000536e-01 9.854374999999999662e-01 9.855625000000000080e-01 9.858249999999999513e-01 9.853625000000000300e-01 9.853499999999999481e-01 9.856000000000000316e-01 9.858500000000000041e-01
9.858875000000000277e-01 9.855125000000000135e-01 9.863750000000000018e-01 9.859999999999999876e-01 9.862750000000000128e-01 9.858000000000000096e-01 9.855500000000000371e-01 9.856500000000000261e-01 9.860375000000000112e-01 9.859750000000000458e-01 9.861499999999999710e-01 9.857500000000000151e-01 9.858624999999999750e-01 9.860499999999999821e-01 9.859124999999999694e-01 9.863250000000000073e-01 9.858249999999999513e-01 9.857624999999999860e-01 9.861250000000000293e-01 9.864249999999999963e-01
9.862125000000000474e-01 9.860375000000000112e-01 9.869250000000000522e-01 9.864125000000000254e-01 9.867124999999999924e-01 9.861874999999999947e-01 9.860375000000000112e-01 9.861999999999999655e-01 9.865000000000000435e-01 9.864749999999999908e-01 9.867500000000000160e-01 9.863874999999999726e-01 9.863250000000000073e-01 9.865874999999999506e-01 9.864625000000000199e-01 9.868875000000000286e-01 9.862750000000000128e-01 9.863499999999999490e-01 9.866125000000000034e-01 9.868624999999999758e-01
9.868124999999999813e-01 9.866624999999999979e-01 9.874374999999999680e-01 9.868875000000000286e-01 9.871999999999999664e-01 9.866125000000000034e-01 9.866000000000000325e-01 9.867624999999999869e-01 9.870250000000000412e-01 9.869375000000000231e-01 9.873125000000000373e-01 9.868749999999999467e-01 9.868000000000000105e-01 9.870624999999999538e-01 9.869875000000000176e-01 9.873874999999999735e-01 9.867875000000000396e-01 9.868999999999999995e-01 9.870999999999999774e-01 9.873250000000000082e-01
9.873250000000000082e-01 9.871250000000000302e-01 9.879250000000000531e-01 9.875374999999999570e-01 9.876374999999999460e-01 9.871750000000000247e-01 9.870750000000000357e-01 9.873874999999999735e-01 9.875000000000000444e-01 9.875000000000000444e-01 9.875625000000000098e-01 9.872625000000000428e-01 9.872750000000000137e-01 9.874625000000000208e-01 9.873750000000000027e-01 9.879624999999999657e-01 9.872499999999999609e-01 9.874000000000000554e-01 9.875249999999999861e-01 9.878500000000000059e-01
9.877124999999999932e-01 9.877000000000000224e-01 9.882250000000000201e-01 9.879624999999999657e-01 9.881999999999999673e-01 9.876500000000000279e-01 9.874125000000000263e-01 9.879124999999999712e-01 9.880250000000000421e-01 9.879375000000000240e-01 9.880624999999999547e-01 9.876125000000000043e-01 9.876875000000000515e-01 9.879250000000000531e-01 9.878624999999999767e-01 9.883999999999999453e-01 9.877749999999999586e-01 9.879875000000000185e-01 9.878375000000000350e-01 9.885000000000000453e-01
9.881250000000000311e-01 9.881750000000000256e-01 9.887375000000000469e-01 9.884500000000000508e-01 9.886749999999999705e-01 9.880499999999999838e-01 9.880250000000000421e-01 9.883374999999999799e-01 9.884125000000000272e-01 9.884125000000000272e-01 9.885874999999999524e-01 9.880499999999999838e-01 9.881874999999999964e-01 9.885125000000000162e-01 9.883874999999999744e-01 9.888124999999999831e-01 9.881499999999999728e-01 9.884749999999999925e-01 9.882750000000000146e-01 9.889750000000000485e-01
9.883999999999999453e-01 9.885249999999999870e-01 9.891624999999999446e-01 9.889000000000000012e-01 9.892250000000000210e-01 9.884874999999999634e-01 9.884500000000000508e-01 9.887375000000000469e-01 9.888875000000000304e-01 9.889250000000000540e-01 9.891124999999999501e-01 9.885249999999999870e-01 9.884500000000000508e-01 9.888624999999999776e-01 9.889750000000000485e-01 9.892374999999999918e-01 9.885874999999999524e-01 9.887749999999999595e-01 9.887375000000000469e-01 9.895000000000000462e-01
9.888875000000000304e-01 9.890375000000000139e-01 9.896625000000000005e-01 9.893999999999999462e-01 9.896249999999999769e-01 9.889875000000000194e-01 9.889000000000000012e-01 9.891999999999999682e-01 9.892874999999999863e-01 9.893499999999999517e-01 9.896749999999999714e-01 9.889375000000000249e-01 9.889875000000000194e-01 9.892125000000000501e-01 9.894625000000000226e-01 9.896374999999999478e-01 9.890375000000000139e-01 9.891999999999999682e-01 9.893125000000000391e-01 9.900124999999999620e-01
9.893250000000000099e-01 9.894125000000000281e-01 9.901250000000000329e-01 9.897875000000000423e-01 9.899999999999999911e-01 9.895249999999999879e-01 9.893874999999999753e-01 9.895749999999999824e-01 9.896749999999999714e-01 9.897749999999999604e-01 9.901124999999999510e-01 9.894249999999999989e-01 9.894374999999999698e-01 9.897124999999999950e-01 9.898875000000000313e-01 9.901624999999999455e-01 9.896249999999999769e-01 9.895874999999999533e-01 9.897500000000000187e-01 9.904625000000000234e-01
9.898375000000000368e-01 9.898749999999999494e-01 9.904249999999999998e-01 9.901624999999999455e-01 9.904874999999999652e-01 9.899250000000000549e-01 9.899750000000000494e-01 9.900624999999999565e-01 9.900750000000000384e-01 9.902125000000000510e-01 9.905500000000000416e-01 9.899750000000000494e-01 9.899124999999999730e-01 9.900750000000000384e-01 9.902874999999999872e-01 9.906625000000000014e-01 9.899375000000000258e-01 9.899624999999999675e-01 9.902374999999999927e-01 9.908749999999999503e-01
9.903250000000000108e-01 9.902874999999999872e-01 9.908375000000000377e-01 9.906125000000000069e-01 9.909000000000000030e-01 9.904249999999999998e-01 9.904749999999999943e-01 9.905625000000000124e-01 9.905374999999999597e-01 9.905625000000000124e-01 9.909375000000000266e-01 9.903999999999999471e-01 9.902499999999999636e-01 9.906000000000000361e-01 9.907000000000000250e-01 9.911624999999999464e-01 9.904125000000000290e-01 9.903625000000000345e-01 9.906000000000000361e-01 9.911999999999999700e-01
9.907375000000000487e-01 9.908249999999999558e-01 9.912125000000000519e-01 9.911250000000000338e-01 9.913999999999999480e-01 9.909124999999999739e-01 9.909375000000000266e-01 9.911750000000000282e-01 9.908875000000000322e-01 9.910124999999999629e-01 9.913750000000000062e-01 9.908500000000000085e-01 9.906749999999999723e-01 9.910124999999999629e-01 9.911124999999999519e-01 9.916500000000000314e-01 9.909000000000000030e-01 9.907875000000000432e-01 9.911124999999999519e-01 9.916500000000000314e-01
9.911750000000000282e-01 9.912625000000000464e-01 9.916749999999999732e-01 9.914500000000000535e-01 9.918624999999999803e-01 9.913874999999999771e-01 9.914125000000000298e-01 9.916749999999999732e-01 9.912250000000000227e-01 9.914250000000000007e-01 9.917749999999999622e-01 9.912250000000000227e-01 9.911499999999999755e-01 9.915500000000000425e-01 9.916500000000000314e-01 9.920875000000000110e-01 9.912374999999999936e-01 9.912374999999999936e-01 9.915749999999999842e-01 9.920875000000000110e-01
9.916875000000000551e-01 9.916749999999999732e-01 9.920624999999999583e-01 9.919124999999999748e-01 9.923499999999999543e-01 9.918000000000000149e-01 9.918875000000000330e-01 9.919999999999999929e-01 9.917500000000000204e-01 9.918375000000000385e-01 9.921499999999999764e-01 9.916875000000000551e-01 9.916625000000000023e-01 9.920124999999999638e-01 9.920124999999999638e-01 9.924874999999999670e-01 9.916875000000000551e-01 9.917375000000000496e-01 9.921375000000000055e-01 9.924749999999999961e-01
9.921499999999999764e-01 9.920499999999999874e-01 9.924125000000000307e-01 9.922499999999999654e-01 9.927249999999999686e-01 9.921499999999999764e-01 9.922250000000000236e-01 9.924500000000000544e-01 9.920875000000000110e-01 9.922874999999999890e-01 9.925374999999999615e-01 9.920624999999999583e-01 9.921999999999999709e-01 9.923250000000000126e-01 9.923374999999999835e-01 9.929000000000000048e-01 9.921124999999999527e-01 9.920999999999999819e-01 9.926249999999999796e-01 9.928249999999999575e-01
9.925874999999999559e-01 9.924749999999999961e-01 9.929249999999999465e-01 9.926374999999999504e-01 9.931375000000000064e-01 9.925874999999999559e-01 9.926625000000000032e-01 9.928249999999999575e-01 9.925125000000000197e-01 9.928000000000000158e-01 9.928624999999999812e-01 9.925500000000000433e-01 9.926000000000000378e-01 9.926000000000000378e-01 9.927500000000000213e-01 9.932374999999999954e-01 9.924749999999999961e-01 9.925249999999999906e-01 9.930375000000000174e-01 9.930624999999999591e-01
9.929875000000000229e-01 9.928249999999999575e-01 9.933625000000000371e-01 9.929624999999999702e-01 9.934500000000000552e-01 9.930750000000000410e-01 9.929875000000000229e-01 9.931999999999999718e-01 9.929624999999999702e-01 9.932499999999999662e-01 9.932874999999999899e-01 9.929875000000000229e-01 9.930375000000000174e-01 9.930499999999999883e-01 9.931624999999999481e-01 9.935874999999999568e-01 9.929375000000000284e-01 9.928875000000000339e-01 9.934625000000000261e-01 9.935000000000000497e-01
9.932625000000000481e-01 9.932125000000000536e-01 9.937500000000000222e-01 9.933750000000000080e-01 9.938000000000000167e-01 9.934250000000000025e-01 9.935749999999999860e-01 9.936374999999999513e-01 9.933499999999999552e-01 9.935249999999999915e-01 9.936500000000000332e-01 9.933750000000000080e-01 9.934874999999999678e-01 9.934374999999999734e-01 9.935625000000000151e-01 9.939624999999999710e-01 9.933499999999999552e-01 9.933374999999999844e-01 9.937249999999999694e-01 9.938875000000000348e-01
9.936500000000000332e-01 9.935374999999999623e-01 9.941750000000000309e-01 9.938249999999999584e-01 9.942499999999999671e-01 9.938500000000000112e-01 9.940250000000000474e-01 9.941124999999999545e-01 9.937124999999999986e-01 9.939249999999999474e-01 9.939999999999999947e-01 9.938000000000000167e-01 9.939249999999999474e-01 9.937500000000000222e-01 9.939875000000000238e-01 9.943999999999999506e-01 9.938000000000000167e-01 9.938124999999999876e-01 9.940750000000000419e-01 9.943125000000000435e-01
9.939999999999999947e-01 9.939999999999999947e-01 9.944625000000000270e-01 9.941875000000000018e-01 9.945625000000000160e-01 9.941875000000000018e-01 9.943250000000000144e-01 9.945125000000000215e-01 9.940750000000000419e-01 9.942999999999999616e-01 9.943750000000000089e-01 9.941750000000000309e-01 9.943250000000000144e-01 9.942125000000000545e-01 9.943750000000000089e-01 9.947375000000000522e-01 9.941375000000000073e-01 9.940499999999999892e-01 9.943874999999999797e-01 9.946374999999999522e-01
9.945500000000000451e-01 9.942874999999999908e-01 9.947375000000000522e-01 9.946374999999999522e-01 9.948500000000000121e-01 9.944625000000000270e-01 9.947375000000000522e-01 9.947500000000000231e-01 9.944374999999999742e-01 9.945874999999999577e-01 9.946625000000000050e-01 9.944749999999999979e-01 9.946000000000000396e-01 9.945374999999999632e-01 9.947875000000000467e-01 9.950499999999999901e-01 9.944625000000000270e-01 9.943874999999999797e-01 9.947249999999999703e-01 9.950750000000000428e-01
9.949124999999999774e-01 9.947375000000000522e-01 9.951375000000000082e-01 9.950375000000000192e-01 9.952125000000000554e-01 9.948624999999999829e-01 9.950624999999999609e-01 9.951750000000000318e-01 9.948875000000000357e-01 9.950375000000000192e-01 9.949249999999999483e-01 9.948500000000000121e-01 9.949500000000000011e-01 9.949624999999999719e-01 9.951250000000000373e-01 9.954499999999999460e-01 9.949000000000000066e-01 9.947375000000000522e-01 9.950750000000000428e-01 9.953499999999999570e-01
9.952499999999999680e-01 9.951250000000000373e-01 9.955625000000000169e-01 9.953125000000000444e-01 9.955749999999999877e-01 9.951750000000000318e-01 9.952250000000000263e-01 9.955874999999999586e-01 9.952374999999999972e-01 9.953999999999999515e-01 9.952499999999999680e-01 9.951375000000000082e-01 9.952750000000000208e-01 9.952874999999999917e-01 9.954499999999999460e-01 9.957125000000000004e-01 9.951375000000000082e-01 9.950875000000000137e-01 9.954125000000000334e-01 9.956500000000000350e-01
9.955125000000000224e-01 9.954374999999999751e-01 9.959750000000000547e-01 9.955749999999999877e-01 9.959000000000000075e-01 9.955874999999999586e-01 9.955874999999999586e-01 9.958875000000000366e-01 9.956749999999999767e-01 9.957500000000000240e-01 9.955749999999999877e-01 9.954499999999999460e-01 9.956500000000000350e-01 9.955500000000000460e-01 9.957125000000000004e-01 9.959000000000000075e-01 9.953874999999999806e-01 9.953374999999999861e-01 9.957500000000000240e-01 9.958624999999999838e-01
9.959000000000000075e-01 9.957624999999999948e-01 9.963874999999999815e-01 9.958624999999999838e-01 9.962250000000000272e-01 9.958749999999999547e-01 9.959624999999999728e-01 9.962374999999999980e-01 9.959875000000000256e-01 9.960999999999999854e-01 9.958749999999999547e-01 9.957000000000000295e-01 9.958875000000000366e-01 9.957749999999999657e-01 9.959624999999999728e-01 9.962499999999999689e-01 9.956874999999999476e-01 9.957249999999999712e-01 9.960499999999999909e-01 9.961124999999999563e-01
9.960750000000000437e-01 9.960375000000000201e-01 9.967125000000000012e-01 9.961124999999999563e-01 9.965625000000000178e-01 9.961124999999999563e-01 9.962625000000000508e-01 9.965249999999999941e-01 9.962124999999999453e-01 9.963750000000000107e-01 9.961750000000000327e-01 9.960124999999999673e-01 9.961375000000000091e-01 9.961124999999999563e-01 9.962625000000000508e-01 9.965125000000000233e-01 9.960499999999999909e-01 9.960750000000000437e-01 9.963250000000000162e-01 9.964749999999999996e-01
9.963250000000000162e-01 9.963374999999999870e-01 9.969124999999999792e-01 9.963750000000000107e-01 9.967249999999999721e-01 9.964499999999999469e-01 9.964749999999999996e-01 9.968000000000000194e-01 9.964749999999999996e-01 9.967624999999999957e-01 9.965874999999999595e-01 9.963750000000000107e-01 9.964625000000000288e-01 9.963874999999999815e-01 9.965374999999999650e-01 9.968875000000000375e-01 9.962999999999999634e-01 9.963999999999999524e-01 9.965374999999999650e-01 9.967875000000000485e-01
9.966625000000000068e-01 9.966500000000000359e-01 9.971624999999999517e-01 9.966874999999999485e-01 9.969749999999999446e-01 9.967249999999999721e-01 9.968000000000000194e-01 9.970375000000000210e-01 9.968124999999999902e-01 9.971250000000000391e-01 9.969375000000000320e-01 9.966000000000000414e-01 9.968124999999999902e-01 9.966249999999999831e-01 9.968875000000000375e-01 9.970999999999999863e-01 9.965125000000000233e-01 9.966625000000000068e-01 9.968249999999999611e-01 9.971250000000000391e-01
9.969375000000000320e-01 9.969624999999999737e-01 9.973874999999999824e-01 9.969875000000000265e-01 9.971999999999999753e-01 9.970375000000000210e-01 9.970750000000000446e-01 9.971624999999999517e-01 9.970999999999999863e-01 9.973625000000000407e-01 9.971999999999999753e-01 9.968624999999999847e-01 9.970124999999999682e-01 9.968749999999999556e-01 9.971250000000000391e-01 9.972750000000000226e-01 9.968000000000000194e-01 9.970124999999999682e-01 9.970750000000000446e-01 9.973625000000000407e-01
9.971624999999999517e-01 9.971999999999999753e-01 9.976374999999999549e-01 9.972750000000000226e-01 9.973499999999999588e-01 9.973125000000000462e-01 9.972999999999999643e-01 9.973999999999999533e-01 9.973999999999999533e-01 9.976000000000000423e-01 9.974750000000000005e-01 9.971499999999999808e-01 9.971999999999999753e-01 9.971499999999999808e-01 9.973625000000000407e-01 9.973999999999999533e-01 9.971250000000000391e-01 9.972250000000000281e-01 9.973499999999999588e-01 9.976000000000000423e-01
9.973625000000000407e-01 9.973874999999999824e-01 9.978624999999999856e-01 9.976000000000000423e-01 9.975125000000000242e-01 9.975374999999999659e-01 9.974625000000000297e-01 9.976374999999999549e-01 9.975500000000000478e-01 9.978624999999999856e-01 9.977375000000000549e-01 9.974874999999999714e-01 9.974374999999999769e-01 9.973499999999999588e-01 9.976000000000000423e-01 9.976249999999999840e-01 9.974874999999999714e-01 9.974374999999999769e-01 9.975625000000000187e-01 9.978249999999999620e-01
9.975249999999999950e-01 9.976374999999999549e-01 9.980375000000000218e-01 9.978249999999999620e-01 9.977500000000000258e-01 9.978249999999999620e-01 9.977000000000000313e-01 9.978749999999999565e-01 9.977624999999999966e-01 9.981499999999999817e-01 9.979624999999999746e-01 9.977000000000000313e-01 9.976374999999999549e-01 9.975625000000000187e-01 9.978000000000000203e-01 9.979000000000000092e-01 9.978500000000000147e-01 9.976500000000000368e-01 9.978124999999999911e-01 9.980750000000000455e-01
9.978749999999999565e-01 9.977875000000000494e-01 9.983125000000000471e-01 9.979749999999999455e-01 9.979249999999999510e-01 9.979749999999999455e-01 9.979124999999999801e-01 9.981499999999999817e-01 9.979249999999999510e-01 9.983499999999999597e-01 9.981499999999999817e-01 9.979500000000000037e-01 9.979124999999999801e-01 9.977875000000000494e-01 9.979999999999999982e-01 9.980999999999999872e-01 9.981250000000000400e-01 9.978749999999999565e-01 9.980124999999999691e-01 9.982499999999999707e-01
9.980375000000000218e-01 9.979875000000000274e-01 9.984750000000000014e-01 9.982499999999999707e-01 9.981124999999999581e-01 9.981124999999999581e-01 9.981124999999999581e-01 9.982999999999999652e-01 9.981875000000000053e-01 9.984750000000000014e-01 9.983499999999999597e-01 9.981999999999999762e-01 9.980750000000000455e-01 9.980750000000000455e-01 9.982374999999999998e-01 9.982499999999999707e-01 9.983250000000000179e-01 9.981124999999999581e-01 9.982250000000000290e-01 9.985125000000000250e-01
9.982750000000000234e-01 9.982625000000000526e-01 9.986500000000000377e-01 9.984750000000000014e-01 9.983874999999999833e-01 9.982625000000000526e-01 9.983250000000000179e-01 9.984625000000000306e-01 9.983999999999999542e-01 9.986500000000000377e-01 9.985749999999999904e-01 9.984374999999999778e-01 9.982499999999999707e-01 9.982874999999999943e-01 9.983999999999999542e-01 9.984625000000000306e-01 9.985625000000000195e-01 9.983874999999999833e-01 9.983874999999999833e-01 9.987125000000000030e-01
9.985500000000000487e-01 9.984125000000000361e-01 9.988875000000000393e-01 9.986125000000000140e-01 9.985749999999999904e-01 9.984499999999999487e-01 9.984374999999999778e-01 9.986500000000000377e-01 9.985500000000000487e-01 9.987624999999999975e-01 9.987749999999999684e-01 9.986125000000000140e-01 9.983750000000000124e-01 9.985374999999999668e-01 9.985374999999999668e-01 9.986500000000000377e-01 9.987500000000000266e-01 9.985500000000000487e-01 9.985249999999999959e-01 9.988000000000000211e-01
9.987249999999999739e-01 9.986125000000000140e-01 9.990250000000000519e-01 9.986625000000000085e-01 9.987624999999999975e-01 9.986749999999999794e-01 9.986374999999999558e-01 9.988624999999999865e-01 9.987624999999999975e-01 9.988749999999999574e-01 9.989249999999999519e-01 9.988375000000000448e-01 9.985374999999999668e-01 9.986249999999999849e-01 9.987125000000000030e-01 9.987249999999999739e-01 9.988875000000000393e-01 9.986374999999999558e-01 9.986125000000000140e-01 9.989375000000000338e-01
9.987749999999999684e-01 9.988124999999999920e-01 9.991124999999999590e-01 9.988624999999999865e-01 9.989249999999999519e-01 9.988749999999999574e-01 9.988249999999999629e-01 9.990124999999999700e-01 9.989249999999999519e-01 9.990624999999999645e-01 9.990250000000000519e-01 9.990124999999999700e-01 9.987749999999999684e-01 9.988500000000000156e-01 9.987875000000000503e-01 9.988375000000000448e-01 9.989999999999999991e-01 9.987749999999999684e-01 9.987500000000000266e-01 9.990250000000000519e-01
9.989624999999999755e-01 9.989375000000000338e-01 9.992124999999999480e-01 9.989624999999999755e-01 9.990624999999999645e-01 9.990375000000000227e-01 9.989999999999999991e-01 9.991124999999999590e-01 9.990624999999999645e-01 9.991499999999999826e-01 9.991750000000000353e-01 9.991499999999999826e-01 9.989124999999999810e-01 9.989999999999999991e-01 9.989375000000000338e-01 9.989624999999999755e-01 9.992124999999999480e-01 9.989000000000000101e-01 9.989500000000000046e-01 9.991624999999999535e-01
9.990875000000000172e-01 9.990624999999999645e-01 9.992999999999999661e-01 9.990999999999999881e-01 9.991250000000000409e-01 9.991250000000000409e-01 9.990875000000000172e-01 9.992124999999999480e-01 9.991875000000000062e-01 9.992499999999999716e-01 9.993125000000000480e-01 9.992250000000000298e-01 9.991499999999999826e-01 9.991250000000000409e-01 9.990750000000000464e-01 9.990624999999999645e-01 9.993374999999999897e-01 9.990499999999999936e-01 9.991124999999999590e-01 9.992750000000000243e-01
9.991750000000000353e-01 9.992625000000000535e-01 9.994250000000000078e-01 9.991999999999999771e-01 9.992375000000000007e-01 9.993250000000000188e-01 9.991999999999999771e-01 9.992750000000000243e-01 9.993250000000000188e-01 9.993125000000000480e-01 9.993750000000000133e-01 9.993499999999999606e-01 9.993125000000000480e-01 9.992250000000000298e-01 9.992124999999999480e-01 9.992250000000000298e-01 9.993874999999999842e-01 9.991875000000000062e-01 9.991875000000000062e-01 9.993374999999999897e-01
9.992750000000000243e-01 9.993750000000000133e-01 9.995374999999999677e-01 9.992999999999999661e-01 9.993125000000000480e-01 9.994125000000000369e-01 9.993125000000000480e-01 9.993625000000000425e-01 9.994499999999999496e-01 9.993874999999999842e-01 9.994750000000000023e-01 9.994374999999999787e-01 9.993874999999999842e-01 9.992874999999999952e-01 9.993625000000000425e-01 9.992874999999999952e-01 9.994750000000000023e-01 9.992625000000000535e-01 9.992999999999999661e-01 9.993750000000000133e-01
9.993874999999999842e-01 9.995125000000000259e-01 9.996625000000000094e-01 9.994250000000000078e-01 9.993874999999999842e-01 9.994374999999999787e-01 9.994125000000000369e-01 9.994499999999999496e-01 9.995374999999999677e-01 9.994750000000000023e-01 9.995874999999999622e-01 9.995249999999999968e-01 9.995125000000000259e-01 9.993999999999999551e-01 9.993750000000000133e-01 9.994499999999999496e-01 9.995625000000000204e-01 9.993625000000000425e-01 9.993625000000000425e-01 9.994374999999999787e-01
9.995000000000000551e-01 9.995625000000000204e-01 9.997249999999999748e-01 9.995125000000000259e-01 9.994750000000000023e-01 9.995000000000000551e-01 9.994499999999999496e-01 9.995500000000000496e-01 9.996000000000000441e-01 9.995500000000000496e-01 9.996374999999999567e-01 9.995625000000000204e-01 9.996000000000000441e-01 9.995374999999999677e-01 9.994250000000000078e-01 9.995125000000000259e-01 9.996125000000000149e-01 9.994499999999999496e-01 9.994250000000000078e-01 9.994874999999999732e-01
9.996125000000000149e-01 9.995874999999999622e-01 9.997500000000000275e-01 9.996000000000000441e-01 9.995625000000000204e-01 9.996000000000000441e-01 9.995749999999999913e-01 9.996374999999999567e-01 9.996749999999999803e-01 9.995874999999999622e-01 9.997000000000000330e-01 9.996500000000000385e-01 9.996625000000000094e-01 9.996249999999999858e-01 9.995374999999999677e-01 9.995874999999999622e-01 9.997000000000000330e-01 9.994874999999999732e-01 9.994874999999999732e-01 9.995500000000000496e-01
9.996374999999999567e-01 9.996374999999999567e-01 9.997624999999999984e-01 9.996125000000000149e-01 9.995874999999999622e-01 9.996749999999999803e-01 9.996625000000000094e-01 9.996874999999999512e-01 9.996874999999999512e-01 9.996374999999999567e-01 9.997624999999999984e-01 9.996749999999999803e-01 9.997249999999999748e-01 9.997000000000000330e-01 9.996000000000000441e-01 9.996249999999999858e-01 9.997624999999999984e-01 9.995374999999999677e-01 9.995625000000000204e-01 9.995749999999999913e-01
9.996874999999999512e-01 9.996874999999999512e-01 9.998000000000000220e-01 9.996874999999999512e-01 9.996625000000000094e-01 9.997000000000000330e-01 9.997500000000000275e-01 9.997125000000000039e-01 9.997500000000000275e-01 9.996874999999999512e-01 9.998124999999999929e-01 9.997000000000000330e-01 9.997875000000000512e-01 9.997374999999999456e-01 9.996625000000000094e-01 9.997000000000000330e-01 9.998375000000000457e-01 9.996000000000000441e-01 9.996749999999999803e-01 9.996625000000000094e-01
9.997374999999999456e-01 9.997249999999999748e-01 9.998500000000000165e-01 9.997624999999999984e-01 9.997125000000000039e-01 9.997249999999999748e-01 9.997624999999999984e-01 9.997374999999999456e-01 9.997624999999999984e-01 9.997500000000000275e-01 9.998375000000000457e-01 9.997624999999999984e-01 9.998000000000000220e-01 9.998000000000000220e-01 9.996625000000000094e-01 9.997624999999999984e-01 9.998875000000000401e-01 9.996249999999999858e-01 9.997249999999999748e-01 9.997125000000000039e-01
9.998000000000000220e-01 9.998124999999999929e-01 9.998624999999999874e-01 9.997749999999999693e-01 9.997500000000000275e-01 9.997749999999999693e-01 9.998249999999999638e-01 9.997624999999999984e-01 9.998124999999999929e-01 9.998000000000000220e-01 9.998749999999999583e-01 9.998000000000000220e-01 9.998500000000000165e-01 9.998249999999999638e-01 9.997125000000000039e-01 9.997749999999999693e-01 9.998875000000000401e-01 9.997125000000000039e-01 9.998124999999999929e-01 9.997374999999999456e-01
9.998124999999999929e-01 9.998500000000000165e-01 9.998624999999999874e-01 9.998375000000000457e-01 9.997624999999999984e-01 9.998375000000000457e-01 9.998500000000000165e-01 9.998000000000000220e-01 9.998500000000000165e-01 9.998124999999999929e-01 9.999249999999999527e-01 9.998249999999999638e-01 9.998624999999999874e-01 9.998624999999999874e-01 9.997875000000000512e-01 9.998000000000000220e-01 9.999000000000000110e-01 9.997249999999999748e-01 9.998500000000000165e-01 9.997624999999999984e-01
9.998375000000000457e-01 9.998749999999999583e-01 9.999124999999999819e-01 9.998624999999999874e-01 9.997749999999999693e-01 9.998749999999999583e-01 9.998875000000000401e-01 9.998500000000000165e-01 9.998624999999999874e-01 9.998375000000000457e-01 9.999500000000000055e-01 9.998624999999999874e-01 9.998875000000000401e-01 9.998875000000000401e-01 9.998375000000000457e-01 9.998624999999999874e-01 9.999000000000000110e-01 9.997875000000000512e-01 9.998624999999999874e-01 9.998124999999999929e-01
9.998749999999999583e-01 9.999000000000000110e-01 9.999124999999999819e-01 9.998749999999999583e-01 9.998500000000000165e-01 9.999000000000000110e-01 9.999000000000000110e-01 9.998624999999999874e-01 9.998749999999999583e-01 9.998500000000000165e-01 9.999624999999999764e-01 9.998875000000000401e-01 9.998875000000000401e-01 9.998875000000000401e-01 9.999000000000000110e-01 9.998624999999999874e-01 9.999124999999999819e-01 9.998124999999999929e-01 9.998875000000000401e-01 9.998375000000000457e-01
9.999124999999999819e-01 9.999124999999999819e-01 9.999124999999999819e-01 9.999000000000000110e-01 9.998500000000000165e-01 9.999249999999999527e-01 9.999249999999999527e-01 9.999124999999999819e-01 9.998875000000000401e-01 9.998500000000000165e-01 9.999624999999999764e-01 9.998875000000000401e-01 9.999124999999999819e-01 9.999249999999999527e-01 9.999124999999999819e-01 9.998749999999999583e-01 9.999375000000000346e-01 9.998375000000000457e-01 9.999000000000000110e-01 9.998749999999999583e-01
9.999249999999999527e-01 9.999124999999999819e-01 9.999124999999999819e-01 9.999375000000000346e-01 9.998875000000000401e-01 9.999500000000000055e-01 9.999249999999999527e-01 9.999249999999999527e-01 9.998875000000000401e-01 9.998749999999999583e-01 9.999749999999999472e-01 9.999249999999999527e-01 9.999375000000000346e-01 9.999500000000000055e-01 9.999124999999999819e-01 9.998749999999999583e-01 9.999375000000000346e-01 9.998624999999999874e-01 9.999124999999999819e-01 9.998875000000000401e-01
9.999249999999999527e-01 9.999500000000000055e-01 9.999249999999999527e-01 9.999375000000000346e-01 9.999375000000000346e-01 9.999624999999999764e-01 9.999249999999999527e-01 9.999249999999999527e-01 9.999000000000000110e-01 9.998875000000000401e-01 9.999749999999999472e-01 9.999375000000000346e-01 9.999375000000000346e-01 9.999500000000000055e-01 9.999375000000000346e-01 9.998875000000000401e-01 9.999624999999999764e-01 9.999000000000000110e-01 9.999375000000000346e-01 9.999000000000000110e-01
9.999375000000000346e-01 9.999500000000000055e-01 9.999500000000000055e-01 9.999624999999999764e-01 9.999500000000000055e-01 9.999624999999999764e-01 9.999249999999999527e-01 9.999375000000000346e-01 9.999124999999999819e-01 9.999000000000000110e-01 9.999875000000000291e-01 9.999375000000000346e-01 9.999500000000000055e-01 9.999500000000000055e-01 9.999500000000000055e-01 9.999000000000000110e-01 9.999749999999999472e-01 9.999249999999999527e-01 9.999375000000000346e-01 9.999124999999999819e-01
9.999749999999999472e-01 9.999624999999999764e-01 9.999749999999999472e-01 9.999624999999999764e-01 9.999500000000000055e-01 9.999749999999999472e-01 9.999500000000000055e-01 9.999375000000000346e-01 9.999375000000000346e-01 9.999000000000000110e-01 9.999875000000000291e-01 9.999500000000000055e-01 9.999624999999999764e-01 9.999624999999999764e-01 9.999749999999999472e-01 9.999124999999999819e-01 9.999875000000000291e-01 9.999375000000000346e-01 9.999375000000000346e-01 9.999124999999999819e-01
9.999749999999999472e-01 9.999624999999999764e-01 9.999875000000000291e-01 9.999624999999999764e-01 9.999875000000000291e-01 9.999749999999999472e-01 9.999624999999999764e-01 9.999624999999999764e-01 9.999500000000000055e-01 9.999249999999999527e-01 9.999875000000000291e-01 9.999500000000000055e-01 9.999624999999999764e-01 9.999624999999999764e-01 9.999749999999999472e-01 9.999375000000000346e-01 1.000000000000000000e+00 9.999375000000000346e-01 9.999500000000000055e-01 9.999375000000000346e-01
9.999749999999999472e-01 9.999624999999999764e-01 9.999875000000000291e-01 9.999749999999999472e-01 9.999875000000000291e-01 9.999875000000000291e-01 9.999624999999999764e-01 9.999624999999999764e-01 9.999875000000000291e-01 9.999500000000000055e-01 9.999875000000000291e-01 9.999500000000000055e-01 9.999624999999999764e-01 9.999624999999999764e-01 9.999875000000000291e-01 9.999375000000000346e-01 1.000000000000000000e+00 9.999375000000000346e-01 9.999500000000000055e-01 9.999375000000000346e-01
9.999875000000000291e-01 9.999624999999999764e-01 9.999875000000000291e-01 9.999749999999999472e-01 9.999875000000000291e-01 9.999875000000000291e-01 9.999624999999999764e-01 9.999624999999999764e-01 9.999875000000000291e-01 9.999500000000000055e-01 1.000000000000000000e+00 9.999624999999999764e-01 9.999624999999999764e-01 9.999749999999999472e-01 9.999875000000000291e-01 9.999375000000000346e-01 1.000000000000000000e+00 9.999624999999999764e-01 9.999500000000000055e-01 9.999500000000000055e-01
1.000000000000000000e+00 9.999875000000000291e-01 9.999875000000000291e-01 9.999749999999999472e-01 9.999875000000000291e-01 9.999875000000000291e-01 9.999749999999999472e-01 9.999749999999999472e-01 9.999875000000000291e-01 9.999624999999999764e-01 1.000000000000000000e+00 9.999875000000000291e-01 9.999749999999999472e-01 9.999749999999999472e-01 9.999875000000000291e-01 9.999500000000000055e-01 1.000000000000000000e+00 9.999624999999999764e-01 9.999624999999999764e-01 9.999749999999999472e-01
1.000000000000000000e+00 9.999875000000000291e-01 1.000000000000000000e+00 9.999749999999999472e-01 9.999875000000000291e-01 9.999875000000000291e-01 9.999875000000000291e-01 9.999875000000000291e-01 9.999875000000000291e-01 9.999624999999999764e-01 1.000000000000000000e+00 9.999875000000000291e-01 9.999875000000000291e-01 9.999749999999999472e-01 9.999875000000000291e-01 9.999500000000000055e-01 1.000000000000000000e+00 9.999624999999999764e-01 9.999624999999999764e-01 9.999875000000000291e-01
1.000000000000000000e+00 9.999875000000000291e-01 1.000000000000000000e+00 9.999749999999999472e-01 9.999875000000000291e-01 9.999875000000000291e-01 9.999875000000000291e-01 9.999875000000000291e-01 9.999875000000000291e-01 9.999624999999999764e-01 1.000000000000000000e+00 1.000000000000000000e+00 1.000000000000000000e+00 9.999875000000000291e-01 9.999875000000000291e-01 9.999500000000000055e-01 1.000000000000000000e+00 9.999624999999999764e-01 9.999624999999999764e-01 9.999875000000000291e-01
1.000000000000000000e+00 9.999875000000000291e-01 1.000000000000000000e+00 9.999875000000000291e-01 9.999875000000000291e-01 9.999875000000000291e-01 9.999875000000000291e-01 9.999875000000000291e-01 9.999875000000000291e-01 9.999624999999999764e-01 1.000000000000000000e+00 1.000000000000000000e+00 1.000000000000000000e+00 9.999875000000000291e-01 9.999875000000000291e-01 9.999500000000000055e-01 1.000000000000000000e+00 9.999749999999999472e-01 9.999749999999999472e-01 9.999875000000000291e-01
1.000000000000000000e+00 9.999875000000000291e-01 1.000000000000000000e+00 1.000000000000000000e+00 9.999875000000000291e-01 9.999875000000000291e-01 1.000000000000000000e+00 9.999875000000000291e-01 9.999875000000000291e-01 9.999749999999999472e-01 1.000000000000000000e+00 1.000000000000000000e+00 1.000000000000000000e+00 9.999875000000000291e-01 1.000000000000000000e+00 9.999875000000000291e-01 1.000000000000000000e+00 9.999749999999999472e-01 9.999875000000000291e-01 9.999875000000000291e-01
1.000000000000000000e+00 9.999875000000000291e-01 1.000000000000000000e+00 1.000000000000000000e+00 9.999875000000000291e-01 9.999875000000000291e-01 1.000000000000000000e+00 9.999875000000000291e-01 9.999875000000000291e-01 9.999749999999999472e-01 1.000000000000000000e+00 1.000000000000000000e+00 1.000000000000000000e+00 9.999875000000000291e-01 1.000000000000000000e+00 9.999875000000000291e-01 1.000000000000000000e+00 9.999749999999999472e-01 9.999875000000000291e-01 9.999875000000000291e-01
1.000000000000000000e+00 9.999875000000000291e-01 1.000000000000000000e+00 1.000000000000000000e+00 1.000000000000000000e+00 1.000000000000000000e+00 1.000000000000000000e+00 9.999875000000000291e-01 1.000000000000000000e+00 9.999749999999999472e-01 1.000000000000000000e+00 1.000000000000000000e+00 1.000000000000000000e+00 9.999875000000000291e-01 1.000000000000000000e+00 1.000000000000000000e+00 1.000000000000000000e+00 9.999875000000000291e-01 1.000000000000000000e+00 9.999875000000000291e-01
1.000000000000000000e+00 9.999875000000000291e-01 1.000000000000000000e+00 1.000000000000000000e+00 1.000000000000000000e+00 1.000000000000000000e+00 1.000000000000000000e+00 9.999875000000000291e-01 1.000000000000000000e+00 9.999749999999999472e-01 1.000000000000000000e+00 1.000000000000000000e+00 1.000000000000000000e+00 9.999875000000000291e-01 1.000000000000000000e+00 1.000000000000000000e+00 1.000000000000000000e+00 9.999875000000000291e-01 1.000000000000000000e+00 9.999875000000000291e-01
1.000000000000000000e+00 9.999875000000000291e-01 1.000000000000000000e+00 1.000000000000000000e+00 1.000000000000000000e+00 1.000000000000000000e+00 1.000000000000000000e+00 1.000000000000000000e+00 1.000000000000000000e+00 1.000000000000000000e+00 1.000000000000000000e+00 1.000000000000000000e+00 1.000000000000000000e+00 1.000000000000000000e+00 1.000000000000000000e+00 1.000000000000000000e+00 1.000000000000000000e+00 9.999875000000000291e-01 1.000000000000000000e+00 1.000000000000000000e+00
1.000000000000000000e+00 9.999875000000000291e-01 1.000000000000000000e+00 1.000000000000000000e+00 1.000000000000000000e+00 1.000000000000000000e+00 1.000000000000000000e+00 1.000000000000000000e+00 1.000000000000000000e+00 1.000000000000000000e+00 1.000000000000000000e+00 1.000000000000000000e+00 1.000000000000000000e+00 1.000000000000000000e+00 1.000000000000000000e+00 1.000000000000000000e+00 1.000000000000000000e+00 9.999875000000000291e-01 1.000000000000000000e+00 1.000000000000000000e+00
1.000000000000000000e+00 9.999875000000000291e-01 1.000000000000000000e+00 1.000000000000000000e+00 1.000000000000000000e+00 1.000000000000000000e+00 1.000000000000000000e+00 1.000000000000000000e+00 1.000000000000000000e+00 1.000000000000000000e+00 1.000000000000000000e+00 1.000000000000000000e+00 1.000000000000000000e+00 1.000000000000000000e+00 1.000000000000000000e+00 1.000000000000000000e+00 1.000000000000000000e+00 9.999875000000000291e-01 1.000000000000000000e+00 1.000000000000000000e+00
1.000000000000000000e+00 9.999875000000000291e-01 1.000000000000000000e+00 1.000000000000000000e+00 1.000000000000000000e+00 1.000000000000000000e+00 1.000000000000000000e+00 1.000000000000000000e+00 1.000000000000000000e+00 1.000000000000000000e+00 1.000000000000000000e+00 1.000000000000000000e+00 1.000000000000000000e+00 1.000000000000000000e+00 1.000000000000000000e+00 1.000000000000000000e+00 1.000000000000000000e+00 9.999875000000000291e-01 1.000000000000000000e+00 1.000000000000000000e+00
1.000000000000000000e+00 1.000000000000000000e+00 1.000000000000000000e+00 1.000000000000000000e+00 1.000000000000000000e+00 1.000000000000000000e+00 1.000000000000000000e+00 1.000000000000000000e+00 1.000000000000000000e+00 1.000000000000000000e+00 1.000000000000000000e+00 1.000000000000000000e+00 1.000000000000000000e+00 1.000000000000000000e+00 1.000000000000000000e+00 1.000000000000000000e+00 1.000000000000000000e+00 1.000000000000000000e+00 1.000000000000000000e+00 1.000000000000000000e+00
1.000000000000000000e+00 1.000000000000000000e+00 1.000000000000000000e+00 1.000000000000000000e+00 1.000000000000000000e+00 1.000000000000000000e+00 1.000000000000000000e+00 1.000000000000000000e+00 1.000000000000000000e+00 1.000000000000000000e+00 1.000000000000000000e+00 1.000000000000000000e+00 1.000000000000000000e+00 1.000000000000000000e+00 1.000000000000000000e+00 1.000000000000000000e+00 1.000000000000000000e+00 1.000000000000000000e+00 1.000000000000000000e+00 1.000000000000000000e+00
