7.016621270781815602e-04 7.365134246351720234e-04 7.730957732130631400e-04 8.114951534738963201e-04 8.518018167072998912e-04 8.941104969509800849e-04 9.385206336471497036e-04 9.851366053582289936e-04 1.034067975091111430e-03 1.085429747806598713e-03 1.139342640719231579e-03 1.195933367022817455e-03 1.255334933708490610e-03 1.317686954175293886e-03 1.383135976368009192e-03 1.451835827213469876e-03 1.523947974164901846e-03 1.599641904704031696e-03 1.679095524692928235e-03 1.762495576511834573e-03
7.107750000000000457e-01 7.124624999999999986e-01 7.140499999999999625e-01 7.157750000000000501e-01 7.161874999999999769e-01 7.161125000000000407e-01 7.177499999999999991e-01 7.184125000000000094e-01 7.197249999999999481e-01 7.200374999999999970e-01 7.210625000000000506e-01 7.230750000000000233e-01 7.257875000000000298e-01 7.275125000000000064e-01 7.290750000000000286e-01 7.307624999999999815e-01 7.310875000000000012e-01 7.319124999999999659e-01 7.336375000000000535e-01 7.355874999999999497e-01
7.139375000000000027e-01 7.154000000000000359e-01 7.172250000000000014e-01 7.188875000000000126e-01 7.192250000000000032e-01 7.189999999999999725e-01 7.205624999999999947e-01 7.213874999999999593e-01 7.226624999999999854e-01 7.226875000000000382e-01 7.240124999999999478e-01 7.261750000000000149e-01 7.288000000000000034e-01 7.301125000000000531e-01 7.320499999999999785e-01 7.337000000000000188e-01 7.338249999999999496e-01 7.345625000000000071e-01 7.361250000000000293e-01 7.382750000000000146e-01
7.170625000000000471e-01 7.186249999999999583e-01 7.202125000000000332e-01 7.218499999999999917e-01 7.219124999999999570e-01 7.223125000000000240e-01 7.233749999999999902e-01 7.242499999999999494e-01 7.251874999999999849e-01 7.255374999999999464e-01 7.268750000000000488e-01 7.289375000000000160e-01 7.315125000000000099e-01 7.332125000000000448e-01 7.347375000000000433e-01 7.363625000000000309e-01 7.363374999999999782e-01 7.371250000000000302e-01 7.388000000000000123e-01 7.408624999999999794e-01
7.201999999999999513e-01 7.216875000000000373e-01 7.231750000000000123e-01 7.247375000000000345e-01 7.249250000000000416e-01 7.250750000000000250e-01 7.264749999999999819e-01 7.270499999999999741e-01 7.279750000000000387e-01 7.283625000000000238e-01 7.295000000000000373e-01 7.319250000000000478e-01 7.343125000000000346e-01 7.358375000000000332e-01 7.373874999999999735e-01 7.388124999999999831e-01 7.390499999999999847e-01 7.396749999999999714e-01 7.415874999999999551e-01 7.439624999999999710e-01
7.234249999999999847e-01 7.247000000000000108e-01 7.264874999999999527e-01 7.278375000000000261e-01 7.280250000000000332e-01 7.279624999999999568e-01 7.293500000000000538e-01 7.302250000000000130e-01 7.307875000000000343e-01 7.312999999999999501e-01 7.325249999999999817e-01 7.347124999999999906e-01 7.369375000000000231e-01 7.384625000000000217e-01 7.402625000000000455e-01 7.416749999999999732e-01 7.417124999999999968e-01 7.428249999999999575e-01 7.444625000000000270e-01 7.466125000000000123e-01
7.265249999999999764e-01 7.280124999999999513e-01 7.297749999999999515e-01 7.309499999999999886e-01 7.313125000000000320e-01 7.310375000000000068e-01 7.326000000000000290e-01 7.329124999999999668e-01 7.340499999999999803e-01 7.341625000000000512e-01 7.353374999999999773e-01 7.377124999999999932e-01 7.395749999999999824e-01 7.414500000000000535e-01 7.431875000000000009e-01 7.445125000000000215e-01 7.448624999999999829e-01 7.456874999999999476e-01 7.473999999999999533e-01 7.493999999999999551e-01
7.300875000000000004e-01 7.313874999999999682e-01 7.329250000000000487e-01 7.343250000000000055e-01 7.345125000000000126e-01 7.342125000000000457e-01 7.355749999999999789e-01 7.359624999999999639e-01 7.368875000000000286e-01 7.372250000000000192e-01 7.385500000000000398e-01 7.405249999999999888e-01 7.429499999999999993e-01 7.445000000000000506e-01 7.462874999999999925e-01 7.478124999999999911e-01 7.481124999999999581e-01 7.488749999999999574e-01 7.505749999999999922e-01 7.524750000000000050e-01
7.334749999999999881e-01 7.347000000000000197e-01 7.362374999999999892e-01 7.377000000000000224e-01 7.374749999999999917e-01 7.375874999999999515e-01 7.387624999999999886e-01 7.392374999999999918e-01 7.399624999999999675e-01 7.403250000000000108e-01 7.418124999999999858e-01 7.437375000000000513e-01 7.459375000000000311e-01 7.478124999999999911e-01 7.493250000000000188e-01 7.510250000000000536e-01 7.510375000000000245e-01 7.518624999999999892e-01 7.535125000000000295e-01 7.557125000000000092e-01
7.371625000000000538e-01 7.380875000000000075e-01 7.395874999999999533e-01 7.407375000000000487e-01 7.410499999999999865e-01 7.407624999999999904e-01 7.419124999999999748e-01 7.423374999999999835e-01 7.430375000000000174e-01 7.436500000000000332e-01 7.450250000000000483e-01 7.466874999999999485e-01 7.494625000000000314e-01 7.509124999999999828e-01 7.525125000000000286e-01 7.541375000000000162e-01 7.540375000000000272e-01 7.549249999999999572e-01 7.568500000000000227e-01 7.589624999999999844e-01
7.406875000000000542e-01 7.415125000000000188e-01 7.428500000000000103e-01 7.440750000000000419e-01 7.440999999999999837e-01 7.440250000000000474e-01 7.451375000000000082e-01 7.454874999999999696e-01 7.464374999999999760e-01 7.470875000000000155e-01 7.483250000000000179e-01 7.504750000000000032e-01 7.526374999999999593e-01 7.541375000000000162e-01 7.559000000000000163e-01 7.573250000000000259e-01 7.574750000000000094e-01 7.582999999999999741e-01 7.601375000000000215e-01 7.620249999999999524e-01
7.440750000000000419e-01 7.448249999999999593e-01 7.462874999999999925e-01 7.474625000000000297e-01 7.475249999999999950e-01 7.474125000000000352e-01 7.484750000000000014e-01 7.489500000000000046e-01 7.498249999999999638e-01 7.506500000000000394e-01 7.519000000000000128e-01 7.537000000000000366e-01 7.560000000000000053e-01 7.574499999999999567e-01 7.591875000000000151e-01 7.608249999999999735e-01 7.606374999999999664e-01 7.615499999999999492e-01 7.632999999999999785e-01 7.650124999999999842e-01
7.475500000000000478e-01 7.482874999999999943e-01 7.495625000000000204e-01 7.508375000000000465e-01 7.508500000000000174e-01 7.507749999999999702e-01 7.520999999999999908e-01 7.522499999999999742e-01 7.536749999999999838e-01 7.540000000000000036e-01 7.552875000000000005e-01 7.573250000000000259e-01 7.595750000000000002e-01 7.610000000000000098e-01 7.626500000000000501e-01 7.641250000000000542e-01 7.641124999999999723e-01 7.649749999999999606e-01 7.662124999999999631e-01 7.681875000000000231e-01
7.510624999999999662e-01 7.517125000000000057e-01 7.531124999999999625e-01 7.541375000000000162e-01 7.543750000000000178e-01 7.545625000000000249e-01 7.554374999999999840e-01 7.562499999999999778e-01 7.569749999999999535e-01 7.576374999999999638e-01 7.588875000000000481e-01 7.606374999999999664e-01 7.630249999999999533e-01 7.646125000000000282e-01 7.660875000000000323e-01 7.677000000000000490e-01 7.674874999999999892e-01 7.678625000000000034e-01 7.695125000000000437e-01 7.711750000000000549e-01
7.544874999999999776e-01 7.554874999999999785e-01 7.564625000000000377e-01 7.578500000000000236e-01 7.580375000000000307e-01 7.579124999999999890e-01 7.595874999999999710e-01 7.596500000000000474e-01 7.607749999999999790e-01 7.614374999999999893e-01 7.625374999999999792e-01 7.642999999999999794e-01 7.669000000000000261e-01 7.679000000000000270e-01 7.697874999999999579e-01 7.710875000000000368e-01 7.705250000000000155e-01 7.712999999999999856e-01 7.726125000000000353e-01 7.742875000000000174e-01
7.583750000000000213e-01 7.590249999999999497e-01 7.602375000000000105e-01 7.614499999999999602e-01 7.614125000000000476e-01 7.620000000000000107e-01 7.628875000000000517e-01 7.634499999999999620e-01 7.646749999999999936e-01 7.651499999999999968e-01 7.663250000000000339e-01 7.682624999999999593e-01 7.703875000000000028e-01 7.717874999999999597e-01 7.732375000000000220e-01 7.740875000000000394e-01 7.742875000000000174e-01 7.744499999999999718e-01 7.759249999999999758e-01 7.776374999999999815e-01
7.619249999999999634e-01 7.628624999999999989e-01 7.637500000000000400e-01 7.650249999999999551e-01 7.655499999999999527e-01 7.653375000000000039e-01 7.670500000000000096e-01 7.673624999999999474e-01 7.685499999999999554e-01 7.691000000000000059e-01 7.703499999999999792e-01 7.719624999999999959e-01 7.742999999999999883e-01 7.753250000000000419e-01 7.764375000000000027e-01 7.777874999999999650e-01 7.774250000000000327e-01 7.776625000000000343e-01 7.793375000000000163e-01 7.809625000000000039e-01
7.659124999999999961e-01 7.665374999999999828e-01 7.674499999999999655e-01 7.689875000000000460e-01 7.690249999999999586e-01 7.694499999999999673e-01 7.709000000000000297e-01 7.713999999999999746e-01 7.724499999999999700e-01 7.731999999999999984e-01 7.741249999999999520e-01 7.759125000000000050e-01 7.778249999999999886e-01 7.785999999999999588e-01 7.801875000000000338e-01 7.810000000000000275e-01 7.806999999999999496e-01 7.813124999999999654e-01 7.828374999999999639e-01 7.844499999999999806e-01
7.697374999999999634e-01 7.703875000000000028e-01 7.715750000000000108e-01 7.727125000000000243e-01 7.731500000000000039e-01 7.734999999999999654e-01 7.750875000000000403e-01 7.753375000000000128e-01 7.767374999999999696e-01 7.770124999999999948e-01 7.781375000000000375e-01 7.796250000000000124e-01 7.811875000000000346e-01 7.823875000000000135e-01 7.835250000000000270e-01 7.843750000000000444e-01 7.843375000000000208e-01 7.848374999999999657e-01 7.862624999999999753e-01 7.876874999999999849e-01
7.736874999999999725e-01 7.745750000000000135e-01 7.752499999999999947e-01 7.767500000000000515e-01 7.771124999999999838e-01 7.776625000000000343e-01 7.790000000000000258e-01 7.796625000000000361e-01 7.805625000000000480e-01 7.810749999999999638e-01 7.817625000000000268e-01 7.830125000000000002e-01 7.850125000000000020e-01 7.858874999999999611e-01 7.869000000000000439e-01 7.880500000000000282e-01 7.878749999999999920e-01 7.883750000000000480e-01 7.896125000000000504e-01 7.913999999999999924e-01
7.780124999999999957e-01 7.783750000000000391e-01 7.794624999999999471e-01 7.809125000000000094e-01 7.813750000000000417e-01 7.815999999999999615e-01 7.832750000000000545e-01 7.835874999999999924e-01 7.846499999999999586e-01 7.847874999999999712e-01 7.852124999999999799e-01 7.871624999999999872e-01 7.885625000000000551e-01 7.892500000000000071e-01 7.906625000000000458e-01 7.917374999999999829e-01 7.913999999999999924e-01 7.917625000000000357e-01 7.933000000000000052e-01 7.951500000000000234e-01
7.819249999999999812e-01 7.827874999999999694e-01 7.837374999999999758e-01 7.851500000000000146e-01 7.855750000000000233e-01 7.860000000000000320e-01 7.872124999999999817e-01 7.877625000000000322e-01 7.885250000000000314e-01 7.883750000000000480e-01 7.894250000000000433e-01 7.905750000000000277e-01 7.921375000000000499e-01 7.930125000000000091e-01 7.945250000000000368e-01 7.952500000000000124e-01 7.951124999999999998e-01 7.955624999999999503e-01 7.971624999999999961e-01 7.988874999999999726e-01
7.862624999999999753e-01 7.870749999999999691e-01 7.880000000000000338e-01 7.894999999999999796e-01 7.899874999999999536e-01 7.900875000000000536e-01 7.914624999999999577e-01 7.917250000000000121e-01 7.921500000000000208e-01 7.924999999999999822e-01 7.930249999999999799e-01 7.943999999999999950e-01 7.958874999999999700e-01 7.969500000000000473e-01 7.980625000000000080e-01 7.989249999999999963e-01 7.987125000000000474e-01 7.993375000000000341e-01 8.011000000000000343e-01 8.025750000000000384e-01
7.907499999999999529e-01 7.915250000000000341e-01 7.923249999999999460e-01 7.937999999999999501e-01 7.941375000000000517e-01 7.944499999999999895e-01 7.954499999999999904e-01 7.955499999999999794e-01 7.962124999999999897e-01 7.963750000000000551e-01 7.969125000000000236e-01 7.984250000000000513e-01 7.997874999999999845e-01 8.008125000000000382e-01 8.018750000000000044e-01 8.026124999999999510e-01 8.026750000000000274e-01 8.033875000000000322e-01 8.047750000000000181e-01 8.064999999999999947e-01
7.952500000000000124e-01 7.958250000000000046e-01 7.965999999999999748e-01 7.979374999999999662e-01 7.984250000000000513e-01 7.984750000000000458e-01 7.992749999999999577e-01 7.996250000000000302e-01 8.002000000000000224e-01 8.001624999999999988e-01 8.011875000000000524e-01 8.024000000000000021e-01 8.037874999999999881e-01 8.046375000000000055e-01 8.056375000000000064e-01 8.066124999999999545e-01 8.068374999999999853e-01 8.071625000000000050e-01 8.088125000000000453e-01 8.104124999999999801e-01
7.996750000000000247e-01 8.004124999999999712e-01 8.007125000000000492e-01 8.022500000000000187e-01 8.028625000000000345e-01 8.024000000000000021e-01 8.035624999999999574e-01 8.037374999999999936e-01 8.041374999999999496e-01 8.044999999999999929e-01 8.052875000000000449e-01 8.063500000000000112e-01 8.076124999999999554e-01 8.084750000000000547e-01 8.096124999999999572e-01 8.107499999999999707e-01 8.107499999999999707e-01 8.114375000000000338e-01 8.127750000000000252e-01 8.144375000000000364e-01
8.040874999999999551e-01 8.046999999999999709e-01 8.053749999999999520e-01 8.068625000000000380e-01 8.068499999999999561e-01 8.066999999999999726e-01 8.080125000000000224e-01 8.075750000000000428e-01 8.085999999999999854e-01 8.086999999999999744e-01 8.094000000000000083e-01 8.102624999999999966e-01 8.115375000000000227e-01 8.126499999999999835e-01 8.137625000000000552e-01 8.148999999999999577e-01 8.148374999999999924e-01 8.155124999999999735e-01 8.168874999999999886e-01 8.184875000000000345e-01
8.086250000000000382e-01 8.092624999999999957e-01 8.102000000000000313e-01 8.110374999999999668e-01 8.109125000000000361e-01 8.113249999999999629e-01 8.118125000000000480e-01 8.121249999999999858e-01 8.128499999999999615e-01 8.131249999999999867e-01 8.135750000000000481e-01 8.143624999999999892e-01 8.158874999999999877e-01 8.165999999999999925e-01 8.181749999999999856e-01 8.189750000000000085e-01 8.193249999999999700e-01 8.197375000000000078e-01 8.210874999999999702e-01 8.227624999999999522e-01
8.132374999999999465e-01 8.139999999999999458e-01 8.143249999999999655e-01 8.150749999999999940e-01 8.157250000000000334e-01 8.153000000000000247e-01 8.165750000000000508e-01 8.165999999999999925e-01 8.173000000000000265e-01 8.171500000000000430e-01 8.179750000000000076e-01 8.187375000000000069e-01 8.200125000000000330e-01 8.213125000000000009e-01 8.223500000000000254e-01 8.232874999999999499e-01 8.235000000000000098e-01 8.240499999999999492e-01 8.256375000000000242e-01 8.268250000000000322e-01
8.181249999999999911e-01 8.184875000000000345e-01 8.185999999999999943e-01 8.199625000000000385e-01 8.201749999999999874e-01 8.199750000000000094e-01 8.211874999999999591e-01 8.210749999999999993e-01 8.214624999999999844e-01 8.216124999999999678e-01 8.224500000000000144e-01 8.232749999999999790e-01 8.245624999999999760e-01 8.254375000000000462e-01 8.267124999999999613e-01 8.275375000000000369e-01 8.279374999999999929e-01 8.285500000000000087e-01 8.296875000000000222e-01 8.312125000000000208e-01
8.228374999999999995e-01 8.229874999999999829e-01 8.234124999999999917e-01 8.246499999999999941e-01 8.245375000000000343e-01 8.245249999999999524e-01 8.257250000000000423e-01 8.256750000000000478e-01 8.260250000000000092e-01 8.260374999999999801e-01 8.269250000000000211e-01 8.276000000000000023e-01 8.290625000000000355e-01 8.300499999999999545e-01 8.309999999999999609e-01 8.318875000000000020e-01 8.324875000000000469e-01 8.326249999999999485e-01 8.341874999999999707e-01 8.354500000000000259e-01
8.276750000000000496e-01 8.273749999999999716e-01 8.281250000000000000e-01 8.289125000000000520e-01 8.294375000000000497e-01 8.294000000000000261e-01 8.303374999999999506e-01 8.301374999999999726e-01 8.303625000000000034e-01 8.308999999999999719e-01 8.314375000000000515e-01 8.321749999999999980e-01 8.335124999999999895e-01 8.344375000000000542e-01 8.357250000000000512e-01 8.364125000000000032e-01 8.368250000000000410e-01 8.371750000000000025e-01 8.385500000000000176e-01 8.395249999999999657e-01
8.318624999999999492e-01 8.325375000000000414e-01 8.327750000000000430e-01 8.340499999999999581e-01 8.341874999999999707e-01 8.342249999999999943e-01 8.346500000000000030e-01 8.347999999999999865e-01 8.354375000000000551e-01 8.353874999999999496e-01 8.363749999999999796e-01 8.368250000000000410e-01 8.381374999999999797e-01 8.393249999999999877e-01 8.404000000000000359e-01 8.411374999999999824e-01 8.413249999999999895e-01 8.416875000000000329e-01 8.426624999999999810e-01 8.436375000000000401e-01
8.372374999999999678e-01 8.373749999999999805e-01 8.377250000000000529e-01 8.389375000000000027e-01 8.392500000000000515e-01 8.387375000000000247e-01 8.393374999999999586e-01 8.394625000000000004e-01 8.402500000000000524e-01 8.405749999999999611e-01 8.410499999999999643e-01 8.418124999999999636e-01 8.429375000000000062e-01 8.441125000000000433e-01 8.450750000000000206e-01 8.454374999999999529e-01 8.457999999999999963e-01 8.459499999999999797e-01 8.469624999999999515e-01 8.481499999999999595e-01
8.421999999999999487e-01 8.420874999999999888e-01 8.428124999999999645e-01 8.438750000000000417e-01 8.437999999999999945e-01 8.434749999999999748e-01 8.440374999999999961e-01 8.446249999999999591e-01 8.450625000000000497e-01 8.454125000000000112e-01 8.459750000000000325e-01 8.463374999999999648e-01 8.478250000000000508e-01 8.489750000000000352e-01 8.493249999999999966e-01 8.501374999999999904e-01 8.503625000000000211e-01 8.504625000000000101e-01 8.514749999999999819e-01 8.529375000000000151e-01
8.469750000000000334e-01 8.473249999999999948e-01 8.478999999999999870e-01 8.488250000000000517e-01 8.487124999999999808e-01 8.482250000000000068e-01 8.491999999999999549e-01 8.491625000000000423e-01 8.498750000000000471e-01 8.500750000000000250e-01 8.509250000000000425e-01 8.515749999999999709e-01 8.528000000000000025e-01 8.535625000000000018e-01 8.539624999999999577e-01 8.545749999999999735e-01 8.546749999999999625e-01 8.549124999999999641e-01 8.562999999999999501e-01 8.578750000000000542e-01
8.523249999999999993e-01 8.526375000000000481e-01 8.530624999999999458e-01 8.536749999999999616e-01 8.536124999999999963e-01 8.532874999999999766e-01 8.540874999999999995e-01 8.544500000000000428e-01 8.548624999999999696e-01 8.553625000000000256e-01 8.560624999999999485e-01 8.565625000000000044e-01 8.577000000000000179e-01 8.581250000000000266e-01 8.586500000000000243e-01 8.589624999999999622e-01 8.591750000000000220e-01 8.598000000000000087e-01 8.611375000000000002e-01 8.623250000000000082e-01
8.577749999999999542e-01 8.577875000000000361e-01 8.579499999999999904e-01 8.588375000000000314e-01 8.583749999999999991e-01 8.585125000000000117e-01 8.593250000000000055e-01 8.594000000000000528e-01 8.598749999999999449e-01 8.601250000000000284e-01 8.611750000000000238e-01 8.618624999999999758e-01 8.623625000000000318e-01 8.630124999999999602e-01 8.633250000000000091e-01 8.637249999999999650e-01 8.641250000000000320e-01 8.647000000000000242e-01 8.660124999999999629e-01 8.669999999999999929e-01
8.631499999999999728e-01 8.630875000000000075e-01 8.632499999999999618e-01 8.638124999999999831e-01 8.639375000000000249e-01 8.636125000000000052e-01 8.644374999999999698e-01 8.643750000000000044e-01 8.650250000000000439e-01 8.656875000000000542e-01 8.665374999999999606e-01 8.668000000000000149e-01 8.673499999999999543e-01 8.678000000000000158e-01 8.679000000000000048e-01 8.684250000000000025e-01 8.691124999999999545e-01 8.697624999999999940e-01 8.706874999999999476e-01 8.715000000000000524e-01
8.685625000000000151e-01 8.682250000000000245e-01 8.681999999999999718e-01 8.690124999999999655e-01 8.689875000000000238e-01 8.691499999999999782e-01 8.697000000000000286e-01 8.697624999999999940e-01 8.702750000000000208e-01 8.709500000000000020e-01 8.716874999999999485e-01 8.716249999999999831e-01 8.720875000000000155e-01 8.725249999999999950e-01 8.725374999999999659e-01 8.735500000000000487e-01 8.741624999999999535e-01 8.744250000000000078e-01 8.753374999999999906e-01 8.763499999999999623e-01
8.737875000000000503e-01 8.735625000000000195e-01 8.733250000000000179e-01 8.743999999999999551e-01 8.743625000000000425e-01 8.745625000000000204e-01 8.750000000000000000e-01 8.748375000000000457e-01 8.756874999999999520e-01 8.764250000000000096e-01 8.767249999999999766e-01 8.768000000000000238e-01 8.770750000000000490e-01 8.772499999999999742e-01 8.777374999999999483e-01 8.785874999999999657e-01 8.792499999999999760e-01 8.794625000000000359e-01 8.800375000000000281e-01 8.808500000000000218e-01
8.789875000000000327e-01 8.788749999999999618e-01 8.787125000000000075e-01 8.796374999999999611e-01 8.799624999999999808e-01 8.797249999999999792e-01 8.802750000000000297e-01 8.804625000000000368e-01 8.813874999999999904e-01 8.816000000000000503e-01 8.817374999999999519e-01 8.815749999999999975e-01 8.818249999999999700e-01 8.822624999999999496e-01 8.827874999999999472e-01 8.838000000000000300e-01 8.841875000000000151e-01 8.840249999999999497e-01 8.849875000000000380e-01 8.856749999999999901e-01
8.845374999999999766e-01 8.842375000000000096e-01 8.842375000000000096e-01 8.852124999999999577e-01 8.853499999999999703e-01 8.853124999999999467e-01 8.854874999999999829e-01 8.859124999999999917e-01 8.865874999999999728e-01 8.865625000000000311e-01 8.868875000000000508e-01 8.865625000000000311e-01 8.869249999999999634e-01 8.875250000000000083e-01 8.877749999999999808e-01 8.888500000000000290e-01 8.891624999999999668e-01 8.892250000000000432e-01 8.898749999999999716e-01 8.906625000000000236e-01
8.898875000000000535e-01 8.897125000000000172e-01 8.893999999999999684e-01 8.906625000000000236e-01 8.906500000000000528e-01 8.906250000000000000e-01 8.912124999999999631e-01 8.913499999999999757e-01 8.919375000000000497e-01 8.918125000000000080e-01 8.919500000000000206e-01 8.915625000000000355e-01 8.922624999999999584e-01 8.923875000000000002e-01 8.933124999999999538e-01 8.940000000000000169e-01 8.937000000000000499e-01 8.938125000000000098e-01 8.947125000000000217e-01 8.955499999999999572e-01
8.952499999999999902e-01 8.950624999999999831e-01 8.951375000000000304e-01 8.962250000000000494e-01 8.961000000000000076e-01 8.960375000000000423e-01 8.967374999999999652e-01 8.967374999999999652e-01 8.968874999999999487e-01 8.969375000000000542e-01 8.967625000000000179e-01 8.967000000000000526e-01 8.975250000000000172e-01 8.976125000000000353e-01 8.982250000000000512e-01 8.988374999999999559e-01 8.989374999999999449e-01 8.988500000000000378e-01 8.997249999999999970e-01 9.008000000000000451e-01
9.006250000000000089e-01 9.003875000000000073e-01 9.005499999999999616e-01 9.014999999999999680e-01 9.017749999999999932e-01 9.017625000000000224e-01 9.023875000000000091e-01 9.021124999999999838e-01 9.022000000000000020e-01 9.021124999999999838e-01 9.017749999999999932e-01 9.020000000000000240e-01 9.024250000000000327e-01 9.030375000000000485e-01 9.034624999999999462e-01 9.035999999999999588e-01 9.038625000000000131e-01 9.038874999999999549e-01 9.049125000000000085e-01 9.056250000000000133e-01
9.057250000000000023e-01 9.060124999999999984e-01 9.060375000000000512e-01 9.070500000000000229e-01 9.071875000000000355e-01 9.073750000000000426e-01 9.075999999999999623e-01 9.070375000000000520e-01 9.073999999999999844e-01 9.070624999999999938e-01 9.069249999999999812e-01 9.073375000000000190e-01 9.078625000000000167e-01 9.081375000000000419e-01 9.082875000000000254e-01 9.086874999999999813e-01 9.091624999999999845e-01 9.090249999999999719e-01 9.100000000000000311e-01 9.110125000000000028e-01
9.109374999999999556e-01 9.115124999999999478e-01 9.112375000000000336e-01 9.125375000000000014e-01 9.126750000000000140e-01 9.129625000000000101e-01 9.127874999999999739e-01 9.122999999999999998e-01 9.126750000000000140e-01 9.120374999999999455e-01 9.120875000000000510e-01 9.125250000000000306e-01 9.132875000000000298e-01 9.133875000000000188e-01 9.130374999999999464e-01 9.136499999999999622e-01 9.142000000000000126e-01 9.143250000000000544e-01 9.149874999999999536e-01 9.158250000000000002e-01
9.165124999999999522e-01 9.168125000000000302e-01 9.166374999999999940e-01 9.181500000000000217e-01 9.181249999999999689e-01 9.181624999999999925e-01 9.179000000000000492e-01 9.174875000000000114e-01 9.176874999999999893e-01 9.170125000000000082e-01 9.174750000000000405e-01 9.176999999999999602e-01 9.184999999999999831e-01 9.182749999999999524e-01 9.180749999999999744e-01 9.188125000000000320e-01 9.192375000000000407e-01 9.191124999999999989e-01 9.202500000000000124e-01 9.205124999999999558e-01
9.217874999999999819e-01 9.219125000000000236e-01 9.219374999999999654e-01 9.235624999999999529e-01 9.236124999999999474e-01 9.233999999999999986e-01 9.229749999999999899e-01 9.226999999999999647e-01 9.222124999999999906e-01 9.220500000000000362e-01 9.225375000000000103e-01 9.231500000000000261e-01 9.235999999999999766e-01 9.230125000000000135e-01 9.229125000000000245e-01 9.240000000000000435e-01 9.243124999999999813e-01 9.241000000000000325e-01 9.252249999999999641e-01 9.251000000000000334e-01
9.268250000000000099e-01 9.273749999999999494e-01 9.271875000000000533e-01 9.287374999999999936e-01 9.287250000000000227e-01 9.283000000000000140e-01 9.279249999999999998e-01 9.275750000000000384e-01 9.272000000000000242e-01 9.273124999999999840e-01 9.278499999999999526e-01 9.281000000000000361e-01 9.285624999999999574e-01 9.279749999999999943e-01 9.279874999999999652e-01 9.289625000000000243e-01 9.292249999999999677e-01 9.293124999999999858e-01 9.297625000000000473e-01 9.298499999999999543e-01
9.319499999999999451e-01 9.325124999999999664e-01 9.325499999999999901e-01 9.340125000000000233e-01 9.338750000000000107e-01 9.333124999999999893e-01 9.329125000000000334e-01 9.323124999999999885e-01 9.318999999999999506e-01 9.322124999999999995e-01 9.328125000000000444e-01 9.328874999999999806e-01 9.330749999999999877e-01 9.328250000000000153e-01 9.330625000000000169e-01 9.336624999999999508e-01 9.339250000000000052e-01 9.343749999999999556e-01 9.341874999999999485e-01 9.344875000000000265e-01
9.367124999999999480e-01 9.376375000000000126e-01 9.377124999999999488e-01 9.388499999999999623e-01 9.384749999999999481e-01 9.379874999999999741e-01 9.377250000000000307e-01 9.367124999999999480e-01 9.366999999999999771e-01 9.371874999999999512e-01 9.379499999999999504e-01 9.377625000000000544e-01 9.376875000000000071e-01 9.374124999999999819e-01 9.376999999999999780e-01 9.385000000000000009e-01 9.389374999999999805e-01 9.388250000000000206e-01 9.389125000000000387e-01 9.391874999999999529e-01
9.416375000000000162e-01 9.424375000000000391e-01 9.422374999999999501e-01 9.433124999999999982e-01 9.428250000000000242e-01 9.428125000000000533e-01 9.422125000000000083e-01 9.413749999999999618e-01 9.415124999999999744e-01 9.420625000000000249e-01 9.424624999999999808e-01 9.424124999999999863e-01 9.424749999999999517e-01 9.419750000000000068e-01 9.422749999999999737e-01 9.427875000000000005e-01 9.437999999999999723e-01 9.431500000000000439e-01 9.431625000000000147e-01 9.435375000000000290e-01
9.462874999999999481e-01 9.471000000000000529e-01 9.468250000000000277e-01 9.479374999999999885e-01 9.473000000000000309e-01 9.472125000000000128e-01 9.464500000000000135e-01 9.457250000000000378e-01 9.460625000000000284e-01 9.468750000000000222e-01 9.471125000000000238e-01 9.465875000000000261e-01 9.467999999999999750e-01 9.465000000000000080e-01 9.468250000000000277e-01 9.472749999999999782e-01 9.482749999999999790e-01 9.472500000000000364e-01 9.475624999999999742e-01 9.478499999999999703e-01
9.508124999999999494e-01 9.515875000000000306e-01 9.509999999999999565e-01 9.521500000000000519e-01 9.518999999999999684e-01 9.514749999999999597e-01 9.504124999999999934e-01 9.498750000000000249e-01 9.506250000000000533e-01 9.513500000000000290e-01 9.512874999999999526e-01 9.508625000000000549e-01 9.507999999999999785e-01 9.507999999999999785e-01 9.511749999999999927e-01 9.517375000000000140e-01 9.523000000000000353e-01 9.515749999999999487e-01 9.515124999999999833e-01 9.521125000000000282e-01
9.549125000000000529e-01 9.557124999999999648e-01 9.552249999999999908e-01 9.560499999999999554e-01 9.560874999999999790e-01 9.554749999999999632e-01 9.545500000000000096e-01 9.544249999999999678e-01 9.547124999999999639e-01 9.553374999999999506e-01 9.554749999999999632e-01 9.551625000000000254e-01 9.550250000000000128e-01 9.548875000000000002e-01 9.551749999999999963e-01 9.560750000000000082e-01 9.562749999999999861e-01 9.556249999999999467e-01 9.553500000000000325e-01 9.562125000000000208e-01
9.591874999999999707e-01 9.595124999999999904e-01 9.590999999999999526e-01 9.599124999999999464e-01 9.600750000000000117e-01 9.589625000000000510e-01 9.581749999999999989e-01 9.582374999999999643e-01 9.589499999999999691e-01 9.594749999999999668e-01 9.594375000000000542e-01 9.590250000000000163e-01 9.590250000000000163e-01 9.586500000000000021e-01 9.590125000000000455e-01 9.601250000000000062e-01 9.600750000000000117e-01 9.593374999999999542e-01 9.593500000000000361e-01 9.599999999999999645e-01
9.629625000000000545e-01 9.634500000000000286e-01 9.625624999999999876e-01 9.636624999999999774e-01 9.638624999999999554e-01 9.624500000000000277e-01 9.621125000000000371e-01 9.622874999999999623e-01 9.627000000000000002e-01 9.631999999999999451e-01 9.630374999999999908e-01 9.624749999999999694e-01 9.627000000000000002e-01 9.624249999999999750e-01 9.630250000000000199e-01 9.637124999999999719e-01 9.636500000000000066e-01 9.628750000000000364e-01 9.630625000000000435e-01 9.638624999999999554e-01
9.664000000000000368e-01 9.668375000000000163e-01 9.661250000000000115e-01 9.673000000000000487e-01 9.672500000000000542e-01 9.656249999999999556e-01 9.655124999999999957e-01 9.657375000000000265e-01 9.664374999999999494e-01 9.666500000000000092e-01 9.664249999999999785e-01 9.658624999999999572e-01 9.660750000000000171e-01 9.662374999999999714e-01 9.665749999999999620e-01 9.670999999999999597e-01 9.671499999999999542e-01 9.662500000000000533e-01 9.667624999999999691e-01 9.672625000000000250e-01
9.696624999999999828e-01 9.700250000000000261e-01 9.693625000000000158e-01 9.704874999999999474e-01 9.703749999999999876e-01 9.690625000000000488e-01 9.691374999999999851e-01 9.689999999999999725e-01 9.695500000000000229e-01 9.700625000000000497e-01 9.698375000000000190e-01 9.692749999999999977e-01 9.693000000000000504e-01 9.695500000000000229e-01 9.699875000000000025e-01 9.699624999999999497e-01 9.705749999999999655e-01 9.691874999999999796e-01 9.700125000000000552e-01 9.703500000000000458e-01
9.725624999999999964e-01 9.730874999999999941e-01 9.721874999999999822e-01 9.735624999999999973e-01 9.730625000000000524e-01 9.721874999999999822e-01 9.722125000000000350e-01 9.720250000000000279e-01 9.728499999999999925e-01 9.730874999999999941e-01 9.729499999999999815e-01 9.723125000000000240e-01 9.722125000000000350e-01 9.725749999999999673e-01 9.729875000000000052e-01 9.729250000000000398e-01 9.734374999999999556e-01 9.725000000000000311e-01 9.729375000000000107e-01 9.735000000000000320e-01
9.753625000000000211e-01 9.759250000000000425e-01 9.751874999999999849e-01 9.764874999999999527e-01 9.758250000000000535e-01 9.747000000000000108e-01 9.748375000000000234e-01 9.752750000000000030e-01 9.756500000000000172e-01 9.757249999999999535e-01 9.756749999999999590e-01 9.750874999999999959e-01 9.751374999999999904e-01 9.753374999999999684e-01 9.759124999999999606e-01 9.758000000000000007e-01 9.762374999999999803e-01 9.752874999999999739e-01 9.757624999999999771e-01 9.761750000000000149e-01
9.780250000000000332e-01 9.784249999999999892e-01 9.775875000000000536e-01 9.790999999999999703e-01 9.782750000000000057e-01 9.773625000000000229e-01 9.777375000000000371e-01 9.777749999999999497e-01 9.783125000000000293e-01 9.783500000000000529e-01 9.782499999999999529e-01 9.776375000000000481e-01 9.778624999999999678e-01 9.780375000000000041e-01 9.781999999999999584e-01 9.782874999999999766e-01 9.786500000000000199e-01 9.777624999999999789e-01 9.783125000000000293e-01 9.786124999999999963e-01
9.803250000000000020e-01 9.808249999999999469e-01 9.801250000000000240e-01 9.814000000000000501e-01 9.805249999999999799e-01 9.798499999999999988e-01 9.801125000000000531e-01 9.802625000000000366e-01 9.807500000000000107e-01 9.805874999999999453e-01 9.806624999999999925e-01 9.798999999999999932e-01 9.803874999999999673e-01 9.805749999999999744e-01 9.805125000000000091e-01 9.809124999999999650e-01 9.811250000000000249e-01 9.803125000000000311e-01 9.807000000000000162e-01 9.809124999999999650e-01
9.824749999999999872e-01 9.831374999999999975e-01 9.823749999999999982e-01 9.835500000000000353e-01 9.826624999999999943e-01 9.821250000000000258e-01 9.823749999999999982e-01 9.824625000000000163e-01 9.828249999999999487e-01 9.828624999999999723e-01 9.827000000000000179e-01 9.821874999999999911e-01 9.827875000000000361e-01 9.826875000000000471e-01 9.827124999999999888e-01 9.829750000000000432e-01 9.833499999999999464e-01 9.825000000000000400e-01 9.829124999999999668e-01 9.829999999999999849e-01
9.843874999999999709e-01 9.849124999999999686e-01 9.841374999999999984e-01 9.855625000000000080e-01 9.845249999999999835e-01 9.842499999999999583e-01 9.842250000000000165e-01 9.844749999999999890e-01 9.849875000000000158e-01 9.849999999999999867e-01 9.846624999999999961e-01 9.840750000000000330e-01 9.847624999999999851e-01 9.845374999999999543e-01 9.844374999999999654e-01 9.849375000000000213e-01 9.851124999999999465e-01 9.843874999999999709e-01 9.849375000000000213e-01 9.850250000000000394e-01
9.863874999999999726e-01 9.865874999999999506e-01 9.860875000000000057e-01 9.871375000000000011e-01 9.863374999999999782e-01 9.861124999999999474e-01 9.861750000000000238e-01 9.861999999999999655e-01 9.867375000000000451e-01 9.867375000000000451e-01 9.865625000000000089e-01 9.858500000000000041e-01 9.867124999999999924e-01 9.865874999999999506e-01 9.860999999999999766e-01 9.868124999999999813e-01 9.867875000000000396e-01 9.860375000000000112e-01 9.866374999999999451e-01 9.869375000000000231e-01
9.881375000000000020e-01 9.882125000000000492e-01 9.876249999999999751e-01 9.885625000000000107e-01 9.879624999999999657e-01 9.876000000000000334e-01 9.876875000000000515e-01 9.877749999999999586e-01 9.884374999999999689e-01 9.883625000000000327e-01 9.881625000000000547e-01 9.874749999999999917e-01 9.881375000000000020e-01 9.884749999999999925e-01 9.877749999999999586e-01 9.883374999999999799e-01 9.886125000000000052e-01 9.879250000000000531e-01 9.880750000000000366e-01 9.882999999999999563e-01
9.896374999999999478e-01 9.894374999999999698e-01 9.892125000000000501e-01 9.899375000000000258e-01 9.893374999999999808e-01 9.890375000000000139e-01 9.891375000000000028e-01 9.893625000000000336e-01 9.899250000000000549e-01 9.896374999999999478e-01 9.895000000000000462e-01 9.889999999999999902e-01 9.894874999999999643e-01 9.898749999999999494e-01 9.891375000000000028e-01 9.898000000000000131e-01 9.898749999999999494e-01 9.892125000000000501e-01 9.896000000000000352e-01 9.897375000000000478e-01
9.907249999999999668e-01 9.906374999999999487e-01 9.903625000000000345e-01 9.912625000000000464e-01 9.905125000000000179e-01 9.903125000000000400e-01 9.904500000000000526e-01 9.906500000000000306e-01 9.911750000000000282e-01 9.910875000000000101e-01 9.907624999999999904e-01 9.902750000000000163e-01 9.907749999999999613e-01 9.912374999999999936e-01 9.904249999999999998e-01 9.910250000000000448e-01 9.910499999999999865e-01 9.904500000000000526e-01 9.909000000000000030e-01 9.909624999999999684e-01
9.918749999999999512e-01 9.918375000000000385e-01 9.914625000000000243e-01 9.922750000000000181e-01 9.917249999999999677e-01 9.916625000000000023e-01 9.915874999999999551e-01 9.917749999999999622e-01 9.923499999999999543e-01 9.922250000000000236e-01 9.920999999999999819e-01 9.914874999999999661e-01 9.918375000000000385e-01 9.924125000000000307e-01 9.916000000000000369e-01 9.921750000000000291e-01 9.921624999999999472e-01 9.914625000000000243e-01 9.919999999999999929e-01 9.920750000000000401e-01
9.930875000000000119e-01 9.928749999999999520e-01 9.926125000000000087e-01 9.931499999999999773e-01 9.927749999999999631e-01 9.926874999999999449e-01 9.926749999999999741e-01 9.925874999999999559e-01 9.933374999999999844e-01 9.932499999999999662e-01 9.931375000000000064e-01 9.925625000000000142e-01 9.928249999999999575e-01 9.936500000000000332e-01 9.925749999999999851e-01 9.932250000000000245e-01 9.933999999999999497e-01 9.925249999999999906e-01 9.930375000000000174e-01 9.930499999999999883e-01
9.938749999999999529e-01 9.938000000000000167e-01 9.935874999999999568e-01 9.942374999999999963e-01 9.935500000000000442e-01 9.935249999999999915e-01 9.935625000000000151e-01 9.934625000000000261e-01 9.940999999999999837e-01 9.939624999999999710e-01 9.940875000000000128e-01 9.935374999999999623e-01 9.939375000000000293e-01 9.943625000000000380e-01 9.934250000000000025e-01 9.940999999999999837e-01 9.942874999999999908e-01 9.934749999999999970e-01 9.939249999999999474e-01 9.939249999999999474e-01
9.946625000000000050e-01 9.946374999999999522e-01 9.943125000000000435e-01 9.950499999999999901e-01 9.943999999999999506e-01 9.943125000000000435e-01 9.945874999999999577e-01 9.944499999999999451e-01 9.948624999999999829e-01 9.949750000000000538e-01 9.949000000000000066e-01 9.942874999999999908e-01 9.947249999999999703e-01 9.951250000000000373e-01 9.944125000000000325e-01 9.948500000000000121e-01 9.949750000000000538e-01 9.943125000000000435e-01 9.946874999999999467e-01 9.946749999999999758e-01
9.952874999999999917e-01 9.954625000000000279e-01 9.951250000000000373e-01 9.956625000000000059e-01 9.950375000000000192e-01 9.949624999999999719e-01 9.952250000000000263e-01 9.952999999999999625e-01 9.956374999999999531e-01 9.956125000000000114e-01 9.955249999999999932e-01 9.950750000000000428e-01 9.954250000000000043e-01 9.957375000000000531e-01 9.952125000000000554e-01 9.955500000000000460e-01 9.955749999999999877e-01 9.951250000000000373e-01 9.954499999999999460e-01 9.954125000000000334e-01
9.959249999999999492e-01 9.960875000000000146e-01 9.959124999999999783e-01 9.962250000000000272e-01 9.957125000000000004e-01 9.957125000000000004e-01 9.959000000000000075e-01 9.959875000000000256e-01 9.962499999999999689e-01 9.962250000000000272e-01 9.960375000000000201e-01 9.957125000000000004e-01 9.960499999999999909e-01 9.961624999999999508e-01 9.958875000000000366e-01 9.960750000000000437e-01 9.961875000000000036e-01 9.956625000000000059e-01 9.960499999999999909e-01 9.959124999999999783e-01
9.964499999999999469e-01 9.964874999999999705e-01 9.964625000000000288e-01 9.968249999999999611e-01 9.963125000000000453e-01 9.963250000000000162e-01 9.964625000000000288e-01 9.963999999999999524e-01 9.967125000000000012e-01 9.966749999999999776e-01 9.966249999999999831e-01 9.963750000000000107e-01 9.965249999999999941e-01 9.966749999999999776e-01 9.964749999999999996e-01 9.966125000000000123e-01 9.966249999999999831e-01 9.963374999999999870e-01 9.965249999999999941e-01 9.965874999999999595e-01
9.968749999999999556e-01 9.969624999999999737e-01 9.969500000000000028e-01 9.972625000000000517e-01 9.968875000000000375e-01 9.968000000000000194e-01 9.968749999999999556e-01 9.969749999999999446e-01 9.973250000000000171e-01 9.971999999999999753e-01 9.972250000000000281e-01 9.968375000000000430e-01 9.969249999999999501e-01 9.971624999999999517e-01 9.968624999999999847e-01 9.972250000000000281e-01 9.970875000000000155e-01 9.968500000000000139e-01 9.969749999999999446e-01 9.970999999999999863e-01
9.973625000000000407e-01 9.974874999999999714e-01 9.973374999999999879e-01 9.976125000000000131e-01 9.973250000000000171e-01 9.973125000000000462e-01 9.973874999999999824e-01 9.974125000000000352e-01 9.976000000000000423e-01 9.976374999999999549e-01 9.976249999999999840e-01 9.973625000000000407e-01 9.973125000000000462e-01 9.975374999999999659e-01 9.972999999999999643e-01 9.976125000000000131e-01 9.974750000000000005e-01 9.972374999999999989e-01 9.974125000000000352e-01 9.974625000000000297e-01
9.978249999999999620e-01 9.978749999999999565e-01 9.976625000000000076e-01 9.979624999999999746e-01 9.976749999999999785e-01 9.976500000000000368e-01 9.978500000000000147e-01 9.977624999999999966e-01 9.979375000000000329e-01 9.980250000000000510e-01 9.979999999999999982e-01 9.977624999999999966e-01 9.976625000000000076e-01 9.979500000000000037e-01 9.976249999999999840e-01 9.979749999999999455e-01 9.978500000000000147e-01 9.976749999999999785e-01 9.979124999999999801e-01 9.978500000000000147e-01
9.981999999999999762e-01 9.982874999999999943e-01 9.980124999999999691e-01 9.983499999999999597e-01 9.980499999999999927e-01 9.980375000000000218e-01 9.982374999999999998e-01 9.980624999999999636e-01 9.983750000000000124e-01 9.982625000000000526e-01 9.983499999999999597e-01 9.981250000000000400e-01 9.980375000000000218e-01 9.982124999999999471e-01 9.980999999999999872e-01 9.981875000000000053e-01 9.981875000000000053e-01 9.981375000000000108e-01 9.982250000000000290e-01 9.981250000000000400e-01
9.985125000000000250e-01 9.986125000000000140e-01 9.983874999999999833e-01 9.986249999999999849e-01 9.983125000000000471e-01 9.983374999999999888e-01 9.984750000000000014e-01 9.984499999999999487e-01 9.986249999999999849e-01 9.985500000000000487e-01 9.986125000000000140e-01 9.983750000000000124e-01 9.982999999999999652e-01 9.984874999999999723e-01 9.983750000000000124e-01 9.984374999999999778e-01 9.984250000000000069e-01 9.984125000000000361e-01 9.985500000000000487e-01 9.983374999999999888e-01
9.987000000000000322e-01 9.988375000000000448e-01 9.986374999999999558e-01 9.987624999999999975e-01 9.986374999999999558e-01 9.986125000000000140e-01 9.987000000000000322e-01 9.986500000000000377e-01 9.988000000000000211e-01 9.988500000000000156e-01 9.988500000000000156e-01 9.986500000000000377e-01 9.985125000000000250e-01 9.987875000000000503e-01 9.986249999999999849e-01 9.986500000000000377e-01 9.986500000000000377e-01 9.986500000000000377e-01 9.987374999999999448e-01 9.985374999999999668e-01
9.989000000000000101e-01 9.989500000000000046e-01 9.988500000000000156e-01 9.990124999999999700e-01 9.988249999999999629e-01 9.988124999999999920e-01 9.990124999999999700e-01 9.988624999999999865e-01 9.990375000000000227e-01 9.990124999999999700e-01 9.990124999999999700e-01 9.988249999999999629e-01 9.988124999999999920e-01 9.990124999999999700e-01 9.988500000000000156e-01 9.989000000000000101e-01 9.988749999999999574e-01 9.988624999999999865e-01 9.989124999999999810e-01 9.987875000000000503e-01
9.990750000000000464e-01 9.990999999999999881e-01 9.990499999999999936e-01 9.991875000000000062e-01 9.989999999999999991e-01 9.990375000000000227e-01 9.990999999999999881e-01 9.990250000000000519e-01 9.991875000000000062e-01 9.991375000000000117e-01 9.991499999999999826e-01 9.990250000000000519e-01 9.989999999999999991e-01 9.991624999999999535e-01 9.990999999999999881e-01 9.990499999999999936e-01 9.990250000000000519e-01 9.989999999999999991e-01 9.990124999999999700e-01 9.989624999999999755e-01
9.992250000000000298e-01 9.992625000000000535e-01 9.992625000000000535e-01 9.992375000000000007e-01 9.991999999999999771e-01 9.991875000000000062e-01 9.992375000000000007e-01 9.992499999999999716e-01 9.992874999999999952e-01 9.993125000000000480e-01 9.993125000000000480e-01 9.992124999999999480e-01 9.992250000000000298e-01 9.992999999999999661e-01 9.992750000000000243e-01 9.991624999999999535e-01 9.991499999999999826e-01 9.991499999999999826e-01 9.991499999999999826e-01 9.992124999999999480e-01
9.993499999999999606e-01 9.995249999999999968e-01 9.993750000000000133e-01 9.994374999999999787e-01 9.993125000000000480e-01 9.992874999999999952e-01 9.993750000000000133e-01 9.993874999999999842e-01 9.993874999999999842e-01 9.994125000000000369e-01 9.994750000000000023e-01 9.993374999999999897e-01 9.993499999999999606e-01 9.994250000000000078e-01 9.993625000000000425e-01 9.993625000000000425e-01 9.992499999999999716e-01 9.993250000000000188e-01 9.993125000000000480e-01 9.993499999999999606e-01
9.995625000000000204e-01 9.996500000000000385e-01 9.995374999999999677e-01 9.995874999999999622e-01 9.994750000000000023e-01 9.993874999999999842e-01 9.995000000000000551e-01 9.995374999999999677e-01 9.995000000000000551e-01 9.994874999999999732e-01 9.995374999999999677e-01 9.994750000000000023e-01 9.994750000000000023e-01 9.995500000000000496e-01 9.994750000000000023e-01 9.995249999999999968e-01 9.994250000000000078e-01 9.995000000000000551e-01 9.994499999999999496e-01 9.994874999999999732e-01
9.996374999999999567e-01 9.997374999999999456e-01 9.996000000000000441e-01 9.996625000000000094e-01 9.996125000000000149e-01 9.994499999999999496e-01 9.996000000000000441e-01 9.996374999999999567e-01 9.995749999999999913e-01 9.995374999999999677e-01 9.996125000000000149e-01 9.995125000000000259e-01 9.996249999999999858e-01 9.996749999999999803e-01 9.995874999999999622e-01 9.996374999999999567e-01 9.995125000000000259e-01 9.996125000000000149e-01 9.996249999999999858e-01 9.996625000000000094e-01
9.997374999999999456e-01 9.997875000000000512e-01 9.997000000000000330e-01 9.997624999999999984e-01 9.996374999999999567e-01 9.995874999999999622e-01 9.997000000000000330e-01 9.997125000000000039e-01 9.996749999999999803e-01 9.995874999999999622e-01 9.997125000000000039e-01 9.995749999999999913e-01 9.996500000000000385e-01 9.997374999999999456e-01 9.996625000000000094e-01 9.997000000000000330e-01 9.996000000000000441e-01 9.997000000000000330e-01 9.996749999999999803e-01 9.997500000000000275e-01
9.998124999999999929e-01 9.998500000000000165e-01 9.997374999999999456e-01 9.998000000000000220e-01 9.997249999999999748e-01 9.997000000000000330e-01 9.998124999999999929e-01 9.997749999999999693e-01 9.997000000000000330e-01 9.996625000000000094e-01 9.998249999999999638e-01 9.996374999999999567e-01 9.997500000000000275e-01 9.997875000000000512e-01 9.997500000000000275e-01 9.997875000000000512e-01 9.997249999999999748e-01 9.998000000000000220e-01 9.997749999999999693e-01 9.997875000000000512e-01
9.998249999999999638e-01 9.998749999999999583e-01 9.997500000000000275e-01 9.998375000000000457e-01 9.997500000000000275e-01 9.997374999999999456e-01 9.998375000000000457e-01 9.998375000000000457e-01 9.997500000000000275e-01 9.997249999999999748e-01 9.998500000000000165e-01 9.997125000000000039e-01 9.997624999999999984e-01 9.998375000000000457e-01 9.997749999999999693e-01 9.998124999999999929e-01 9.997500000000000275e-01 9.998249999999999638e-01 9.998000000000000220e-01 9.997875000000000512e-01
9.998749999999999583e-01 9.998749999999999583e-01 9.998249999999999638e-01 9.998875000000000401e-01 9.998624999999999874e-01 9.998375000000000457e-01 9.998624999999999874e-01 9.999000000000000110e-01 9.998249999999999638e-01 9.998749999999999583e-01 9.999249999999999527e-01 9.998000000000000220e-01 9.998249999999999638e-01 9.999124999999999819e-01 9.998749999999999583e-01 9.998749999999999583e-01 9.998000000000000220e-01 9.998624999999999874e-01 9.999249999999999527e-01 9.998624999999999874e-01
9.998875000000000401e-01 9.998749999999999583e-01 9.998500000000000165e-01 9.998875000000000401e-01 9.998749999999999583e-01 9.998500000000000165e-01 9.998749999999999583e-01 9.999124999999999819e-01 9.998375000000000457e-01 9.999000000000000110e-01 9.999249999999999527e-01 9.998249999999999638e-01 9.998375000000000457e-01 9.999249999999999527e-01 9.999124999999999819e-01 9.999000000000000110e-01 9.998249999999999638e-01 9.998875000000000401e-01 9.999375000000000346e-01 9.998749999999999583e-01
9.999375000000000346e-01 9.999124999999999819e-01 9.999000000000000110e-01 9.999375000000000346e-01 9.999124999999999819e-01 9.999249999999999527e-01 9.999000000000000110e-01 9.999124999999999819e-01 9.999249999999999527e-01 9.999624999999999764e-01 9.999500000000000055e-01 9.999000000000000110e-01 9.999124999999999819e-01 9.999624999999999764e-01 9.999249999999999527e-01 9.999749999999999472e-01 9.999000000000000110e-01 9.999249999999999527e-01 9.999749999999999472e-01 9.999500000000000055e-01
9.999375000000000346e-01 9.999500000000000055e-01 9.999124999999999819e-01 9.999375000000000346e-01 9.999124999999999819e-01 9.999375000000000346e-01 9.999124999999999819e-01 9.999375000000000346e-01 9.999375000000000346e-01 9.999624999999999764e-01 9.999500000000000055e-01 9.999375000000000346e-01 9.999249999999999527e-01 9.999749999999999472e-01 9.999375000000000346e-01 9.999875000000000291e-01 9.999249999999999527e-01 9.999500000000000055e-01 9.999875000000000291e-01 9.999624999999999764e-01
9.999375000000000346e-01 9.999624999999999764e-01 9.999249999999999527e-01 9.999375000000000346e-01 9.999124999999999819e-01 9.999375000000000346e-01 9.999249999999999527e-01 9.999375000000000346e-01 9.999375000000000346e-01 9.999624999999999764e-01 9.999500000000000055e-01 9.999375000000000346e-01 9.999249999999999527e-01 9.999875000000000291e-01 9.999375000000000346e-01 9.999875000000000291e-01 9.999375000000000346e-01 9.999500000000000055e-01 9.999875000000000291e-01 9.999624999999999764e-01
9.999375000000000346e-01 9.999624999999999764e-01 9.999249999999999527e-01 9.999375000000000346e-01 9.999124999999999819e-01 9.999375000000000346e-01 9.999249999999999527e-01 9.999375000000000346e-01 9.999375000000000346e-01 9.999624999999999764e-01 9.999500000000000055e-01 9.999375000000000346e-01 9.999249999999999527e-01 9.999875000000000291e-01 9.999500000000000055e-01 9.999875000000000291e-01 9.999375000000000346e-01 9.999500000000000055e-01 9.999875000000000291e-01 9.999624999999999764e-01
1.000000000000000000e+00 1.000000000000000000e+00 1.000000000000000000e+00 1.000000000000000000e+00 1.000000000000000000e+00 1.000000000000000000e+00 1.000000000000000000e+00 9.999875000000000291e-01 9.999875000000000291e-01 9.999875000000000291e-01 1.000000000000000000e+00 9.999875000000000291e-01 9.999875000000000291e-01 1.000000000000000000e+00 1.000000000000000000e+00 1.000000000000000000e+00 1.000000000000000000e+00 9.999875000000000291e-01 1.000000000000000000e+00 1.000000000000000000e+00
1.000000000000000000e+00 1.000000000000000000e+00 1.000000000000000000e+00 1.000000000000000000e+00 1.000000000000000000e+00 1.000000000000000000e+00 1.000000000000000000e+00 1.000000000000000000e+00 1.000000000000000000e+00 1.000000000000000000e+00 1.000000000000000000e+00 1.000000000000000000e+00 1.000000000000000000e+00 1.000000000000000000e+00 1.000000000000000000e+00 1.000000000000000000e+00 1.000000000000000000e+00 1.000000000000000000e+00 1.000000000000000000e+00 1.000000000000000000e+00
