7.016621270781815602e-04 7.365134246351720234e-04 7.730957732130631400e-04 8.114951534738963201e-04 8.518018167072998912e-04 8.941104969509800849e-04 9.385206336471497036e-04 9.851366053582289936e-04 1.034067975091111430e-03 1.085429747806598713e-03 1.139342640719231579e-03 1.195933367022817455e-03 1.255334933708490610e-03 1.317686954175293886e-03 1.383135976368009192e-03 1.451835827213469876e-03 1.523947974164901846e-03 1.599641904704031696e-03 1.679095524692928235e-03 1.762495576511834573e-03
9.694374999999999520e-01 9.695375000000000520e-01 9.696124999999999883e-01 9.703874999999999584e-01 9.701750000000000096e-01 9.704000000000000403e-01 9.709375000000000089e-01 9.711125000000000451e-01 9.715375000000000538e-01 9.718499999999999917e-01 9.713749999999999885e-01 9.713249999999999940e-01 9.714249999999999829e-01 9.716749999999999554e-01 9.716000000000000192e-01 9.719375000000000098e-01 9.719124999999999570e-01 9.724625000000000075e-01 9.723374999999999657e-01 9.722750000000000004e-01
9.717999999999999972e-01 9.719624999999999515e-01 9.720999999999999641e-01 9.724125000000000130e-01 9.724500000000000366e-01 9.728499999999999925e-01 9.730874999999999941e-01 9.735624999999999973e-01 9.738250000000000517e-01 9.737749999999999462e-01 9.740124999999999478e-01 9.738124999999999698e-01 9.738750000000000462e-01 9.740625000000000533e-01 9.743125000000000258e-01 9.744249999999999856e-01 9.743000000000000549e-01 9.747000000000000108e-01 9.747999999999999998e-01 9.749499999999999833e-01
9.724874999999999492e-01 9.726000000000000201e-01 9.726124999999999909e-01 9.732125000000000359e-01 9.733374999999999666e-01 9.736624999999999863e-01 9.737500000000000044e-01 9.744500000000000384e-01 9.747124999999999817e-01 9.745500000000000274e-01 9.748124999999999707e-01 9.748250000000000526e-01 9.747124999999999817e-01 9.749250000000000416e-01 9.752625000000000322e-01 9.751999999999999558e-01 9.753625000000000211e-01 9.756749999999999590e-01 9.757124999999999826e-01 9.759875000000000078e-01
9.727124999999999799e-01 9.728999999999999870e-01 9.730250000000000288e-01 9.735749999999999682e-01 9.737000000000000099e-01 9.740750000000000242e-01 9.743374999999999675e-01 9.748624999999999652e-01 9.750625000000000542e-01 9.750375000000000014e-01 9.752874999999999739e-01 9.752499999999999503e-01 9.752625000000000322e-01 9.754374999999999574e-01 9.756124999999999936e-01 9.756375000000000464e-01 9.759624999999999551e-01 9.761625000000000441e-01 9.761999999999999567e-01 9.764625000000000110e-01
9.727500000000000036e-01 9.730374999999999996e-01 9.731499999999999595e-01 9.736875000000000391e-01 9.738250000000000517e-01 9.742250000000000076e-01 9.745125000000000037e-01 9.749750000000000361e-01 9.751999999999999558e-01 9.752250000000000085e-01 9.754374999999999574e-01 9.754374999999999574e-01 9.753500000000000503e-01 9.755749999999999700e-01 9.757624999999999771e-01 9.758250000000000535e-01 9.761625000000000441e-01 9.763125000000000275e-01 9.764749999999999819e-01 9.766500000000000181e-01
9.728124999999999689e-01 9.731125000000000469e-01 9.731874999999999831e-01 9.737249999999999517e-01 9.738875000000000171e-01 9.742874999999999730e-01 9.745624999999999982e-01 9.749875000000000069e-01 9.752499999999999503e-01 9.753125000000000266e-01 9.754874999999999519e-01 9.755000000000000338e-01 9.753874999999999629e-01 9.756249999999999645e-01 9.758124999999999716e-01 9.759624999999999551e-01 9.762625000000000330e-01 9.763874999999999638e-01 9.765249999999999764e-01 9.767749999999999488e-01
9.728124999999999689e-01 9.731125000000000469e-01 9.732125000000000359e-01 9.737500000000000044e-01 9.739250000000000407e-01 9.743000000000000549e-01 9.745875000000000510e-01 9.750250000000000306e-01 9.752750000000000030e-01 9.753249999999999975e-01 9.755125000000000046e-01 9.755000000000000338e-01 9.754374999999999574e-01 9.756500000000000172e-01 9.758375000000000243e-01 9.759875000000000078e-01 9.762750000000000039e-01 9.764000000000000457e-01 9.765374999999999472e-01 9.768124999999999725e-01
9.728250000000000508e-01 9.731125000000000469e-01 9.732374999999999776e-01 9.737624999999999753e-01 9.739375000000000115e-01 9.743125000000000258e-01 9.746124999999999927e-01 9.750499999999999723e-01 9.752750000000000030e-01 9.753249999999999975e-01 9.755125000000000046e-01 9.755000000000000338e-01 9.754500000000000393e-01 9.756500000000000172e-01 9.758624999999999661e-01 9.759875000000000078e-01 9.762750000000000039e-01 9.764374999999999583e-01 9.765500000000000291e-01 9.768250000000000544e-01
9.728375000000000217e-01 9.731374999999999886e-01 9.732499999999999485e-01 9.737875000000000281e-01 9.739499999999999824e-01 9.743374999999999675e-01 9.746249999999999636e-01 9.750499999999999723e-01 9.752750000000000030e-01 9.753249999999999975e-01 9.755374999999999464e-01 9.755125000000000046e-01 9.754625000000000101e-01 9.756500000000000172e-01 9.758624999999999661e-01 9.759999999999999787e-01 9.763249999999999984e-01 9.764500000000000401e-01 9.765500000000000291e-01 9.768375000000000252e-01
9.728624999999999634e-01 9.731499999999999595e-01 9.732750000000000012e-01 9.738124999999999698e-01 9.739750000000000352e-01 9.743500000000000494e-01 9.746375000000000455e-01 9.750499999999999723e-01 9.752750000000000030e-01 9.753374999999999684e-01 9.755374999999999464e-01 9.755125000000000046e-01 9.754874999999999519e-01 9.756624999999999881e-01 9.758750000000000480e-01 9.760375000000000023e-01 9.763374999999999693e-01 9.764625000000000110e-01 9.765625000000000000e-01 9.768375000000000252e-01
9.728999999999999870e-01 9.731625000000000414e-01 9.732874999999999721e-01 9.738124999999999698e-01 9.740124999999999478e-01 9.743500000000000494e-01 9.746375000000000455e-01 9.750625000000000542e-01 9.752874999999999739e-01 9.753374999999999684e-01 9.755374999999999464e-01 9.755249999999999755e-01 9.755125000000000046e-01 9.756749999999999590e-01 9.759250000000000425e-01 9.760375000000000023e-01 9.763374999999999693e-01 9.764749999999999819e-01 9.765749999999999709e-01 9.768624999999999670e-01
9.729124999999999579e-01 9.731999999999999540e-01 9.733374999999999666e-01 9.738250000000000517e-01 9.740499999999999714e-01 9.743500000000000494e-01 9.746375000000000455e-01 9.750625000000000542e-01 9.752874999999999739e-01 9.753374999999999684e-01 9.755374999999999464e-01 9.755500000000000282e-01 9.755374999999999464e-01 9.757000000000000117e-01 9.759250000000000425e-01 9.760499999999999732e-01 9.763374999999999693e-01 9.765000000000000346e-01 9.765875000000000528e-01 9.768999999999999906e-01
9.729624999999999524e-01 9.732750000000000012e-01 9.733625000000000194e-01 9.738375000000000226e-01 9.740499999999999714e-01 9.743749999999999911e-01 9.746375000000000455e-01 9.750750000000000250e-01 9.752999999999999448e-01 9.753500000000000503e-01 9.755624999999999991e-01 9.755624999999999991e-01 9.755749999999999700e-01 9.757000000000000117e-01 9.759499999999999842e-01 9.760625000000000551e-01 9.763500000000000512e-01 9.765249999999999764e-01 9.766124999999999945e-01 9.769499999999999851e-01
9.729999999999999760e-01 9.732874999999999721e-01 9.733874999999999611e-01 9.738499999999999934e-01 9.740999999999999659e-01 9.743874999999999620e-01 9.746624999999999872e-01 9.750999999999999668e-01 9.753249999999999975e-01 9.753625000000000211e-01 9.755749999999999700e-01 9.755875000000000519e-01 9.756124999999999936e-01 9.757500000000000062e-01 9.759624999999999551e-01 9.760999999999999677e-01 9.763874999999999638e-01 9.765749999999999709e-01 9.766624999999999890e-01 9.769750000000000378e-01
9.730374999999999996e-01 9.733500000000000485e-01 9.734125000000000139e-01 9.738750000000000462e-01 9.741125000000000478e-01 9.743874999999999620e-01 9.746749999999999581e-01 9.751125000000000487e-01 9.753625000000000211e-01 9.753625000000000211e-01 9.756000000000000227e-01 9.756500000000000172e-01 9.756500000000000172e-01 9.757624999999999771e-01 9.759750000000000369e-01 9.761250000000000204e-01 9.764249999999999874e-01 9.766000000000000236e-01 9.766875000000000417e-01 9.769999999999999796e-01
9.731250000000000178e-01 9.734000000000000430e-01 9.734374999999999556e-01 9.739624999999999533e-01 9.741499999999999604e-01 9.744000000000000439e-01 9.746875000000000400e-01 9.751374999999999904e-01 9.753749999999999920e-01 9.754125000000000156e-01 9.756375000000000464e-01 9.756749999999999590e-01 9.756624999999999881e-01 9.757875000000000298e-01 9.760124999999999496e-01 9.761625000000000441e-01 9.764500000000000401e-01 9.766249999999999654e-01 9.767249999999999543e-01 9.770750000000000268e-01
9.731374999999999886e-01 9.734500000000000375e-01 9.734625000000000083e-01 9.739875000000000060e-01 9.741750000000000131e-01 9.744125000000000147e-01 9.747375000000000345e-01 9.751499999999999613e-01 9.754249999999999865e-01 9.754374999999999574e-01 9.756624999999999881e-01 9.757000000000000117e-01 9.756875000000000409e-01 9.758000000000000007e-01 9.760625000000000551e-01 9.761874999999999858e-01 9.764874999999999527e-01 9.766875000000000417e-01 9.768124999999999725e-01 9.770999999999999686e-01
9.732499999999999485e-01 9.734874999999999501e-01 9.735125000000000028e-01 9.740124999999999478e-01 9.742125000000000368e-01 9.744625000000000092e-01 9.747500000000000053e-01 9.751625000000000432e-01 9.754749999999999810e-01 9.754625000000000101e-01 9.757000000000000117e-01 9.757375000000000353e-01 9.757000000000000117e-01 9.758624999999999661e-01 9.760874999999999968e-01 9.762125000000000385e-01 9.765374999999999472e-01 9.767624999999999780e-01 9.768750000000000488e-01 9.771374999999999922e-01
9.733125000000000249e-01 9.735624999999999973e-01 9.735624999999999973e-01 9.740375000000000005e-01 9.742750000000000021e-01 9.744749999999999801e-01 9.747875000000000290e-01 9.752125000000000377e-01 9.754874999999999519e-01 9.755000000000000338e-01 9.757624999999999771e-01 9.757749999999999480e-01 9.757749999999999480e-01 9.758999999999999897e-01 9.761125000000000496e-01 9.762625000000000330e-01 9.766000000000000236e-01 9.768250000000000544e-01 9.768999999999999906e-01 9.771750000000000158e-01
9.734249999999999847e-01 9.736124999999999918e-01 9.735875000000000501e-01 9.741625000000000423e-01 9.743374999999999675e-01 9.744874999999999510e-01 9.748250000000000526e-01 9.752250000000000085e-01 9.755125000000000046e-01 9.755000000000000338e-01 9.757875000000000298e-01 9.758250000000000535e-01 9.758250000000000535e-01 9.759750000000000369e-01 9.761750000000000149e-01 9.762999999999999456e-01 9.766624999999999890e-01 9.768750000000000488e-01 9.769750000000000378e-01 9.772625000000000339e-01
9.735000000000000320e-01 9.737249999999999517e-01 9.736875000000000391e-01 9.742125000000000368e-01 9.744000000000000439e-01 9.745500000000000274e-01 9.748499999999999943e-01 9.752499999999999503e-01 9.755500000000000282e-01 9.756124999999999936e-01 9.758750000000000480e-01 9.758624999999999661e-01 9.758750000000000480e-01 9.760625000000000551e-01 9.762125000000000385e-01 9.763249999999999984e-01 9.767375000000000362e-01 9.769375000000000142e-01 9.770624999999999449e-01 9.772999999999999465e-01
9.736000000000000210e-01 9.737749999999999462e-01 9.737624999999999753e-01 9.742625000000000313e-01 9.744000000000000439e-01 9.746124999999999927e-01 9.749124999999999597e-01 9.753125000000000266e-01 9.756624999999999881e-01 9.756624999999999881e-01 9.758999999999999897e-01 9.759124999999999606e-01 9.759375000000000133e-01 9.761374999999999913e-01 9.762250000000000094e-01 9.763749999999999929e-01 9.768124999999999725e-01 9.770250000000000323e-01 9.770874999999999977e-01 9.774249999999999883e-01
9.737124999999999808e-01 9.738624999999999643e-01 9.738750000000000462e-01 9.743125000000000258e-01 9.745000000000000329e-01 9.747249999999999526e-01 9.749999999999999778e-01 9.753625000000000211e-01 9.756749999999999590e-01 9.757000000000000117e-01 9.759250000000000425e-01 9.759750000000000369e-01 9.759750000000000369e-01 9.761874999999999858e-01 9.762750000000000039e-01 9.764249999999999874e-01 9.768624999999999670e-01 9.770750000000000268e-01 9.771750000000000158e-01 9.774500000000000410e-01
9.737999999999999989e-01 9.739499999999999824e-01 9.739624999999999533e-01 9.744500000000000384e-01 9.746500000000000163e-01 9.748250000000000526e-01 9.750750000000000250e-01 9.754374999999999574e-01 9.757500000000000062e-01 9.757749999999999480e-01 9.759624999999999551e-01 9.760499999999999732e-01 9.760625000000000551e-01 9.762499999999999512e-01 9.763249999999999984e-01 9.765000000000000346e-01 9.769499999999999851e-01 9.772250000000000103e-01 9.772374999999999812e-01 9.776124999999999954e-01
9.739624999999999533e-01 9.741250000000000187e-01 9.740874999999999950e-01 9.745624999999999982e-01 9.747624999999999762e-01 9.749624999999999542e-01 9.751874999999999849e-01 9.755624999999999991e-01 9.758624999999999661e-01 9.758250000000000535e-01 9.760375000000000023e-01 9.760999999999999677e-01 9.761499999999999622e-01 9.763125000000000275e-01 9.764249999999999874e-01 9.766124999999999945e-01 9.769875000000000087e-01 9.772499999999999520e-01 9.774000000000000465e-01 9.777000000000000135e-01
9.741625000000000423e-01 9.743000000000000549e-01 9.741874999999999840e-01 9.747749999999999471e-01 9.748999999999999888e-01 9.750874999999999959e-01 9.753500000000000503e-01 9.756624999999999881e-01 9.759499999999999842e-01 9.758624999999999661e-01 9.761374999999999913e-01 9.761999999999999567e-01 9.761625000000000441e-01 9.764125000000000165e-01 9.765749999999999709e-01 9.766749999999999599e-01 9.770874999999999977e-01 9.773874999999999647e-01 9.775125000000000064e-01 9.778624999999999678e-01
9.743374999999999675e-01 9.744874999999999510e-01 9.744000000000000439e-01 9.749124999999999597e-01 9.750375000000000014e-01 9.752499999999999503e-01 9.754625000000000101e-01 9.757624999999999771e-01 9.760124999999999496e-01 9.759750000000000369e-01 9.762250000000000094e-01 9.762999999999999456e-01 9.762625000000000330e-01 9.765374999999999472e-01 9.766249999999999654e-01 9.767875000000000307e-01 9.772999999999999465e-01 9.775374999999999481e-01 9.775749999999999718e-01 9.779999999999999805e-01
9.745749999999999691e-01 9.746875000000000400e-01 9.745875000000000510e-01 9.750874999999999959e-01 9.752125000000000377e-01 9.754125000000000156e-01 9.756124999999999936e-01 9.759250000000000425e-01 9.761750000000000149e-01 9.761499999999999622e-01 9.762625000000000330e-01 9.763500000000000512e-01 9.763625000000000220e-01 9.766249999999999654e-01 9.767249999999999543e-01 9.769499999999999851e-01 9.773874999999999647e-01 9.776500000000000190e-01 9.777624999999999789e-01 9.781250000000000222e-01
9.747500000000000053e-01 9.748875000000000179e-01 9.748875000000000179e-01 9.752999999999999448e-01 9.753874999999999629e-01 9.755374999999999464e-01 9.757624999999999771e-01 9.760750000000000259e-01 9.762999999999999456e-01 9.763374999999999693e-01 9.764125000000000165e-01 9.764874999999999527e-01 9.764249999999999874e-01 9.767875000000000307e-01 9.768624999999999670e-01 9.770499999999999741e-01 9.775249999999999773e-01 9.778250000000000552e-01 9.779750000000000387e-01 9.783250000000000002e-01
9.750999999999999668e-01 9.751999999999999558e-01 9.751125000000000487e-01 9.755374999999999464e-01 9.756875000000000409e-01 9.757000000000000117e-01 9.759750000000000369e-01 9.761625000000000441e-01 9.765374999999999472e-01 9.764749999999999819e-01 9.765625000000000000e-01 9.766124999999999945e-01 9.766375000000000473e-01 9.769499999999999851e-01 9.770250000000000323e-01 9.771750000000000158e-01 9.777000000000000135e-01 9.780375000000000041e-01 9.781374999999999931e-01 9.784625000000000128e-01
9.753500000000000503e-01 9.754125000000000156e-01 9.754374999999999574e-01 9.758000000000000007e-01 9.758999999999999897e-01 9.758875000000000188e-01 9.761499999999999622e-01 9.763249999999999984e-01 9.766375000000000473e-01 9.766500000000000181e-01 9.766749999999999599e-01 9.767624999999999780e-01 9.768250000000000544e-01 9.771625000000000449e-01 9.771999999999999575e-01 9.773374999999999702e-01 9.778875000000000206e-01 9.782125000000000403e-01 9.783374999999999710e-01 9.786375000000000490e-01
9.755749999999999700e-01 9.757249999999999535e-01 9.757375000000000353e-01 9.760625000000000551e-01 9.760874999999999968e-01 9.761625000000000441e-01 9.764000000000000457e-01 9.766249999999999654e-01 9.768750000000000488e-01 9.768124999999999725e-01 9.768999999999999906e-01 9.769624999999999559e-01 9.770499999999999741e-01 9.773749999999999938e-01 9.774249999999999883e-01 9.776375000000000481e-01 9.780999999999999694e-01 9.785000000000000364e-01 9.784874999999999545e-01 9.788124999999999742e-01
9.758875000000000188e-01 9.761750000000000149e-01 9.760499999999999732e-01 9.762874999999999748e-01 9.763374999999999693e-01 9.764125000000000165e-01 9.767249999999999543e-01 9.768624999999999670e-01 9.770124999999999504e-01 9.770499999999999741e-01 9.771625000000000449e-01 9.771999999999999575e-01 9.772374999999999812e-01 9.775749999999999718e-01 9.776249999999999662e-01 9.778624999999999678e-01 9.783749999999999947e-01 9.787124999999999853e-01 9.787124999999999853e-01 9.789999999999999813e-01
9.763125000000000275e-01 9.764874999999999527e-01 9.763625000000000220e-01 9.767000000000000126e-01 9.766249999999999654e-01 9.766624999999999890e-01 9.770250000000000323e-01 9.771499999999999631e-01 9.772499999999999520e-01 9.773125000000000284e-01 9.774125000000000174e-01 9.774625000000000119e-01 9.776249999999999662e-01 9.778875000000000206e-01 9.779124999999999623e-01 9.782250000000000112e-01 9.786749999999999616e-01 9.789124999999999632e-01 9.789875000000000105e-01 9.791874999999999885e-01
9.766124999999999945e-01 9.769250000000000433e-01 9.767249999999999543e-01 9.770750000000000268e-01 9.770375000000000032e-01 9.770124999999999504e-01 9.773500000000000520e-01 9.772750000000000048e-01 9.775249999999999773e-01 9.776500000000000190e-01 9.777749999999999497e-01 9.777500000000000080e-01 9.779250000000000442e-01 9.781750000000000167e-01 9.782374999999999821e-01 9.784874999999999545e-01 9.789875000000000105e-01 9.791499999999999648e-01 9.792374999999999829e-01 9.794500000000000428e-01
9.771625000000000449e-01 9.772625000000000339e-01 9.771125000000000504e-01 9.773749999999999938e-01 9.774249999999999883e-01 9.773374999999999702e-01 9.776749999999999607e-01 9.776624999999999899e-01 9.779499999999999860e-01 9.780499999999999750e-01 9.780999999999999694e-01 9.780124999999999513e-01 9.782874999999999766e-01 9.784374999999999600e-01 9.786500000000000199e-01 9.788000000000000034e-01 9.792374999999999829e-01 9.794249999999999901e-01 9.794874999999999554e-01 9.798249999999999460e-01
9.775125000000000064e-01 9.776624999999999899e-01 9.775500000000000300e-01 9.777875000000000316e-01 9.776749999999999607e-01 9.777500000000000080e-01 9.779375000000000151e-01 9.780624999999999458e-01 9.784500000000000419e-01 9.783374999999999710e-01 9.785374999999999490e-01 9.783250000000000002e-01 9.785500000000000309e-01 9.788624999999999687e-01 9.789499999999999869e-01 9.790750000000000286e-01 9.795875000000000554e-01 9.796875000000000444e-01 9.797624999999999806e-01 9.800750000000000295e-01
9.778499999999999970e-01 9.781499999999999639e-01 9.779375000000000151e-01 9.781750000000000167e-01 9.780750000000000277e-01 9.781874999999999876e-01 9.783874999999999655e-01 9.784125000000000183e-01 9.788750000000000506e-01 9.787624999999999797e-01 9.788249999999999451e-01 9.787375000000000380e-01 9.789375000000000160e-01 9.791874999999999885e-01 9.792374999999999829e-01 9.794000000000000483e-01 9.798875000000000224e-01 9.799499999999999877e-01 9.801250000000000240e-01 9.804500000000000437e-01
9.784125000000000183e-01 9.786124999999999963e-01 9.783749999999999947e-01 9.787249999999999561e-01 9.786500000000000199e-01 9.785500000000000309e-01 9.787749999999999506e-01 9.789250000000000451e-01 9.791999999999999593e-01 9.791374999999999940e-01 9.792750000000000066e-01 9.791999999999999593e-01 9.794500000000000428e-01 9.796375000000000499e-01 9.796249999999999680e-01 9.797749999999999515e-01 9.802125000000000421e-01 9.803125000000000311e-01 9.804625000000000146e-01 9.807375000000000398e-01
9.790250000000000341e-01 9.790874999999999995e-01 9.789999999999999813e-01 9.792874999999999774e-01 9.790624999999999467e-01 9.789750000000000396e-01 9.791999999999999593e-01 9.793374999999999719e-01 9.796124999999999972e-01 9.796000000000000263e-01 9.796500000000000208e-01 9.796875000000000444e-01 9.798499999999999988e-01 9.800375000000000059e-01 9.800375000000000059e-01 9.802625000000000366e-01 9.805000000000000382e-01 9.807000000000000162e-01 9.807875000000000343e-01 9.810875000000000012e-01
9.795125000000000082e-01 9.797124999999999861e-01 9.796000000000000263e-01 9.797500000000000098e-01 9.795625000000000027e-01 9.794749999999999845e-01 9.796124999999999972e-01 9.798000000000000043e-01 9.800875000000000004e-01 9.801250000000000240e-01 9.802125000000000421e-01 9.801625000000000476e-01 9.803500000000000547e-01 9.804749999999999854e-01 9.804874999999999563e-01 9.805749999999999744e-01 9.810250000000000359e-01 9.811874999999999902e-01 9.812625000000000375e-01 9.815374999999999517e-01
9.800750000000000295e-01 9.802250000000000130e-01 9.800375000000000059e-01 9.801374999999999948e-01 9.800124999999999531e-01 9.798999999999999932e-01 9.801499999999999657e-01 9.802625000000000366e-01 9.805749999999999744e-01 9.806000000000000272e-01 9.806124999999999980e-01 9.807749999999999524e-01 9.808000000000000052e-01 9.809875000000000123e-01 9.809499999999999886e-01 9.809875000000000123e-01 9.814625000000000155e-01 9.815625000000000044e-01 9.817000000000000171e-01 9.819375000000000187e-01
9.805625000000000036e-01 9.808375000000000288e-01 9.805874999999999453e-01 9.806000000000000272e-01 9.804625000000000146e-01 9.803625000000000256e-01 9.806249999999999689e-01 9.807124999999999870e-01 9.810999999999999721e-01 9.811374999999999957e-01 9.810875000000000012e-01 9.811874999999999902e-01 9.812874999999999792e-01 9.815249999999999808e-01 9.813749999999999973e-01 9.816249999999999698e-01 9.819124999999999659e-01 9.820250000000000368e-01 9.821625000000000494e-01 9.824125000000000218e-01
9.811999999999999611e-01 9.813125000000000320e-01 9.811625000000000485e-01 9.811625000000000485e-01 9.810999999999999721e-01 9.809499999999999886e-01 9.812125000000000430e-01 9.811999999999999611e-01 9.815500000000000336e-01 9.817500000000000115e-01 9.817500000000000115e-01 9.817375000000000407e-01 9.818624999999999714e-01 9.819999999999999840e-01 9.819375000000000187e-01 9.820750000000000313e-01 9.824249999999999927e-01 9.825874999999999471e-01 9.825749999999999762e-01 9.829499999999999904e-01
9.817875000000000352e-01 9.818999999999999950e-01 9.818375000000000297e-01 9.817000000000000171e-01 9.817000000000000171e-01 9.814374999999999627e-01 9.817500000000000115e-01 9.818124999999999769e-01 9.821625000000000494e-01 9.822250000000000147e-01 9.822874999999999801e-01 9.822374999999999856e-01 9.824500000000000455e-01 9.825125000000000108e-01 9.825500000000000345e-01 9.825625000000000053e-01 9.829499999999999904e-01 9.830250000000000377e-01 9.831374999999999975e-01 9.834125000000000227e-01
9.823625000000000274e-01 9.825000000000000400e-01 9.823874999999999691e-01 9.823749999999999982e-01 9.822374999999999856e-01 9.821374999999999966e-01 9.822874999999999801e-01 9.823250000000000037e-01 9.828000000000000069e-01 9.828375000000000306e-01 9.827875000000000361e-01 9.828124999999999778e-01 9.830499999999999794e-01 9.829999999999999849e-01 9.830499999999999794e-01 9.829624999999999613e-01 9.835500000000000353e-01 9.835000000000000409e-01 9.837375000000000425e-01 9.839624999999999622e-01
9.829499999999999904e-01 9.830499999999999794e-01 9.829999999999999849e-01 9.830499999999999794e-01 9.828750000000000542e-01 9.826749999999999652e-01 9.828500000000000014e-01 9.830375000000000085e-01 9.835500000000000353e-01 9.834000000000000519e-01 9.834000000000000519e-01 9.834625000000000172e-01 9.836000000000000298e-01 9.836624999999999952e-01 9.835625000000000062e-01 9.834874999999999590e-01 9.840999999999999748e-01 9.839499999999999913e-01 9.842125000000000457e-01 9.845374999999999543e-01
9.835500000000000353e-01 9.837249999999999606e-01 9.837375000000000425e-01 9.835874999999999480e-01 9.835125000000000117e-01 9.832250000000000156e-01 9.835374999999999535e-01 9.837375000000000425e-01 9.841250000000000275e-01 9.840624999999999512e-01 9.840624999999999512e-01 9.840499999999999803e-01 9.841999999999999638e-01 9.842125000000000457e-01 9.840250000000000385e-01 9.839750000000000441e-01 9.847124999999999906e-01 9.845000000000000417e-01 9.848124999999999796e-01 9.850250000000000394e-01
9.841750000000000220e-01 9.845125000000000126e-01 9.844249999999999945e-01 9.843250000000000055e-01 9.841999999999999638e-01 9.838624999999999732e-01 9.841499999999999693e-01 9.844125000000000236e-01 9.847749999999999559e-01 9.846375000000000544e-01 9.847875000000000378e-01 9.846624999999999961e-01 9.848500000000000032e-01 9.848375000000000323e-01 9.846749999999999670e-01 9.847249999999999615e-01 9.853250000000000064e-01 9.851250000000000284e-01 9.854500000000000481e-01 9.855500000000000371e-01
9.849750000000000449e-01 9.852250000000000174e-01 9.851625000000000520e-01 9.850750000000000339e-01 9.848249999999999504e-01 9.846125000000000016e-01 9.848124999999999796e-01 9.850875000000000048e-01 9.855125000000000135e-01 9.853499999999999481e-01 9.853625000000000300e-01 9.853625000000000300e-01 9.855625000000000080e-01 9.854625000000000190e-01 9.853125000000000355e-01 9.853625000000000300e-01 9.859750000000000458e-01 9.856624999999999970e-01 9.860124999999999584e-01 9.861874999999999947e-01
9.857249999999999623e-01 9.860250000000000403e-01 9.858000000000000096e-01 9.856624999999999970e-01 9.855374999999999552e-01 9.852874999999999828e-01 9.855249999999999844e-01 9.857249999999999623e-01 9.861250000000000293e-01 9.861375000000000002e-01 9.861499999999999710e-01 9.859375000000000222e-01 9.862125000000000474e-01 9.862250000000000183e-01 9.859875000000000167e-01 9.859124999999999694e-01 9.865374999999999561e-01 9.864000000000000545e-01 9.865249999999999853e-01 9.869499999999999940e-01
9.863125000000000364e-01 9.868624999999999758e-01 9.865500000000000380e-01 9.865000000000000435e-01 9.862374999999999892e-01 9.859750000000000458e-01 9.863250000000000073e-01 9.863625000000000309e-01 9.868624999999999758e-01 9.868749999999999467e-01 9.867375000000000451e-01 9.866125000000000034e-01 9.868375000000000341e-01 9.868000000000000105e-01 9.866875000000000506e-01 9.865500000000000380e-01 9.871499999999999719e-01 9.871999999999999664e-01 9.872125000000000483e-01 9.876000000000000334e-01
9.871625000000000538e-01 9.874500000000000499e-01 9.872125000000000483e-01 9.871750000000000247e-01 9.869624999999999648e-01 9.867249999999999632e-01 9.869999999999999885e-01 9.872250000000000192e-01 9.876000000000000334e-01 9.876500000000000279e-01 9.874500000000000499e-01 9.873750000000000027e-01 9.875249999999999861e-01 9.875000000000000444e-01 9.872874999999999845e-01 9.871499999999999719e-01 9.878249999999999531e-01 9.878124999999999822e-01 9.880750000000000366e-01 9.881999999999999673e-01
9.879875000000000185e-01 9.881499999999999728e-01 9.879624999999999657e-01 9.879250000000000531e-01 9.875749999999999806e-01 9.873750000000000027e-01 9.877249999999999641e-01 9.878375000000000350e-01 9.882874999999999854e-01 9.882499999999999618e-01 9.882250000000000201e-01 9.880124999999999602e-01 9.882625000000000437e-01 9.881499999999999728e-01 9.879000000000000004e-01 9.879000000000000004e-01 9.885125000000000162e-01 9.884249999999999980e-01 9.887124999999999941e-01 9.889499999999999957e-01
9.887875000000000414e-01 9.889000000000000012e-01 9.886500000000000288e-01 9.887000000000000233e-01 9.883125000000000382e-01 9.881375000000000020e-01 9.883999999999999453e-01 9.885874999999999524e-01 9.891375000000000028e-01 9.890375000000000139e-01 9.889250000000000540e-01 9.887000000000000233e-01 9.888749999999999485e-01 9.889000000000000012e-01 9.886374999999999469e-01 9.885500000000000398e-01 9.891250000000000320e-01 9.890624999999999556e-01 9.894249999999999989e-01 9.896749999999999714e-01
9.894625000000000226e-01 9.895625000000000115e-01 9.894125000000000281e-01 9.893499999999999517e-01 9.889375000000000249e-01 9.889499999999999957e-01 9.891250000000000320e-01 9.892999999999999572e-01 9.899375000000000258e-01 9.897624999999999895e-01 9.896000000000000352e-01 9.893999999999999462e-01 9.896374999999999478e-01 9.894749999999999934e-01 9.894125000000000281e-01 9.893750000000000044e-01 9.898500000000000076e-01 9.898500000000000076e-01 9.900624999999999565e-01 9.904125000000000290e-01
9.901750000000000274e-01 9.903750000000000053e-01 9.902874999999999872e-01 9.900250000000000439e-01 9.898000000000000131e-01 9.896125000000000060e-01 9.896875000000000533e-01 9.899499999999999966e-01 9.907000000000000250e-01 9.904125000000000290e-01 9.902750000000000163e-01 9.900750000000000384e-01 9.902374999999999927e-01 9.901999999999999691e-01 9.901750000000000274e-01 9.900499999999999856e-01 9.904625000000000234e-01 9.904500000000000526e-01 9.908500000000000085e-01 9.909999999999999920e-01
9.908249999999999558e-01 9.910624999999999574e-01 9.909499999999999975e-01 9.907249999999999668e-01 9.905874999999999542e-01 9.903499999999999526e-01 9.904125000000000290e-01 9.908749999999999503e-01 9.913625000000000353e-01 9.912750000000000172e-01 9.909750000000000503e-01 9.908749999999999503e-01 9.909624999999999684e-01 9.909249999999999448e-01 9.909124999999999739e-01 9.906875000000000542e-01 9.912125000000000519e-01 9.913125000000000409e-01 9.914874999999999661e-01 9.917624999999999913e-01
9.915125000000000188e-01 9.917124999999999968e-01 9.916249999999999787e-01 9.915125000000000188e-01 9.912625000000000464e-01 9.910375000000000156e-01 9.911874999999999991e-01 9.917000000000000259e-01 9.920624999999999583e-01 9.919875000000000220e-01 9.916500000000000314e-01 9.915625000000000133e-01 9.916000000000000369e-01 9.916749999999999732e-01 9.915874999999999551e-01 9.913250000000000117e-01 9.918500000000000094e-01 9.919499999999999984e-01 9.920999999999999819e-01 9.924374999999999725e-01
9.921375000000000055e-01 9.924125000000000307e-01 9.922999999999999599e-01 9.923625000000000362e-01 9.918749999999999512e-01 9.915874999999999551e-01 9.918624999999999803e-01 9.923374999999999835e-01 9.926249999999999796e-01 9.925125000000000197e-01 9.923125000000000417e-01 9.920375000000000165e-01 9.923374999999999835e-01 9.922874999999999890e-01 9.921499999999999764e-01 9.919999999999999929e-01 9.924625000000000252e-01 9.925500000000000433e-01 9.928124999999999867e-01 9.930624999999999591e-01
9.929624999999999702e-01 9.931250000000000355e-01 9.928875000000000339e-01 9.930624999999999591e-01 9.926249999999999796e-01 9.923250000000000126e-01 9.925625000000000142e-01 9.930750000000000410e-01 9.933125000000000426e-01 9.931375000000000064e-01 9.930624999999999591e-01 9.926874999999999449e-01 9.928875000000000339e-01 9.929124999999999757e-01 9.928375000000000394e-01 9.926500000000000323e-01 9.931499999999999773e-01 9.931624999999999481e-01 9.933999999999999497e-01 9.936625000000000041e-01
9.935374999999999623e-01 9.937124999999999986e-01 9.934625000000000261e-01 9.935749999999999860e-01 9.931875000000000009e-01 9.929750000000000520e-01 9.932625000000000481e-01 9.937500000000000222e-01 9.939375000000000293e-01 9.936249999999999805e-01 9.937500000000000222e-01 9.933750000000000080e-01 9.935749999999999860e-01 9.935749999999999860e-01 9.933750000000000080e-01 9.932874999999999899e-01 9.938875000000000348e-01 9.937500000000000222e-01 9.939999999999999947e-01 9.942125000000000545e-01
9.939750000000000529e-01 9.943874999999999797e-01 9.940250000000000474e-01 9.942374999999999963e-01 9.937249999999999694e-01 9.936000000000000387e-01 9.940375000000000183e-01 9.943374999999999853e-01 9.944125000000000325e-01 9.943125000000000435e-01 9.941875000000000018e-01 9.938375000000000403e-01 9.941750000000000309e-01 9.942125000000000545e-01 9.939500000000000002e-01 9.938749999999999529e-01 9.943625000000000380e-01 9.941375000000000073e-01 9.944874999999999687e-01 9.947624999999999940e-01
9.945874999999999577e-01 9.950875000000000137e-01 9.947000000000000286e-01 9.946500000000000341e-01 9.943374999999999853e-01 9.941999999999999726e-01 9.946374999999999522e-01 9.949375000000000302e-01 9.949999999999999956e-01 9.948375000000000412e-01 9.947500000000000231e-01 9.942874999999999908e-01 9.947875000000000467e-01 9.947249999999999703e-01 9.946125000000000105e-01 9.943874999999999797e-01 9.950624999999999609e-01 9.947875000000000467e-01 9.949624999999999719e-01 9.953250000000000153e-01
9.952125000000000554e-01 9.954874999999999696e-01 9.952125000000000554e-01 9.952374999999999972e-01 9.949375000000000302e-01 9.947500000000000231e-01 9.951999999999999735e-01 9.954749999999999988e-01 9.955125000000000224e-01 9.953499999999999570e-01 9.953125000000000444e-01 9.949124999999999774e-01 9.952250000000000263e-01 9.952874999999999917e-01 9.950750000000000428e-01 9.948875000000000357e-01 9.956000000000000405e-01 9.953250000000000153e-01 9.954374999999999751e-01 9.957624999999999948e-01
9.957749999999999657e-01 9.959375000000000311e-01 9.957624999999999948e-01 9.957875000000000476e-01 9.953874999999999806e-01 9.951999999999999735e-01 9.957624999999999948e-01 9.959875000000000256e-01 9.960250000000000492e-01 9.958500000000000130e-01 9.957749999999999657e-01 9.954874999999999696e-01 9.957875000000000476e-01 9.956500000000000350e-01 9.955000000000000515e-01 9.953999999999999515e-01 9.960124999999999673e-01 9.958249999999999602e-01 9.960375000000000201e-01 9.961250000000000382e-01
9.962124999999999453e-01 9.964250000000000052e-01 9.962124999999999453e-01 9.963499999999999579e-01 9.958875000000000366e-01 9.956625000000000059e-01 9.962250000000000272e-01 9.964125000000000343e-01 9.964250000000000052e-01 9.962999999999999634e-01 9.960999999999999854e-01 9.960999999999999854e-01 9.962750000000000217e-01 9.961250000000000382e-01 9.959375000000000311e-01 9.960124999999999673e-01 9.964625000000000288e-01 9.962250000000000272e-01 9.964625000000000288e-01 9.965500000000000469e-01
9.965749999999999886e-01 9.968249999999999611e-01 9.966125000000000123e-01 9.967375000000000540e-01 9.963374999999999870e-01 9.962499999999999689e-01 9.966749999999999776e-01 9.967875000000000485e-01 9.968249999999999611e-01 9.966374999999999540e-01 9.965749999999999886e-01 9.964374999999999760e-01 9.966500000000000359e-01 9.966625000000000068e-01 9.963250000000000162e-01 9.964499999999999469e-01 9.968749999999999556e-01 9.965625000000000178e-01 9.968124999999999902e-01 9.969249999999999501e-01
9.969875000000000265e-01 9.971624999999999517e-01 9.969749999999999446e-01 9.970999999999999863e-01 9.967375000000000540e-01 9.967000000000000304e-01 9.971750000000000336e-01 9.971375000000000099e-01 9.972250000000000281e-01 9.972374999999999989e-01 9.970375000000000210e-01 9.969000000000000083e-01 9.970875000000000155e-01 9.970875000000000155e-01 9.967249999999999721e-01 9.969124999999999792e-01 9.973499999999999588e-01 9.969124999999999792e-01 9.971375000000000099e-01 9.973250000000000171e-01
9.973750000000000115e-01 9.975374999999999659e-01 9.972499999999999698e-01 9.975000000000000533e-01 9.970999999999999863e-01 9.970999999999999863e-01 9.974874999999999714e-01 9.975000000000000533e-01 9.976500000000000368e-01 9.976249999999999840e-01 9.974250000000000060e-01 9.973499999999999588e-01 9.973374999999999879e-01 9.974374999999999769e-01 9.971499999999999808e-01 9.974125000000000352e-01 9.976249999999999840e-01 9.973250000000000171e-01 9.975000000000000533e-01 9.976749999999999785e-01
9.977624999999999966e-01 9.977875000000000494e-01 9.975249999999999950e-01 9.979624999999999746e-01 9.975874999999999604e-01 9.976249999999999840e-01 9.977875000000000494e-01 9.978249999999999620e-01 9.980750000000000455e-01 9.979000000000000092e-01 9.976749999999999785e-01 9.976625000000000076e-01 9.976874999999999494e-01 9.978124999999999911e-01 9.974750000000000005e-01 9.977375000000000549e-01 9.980250000000000510e-01 9.976000000000000423e-01 9.978375000000000439e-01 9.980750000000000455e-01
9.979999999999999982e-01 9.981499999999999817e-01 9.979749999999999455e-01 9.981750000000000345e-01 9.978000000000000203e-01 9.979624999999999746e-01 9.980250000000000510e-01 9.981999999999999762e-01 9.983125000000000471e-01 9.981875000000000053e-01 9.979624999999999746e-01 9.979375000000000329e-01 9.979875000000000274e-01 9.980999999999999872e-01 9.977749999999999675e-01 9.979875000000000274e-01 9.982250000000000290e-01 9.978875000000000384e-01 9.981499999999999817e-01 9.982625000000000526e-01
9.982750000000000234e-01 9.984750000000000014e-01 9.982250000000000290e-01 9.984125000000000361e-01 9.981375000000000108e-01 9.981875000000000053e-01 9.983750000000000124e-01 9.984499999999999487e-01 9.985625000000000195e-01 9.984125000000000361e-01 9.982499999999999707e-01 9.981624999999999526e-01 9.982499999999999707e-01 9.983750000000000124e-01 9.980499999999999927e-01 9.982250000000000290e-01 9.984874999999999723e-01 9.982124999999999471e-01 9.983750000000000124e-01 9.984750000000000014e-01
9.985125000000000250e-01 9.987374999999999448e-01 9.984874999999999723e-01 9.986374999999999558e-01 9.983625000000000416e-01 9.984374999999999778e-01 9.986249999999999849e-01 9.987500000000000266e-01 9.988624999999999865e-01 9.986625000000000085e-01 9.985000000000000542e-01 9.983874999999999833e-01 9.984750000000000014e-01 9.987500000000000266e-01 9.982625000000000526e-01 9.984499999999999487e-01 9.987749999999999684e-01 9.984374999999999778e-01 9.985874999999999613e-01 9.986125000000000140e-01
9.987125000000000030e-01 9.989000000000000101e-01 9.986749999999999794e-01 9.989375000000000338e-01 9.985749999999999904e-01 9.986749999999999794e-01 9.987374999999999448e-01 9.989624999999999755e-01 9.990375000000000227e-01 9.989000000000000101e-01 9.987500000000000266e-01 9.986249999999999849e-01 9.987624999999999975e-01 9.990499999999999936e-01 9.985000000000000542e-01 9.987624999999999975e-01 9.989249999999999519e-01 9.986249999999999849e-01 9.987500000000000266e-01 9.988000000000000211e-01
9.989749999999999464e-01 9.991124999999999590e-01 9.989249999999999519e-01 9.990875000000000172e-01 9.987374999999999448e-01 9.988375000000000448e-01 9.989000000000000101e-01 9.991750000000000353e-01 9.991875000000000062e-01 9.990750000000000464e-01 9.989624999999999755e-01 9.988749999999999574e-01 9.989749999999999464e-01 9.991875000000000062e-01 9.987875000000000503e-01 9.989500000000000046e-01 9.991124999999999590e-01 9.989000000000000101e-01 9.990124999999999700e-01 9.989249999999999519e-01
9.990750000000000464e-01 9.992874999999999952e-01 9.990250000000000519e-01 9.992124999999999480e-01 9.989999999999999991e-01 9.990624999999999645e-01 9.991750000000000353e-01 9.993250000000000188e-01 9.993625000000000425e-01 9.992375000000000007e-01 9.991250000000000409e-01 9.989999999999999991e-01 9.990999999999999881e-01 9.992999999999999661e-01 9.989249999999999519e-01 9.990875000000000172e-01 9.991999999999999771e-01 9.990875000000000172e-01 9.991624999999999535e-01 9.990875000000000172e-01
9.992124999999999480e-01 9.993999999999999551e-01 9.992124999999999480e-01 9.993125000000000480e-01 9.991624999999999535e-01 9.992250000000000298e-01 9.992625000000000535e-01 9.994499999999999496e-01 9.995125000000000259e-01 9.993250000000000188e-01 9.993125000000000480e-01 9.992499999999999716e-01 9.992999999999999661e-01 9.993874999999999842e-01 9.990624999999999645e-01 9.992874999999999952e-01 9.992750000000000243e-01 9.991999999999999771e-01 9.992375000000000007e-01 9.992874999999999952e-01
9.993374999999999897e-01 9.994374999999999787e-01 9.992874999999999952e-01 9.994625000000000314e-01 9.992750000000000243e-01 9.993250000000000188e-01 9.994499999999999496e-01 9.996000000000000441e-01 9.995500000000000496e-01 9.995000000000000551e-01 9.994374999999999787e-01 9.993750000000000133e-01 9.993625000000000425e-01 9.995374999999999677e-01 9.991750000000000353e-01 9.993499999999999606e-01 9.994125000000000369e-01 9.993499999999999606e-01 9.993874999999999842e-01 9.993625000000000425e-01
9.994125000000000369e-01 9.995249999999999968e-01 9.993874999999999842e-01 9.995249999999999968e-01 9.994499999999999496e-01 9.994250000000000078e-01 9.995625000000000204e-01 9.996874999999999512e-01 9.996249999999999858e-01 9.995500000000000496e-01 9.996125000000000149e-01 9.994874999999999732e-01 9.994374999999999787e-01 9.996249999999999858e-01 9.993250000000000188e-01 9.994874999999999732e-01 9.994625000000000314e-01 9.994625000000000314e-01 9.994874999999999732e-01 9.994625000000000314e-01
9.994750000000000023e-01 9.995874999999999622e-01 9.994874999999999732e-01 9.997000000000000330e-01 9.995374999999999677e-01 9.994625000000000314e-01 9.996749999999999803e-01 9.997125000000000039e-01 9.997125000000000039e-01 9.996000000000000441e-01 9.996749999999999803e-01 9.995500000000000496e-01 9.995500000000000496e-01 9.996749999999999803e-01 9.994374999999999787e-01 9.995625000000000204e-01 9.995500000000000496e-01 9.995625000000000204e-01 9.995749999999999913e-01 9.995500000000000496e-01
9.995625000000000204e-01 9.996249999999999858e-01 9.995625000000000204e-01 9.997000000000000330e-01 9.995749999999999913e-01 9.995874999999999622e-01 9.997249999999999748e-01 9.997500000000000275e-01 9.997500000000000275e-01 9.996749999999999803e-01 9.997125000000000039e-01 9.996500000000000385e-01 9.996749999999999803e-01 9.997125000000000039e-01 9.994750000000000023e-01 9.995749999999999913e-01 9.996125000000000149e-01 9.996625000000000094e-01 9.996374999999999567e-01 9.995874999999999622e-01
9.996125000000000149e-01 9.996874999999999512e-01 9.996125000000000149e-01 9.997125000000000039e-01 9.996374999999999567e-01 9.996749999999999803e-01 9.997749999999999693e-01 9.998375000000000457e-01 9.997624999999999984e-01 9.997374999999999456e-01 9.998124999999999929e-01 9.996874999999999512e-01 9.997249999999999748e-01 9.997624999999999984e-01 9.995249999999999968e-01 9.996500000000000385e-01 9.996625000000000094e-01 9.997374999999999456e-01 9.997125000000000039e-01 9.996500000000000385e-01
9.996625000000000094e-01 9.997249999999999748e-01 9.996749999999999803e-01 9.997875000000000512e-01 9.997000000000000330e-01 9.997125000000000039e-01 9.998500000000000165e-01 9.999249999999999527e-01 9.998375000000000457e-01 9.997749999999999693e-01 9.998500000000000165e-01 9.997749999999999693e-01 9.997624999999999984e-01 9.998624999999999874e-01 9.996500000000000385e-01 9.997500000000000275e-01 9.997374999999999456e-01 9.997624999999999984e-01 9.997624999999999984e-01 9.997125000000000039e-01
9.997249999999999748e-01 9.998000000000000220e-01 9.997125000000000039e-01 9.998000000000000220e-01 9.997125000000000039e-01 9.997749999999999693e-01 9.998875000000000401e-01 9.999375000000000346e-01 9.999000000000000110e-01 9.998249999999999638e-01 9.998624999999999874e-01 9.998000000000000220e-01 9.998124999999999929e-01 9.998624999999999874e-01 9.996874999999999512e-01 9.998000000000000220e-01 9.997875000000000512e-01 9.998249999999999638e-01 9.998000000000000220e-01 9.997500000000000275e-01
9.998000000000000220e-01 9.998249999999999638e-01 9.998124999999999929e-01 9.998249999999999638e-01 9.997749999999999693e-01 9.998624999999999874e-01 9.999000000000000110e-01 9.999500000000000055e-01 9.999000000000000110e-01 9.998500000000000165e-01 9.998875000000000401e-01 9.998249999999999638e-01 9.998249999999999638e-01 9.999000000000000110e-01 9.997624999999999984e-01 9.998500000000000165e-01 9.998000000000000220e-01 9.998375000000000457e-01 9.998249999999999638e-01 9.997624999999999984e-01
9.998124999999999929e-01 9.998749999999999583e-01 9.998375000000000457e-01 9.998624999999999874e-01 9.998249999999999638e-01 9.998624999999999874e-01 9.999375000000000346e-01 9.999749999999999472e-01 9.999124999999999819e-01 9.998749999999999583e-01 9.999124999999999819e-01 9.998624999999999874e-01 9.998624999999999874e-01 9.999000000000000110e-01 9.998000000000000220e-01 9.998624999999999874e-01 9.998375000000000457e-01 9.998500000000000165e-01 9.998875000000000401e-01 9.998375000000000457e-01
9.998875000000000401e-01 9.998749999999999583e-01 9.998624999999999874e-01 9.998875000000000401e-01 9.998875000000000401e-01 9.998624999999999874e-01 9.999375000000000346e-01 9.999749999999999472e-01 9.999249999999999527e-01 9.998875000000000401e-01 9.999249999999999527e-01 9.999249999999999527e-01 9.998624999999999874e-01 9.999375000000000346e-01 9.998124999999999929e-01 9.998749999999999583e-01 9.998500000000000165e-01 9.998749999999999583e-01 9.999249999999999527e-01 9.999000000000000110e-01
9.998875000000000401e-01 9.998875000000000401e-01 9.998624999999999874e-01 9.999124999999999819e-01 9.998875000000000401e-01 9.998749999999999583e-01 9.999624999999999764e-01 9.999749999999999472e-01 9.999375000000000346e-01 9.999124999999999819e-01 9.999375000000000346e-01 9.999375000000000346e-01 9.998624999999999874e-01 9.999375000000000346e-01 9.998249999999999638e-01 9.998875000000000401e-01 9.998749999999999583e-01 9.999000000000000110e-01 9.999249999999999527e-01 9.999500000000000055e-01
9.999375000000000346e-01 9.999249999999999527e-01 9.999000000000000110e-01 9.999375000000000346e-01 9.999249999999999527e-01 9.999000000000000110e-01 9.999624999999999764e-01 9.999875000000000291e-01 9.999375000000000346e-01 9.999624999999999764e-01 9.999624999999999764e-01 9.999375000000000346e-01 9.998749999999999583e-01 9.999624999999999764e-01 9.998624999999999874e-01 9.999375000000000346e-01 9.999000000000000110e-01 9.999375000000000346e-01 9.999500000000000055e-01 9.999749999999999472e-01
9.999624999999999764e-01 9.999500000000000055e-01 9.999124999999999819e-01 9.999500000000000055e-01 9.999249999999999527e-01 9.999000000000000110e-01 9.999875000000000291e-01 9.999875000000000291e-01 9.999624999999999764e-01 9.999624999999999764e-01 9.999875000000000291e-01 9.999624999999999764e-01 9.998875000000000401e-01 9.999624999999999764e-01 9.998749999999999583e-01 9.999624999999999764e-01 9.999124999999999819e-01 9.999500000000000055e-01 9.999624999999999764e-01 9.999749999999999472e-01
9.999624999999999764e-01 9.999500000000000055e-01 9.999249999999999527e-01 9.999500000000000055e-01 9.999249999999999527e-01 9.999000000000000110e-01 9.999875000000000291e-01 9.999875000000000291e-01 9.999624999999999764e-01 9.999624999999999764e-01 9.999875000000000291e-01 9.999624999999999764e-01 9.998875000000000401e-01 9.999624999999999764e-01 9.998749999999999583e-01 9.999624999999999764e-01 9.999249999999999527e-01 9.999500000000000055e-01 9.999749999999999472e-01 9.999749999999999472e-01
9.999749999999999472e-01 9.999500000000000055e-01 9.999749999999999472e-01 9.999624999999999764e-01 9.999624999999999764e-01 9.999375000000000346e-01 9.999875000000000291e-01 1.000000000000000000e+00 9.999749999999999472e-01 1.000000000000000000e+00 9.999875000000000291e-01 9.999749999999999472e-01 9.999249999999999527e-01 1.000000000000000000e+00 9.999375000000000346e-01 9.999624999999999764e-01 9.999375000000000346e-01 9.999749999999999472e-01 9.999875000000000291e-01 9.999875000000000291e-01
9.999749999999999472e-01 9.999500000000000055e-01 9.999749999999999472e-01 9.999624999999999764e-01 9.999624999999999764e-01 9.999375000000000346e-01 9.999875000000000291e-01 1.000000000000000000e+00 9.999749999999999472e-01 1.000000000000000000e+00 9.999875000000000291e-01 9.999749999999999472e-01 9.999249999999999527e-01 1.000000000000000000e+00 9.999375000000000346e-01 9.999624999999999764e-01 9.999375000000000346e-01 9.999749999999999472e-01 9.999875000000000291e-01 9.999875000000000291e-01
9.999749999999999472e-01 9.999875000000000291e-01 9.999749999999999472e-01 9.999875000000000291e-01 9.999749999999999472e-01 9.999875000000000291e-01 1.000000000000000000e+00 1.000000000000000000e+00 9.999749999999999472e-01 1.000000000000000000e+00 1.000000000000000000e+00 9.999749999999999472e-01 9.999624999999999764e-01 1.000000000000000000e+00 9.999500000000000055e-01 1.000000000000000000e+00 9.999624999999999764e-01 9.999875000000000291e-01 1.000000000000000000e+00 1.000000000000000000e+00
9.999749999999999472e-01 9.999875000000000291e-01 9.999749999999999472e-01 9.999875000000000291e-01 9.999749999999999472e-01 9.999875000000000291e-01 1.000000000000000000e+00 1.000000000000000000e+00 9.999749999999999472e-01 1.000000000000000000e+00 1.000000000000000000e+00 9.999749999999999472e-01 9.999624999999999764e-01 1.000000000000000000e+00 9.999624999999999764e-01 1.000000000000000000e+00 9.999624999999999764e-01 9.999875000000000291e-01 1.000000000000000000e+00 1.000000000000000000e+00
9.999749999999999472e-01 9.999875000000000291e-01 9.999749999999999472e-01 9.999875000000000291e-01 9.999749999999999472e-01 9.999875000000000291e-01 1.000000000000000000e+00 1.000000000000000000e+00 9.999749999999999472e-01 1.000000000000000000e+00 1.000000000000000000e+00 9.999749999999999472e-01 9.999624999999999764e-01 1.000000000000000000e+00 9.999624999999999764e-01 1.000000000000000000e+00 9.999624999999999764e-01 9.999875000000000291e-01 1.000000000000000000e+00 1.000000000000000000e+00
9.999749999999999472e-01 9.999875000000000291e-01 9.999749999999999472e-01 9.999875000000000291e-01 9.999749999999999472e-01 9.999875000000000291e-01 1.000000000000000000e+00 1.000000000000000000e+00 9.999749999999999472e-01 1.000000000000000000e+00 1.000000000000000000e+00 9.999749999999999472e-01 9.999624999999999764e-01 1.000000000000000000e+00 9.999624999999999764e-01 1.000000000000000000e+00 9.999624999999999764e-01 9.999875000000000291e-01 1.000000000000000000e+00 1.000000000000000000e+00
1.000000000000000000e+00 1.000000000000000000e+00 1.000000000000000000e+00 1.000000000000000000e+00 1.000000000000000000e+00 1.000000000000000000e+00 1.000000000000000000e+00 1.000000000000000000e+00 1.000000000000000000e+00 1.000000000000000000e+00 1.000000000000000000e+00 1.000000000000000000e+00 1.000000000000000000e+00 1.000000000000000000e+00 1.000000000000000000e+00 1.000000000000000000e+00 1.000000000000000000e+00 1.000000000000000000e+00 1.000000000000000000e+00 1.000000000000000000e+00
1.000000000000000000e+00 1.000000000000000000e+00 1.000000000000000000e+00 1.000000000000000000e+00 1.000000000000000000e+00 1.000000000000000000e+00 1.000000000000000000e+00 1.000000000000000000e+00 1.000000000000000000e+00 1.000000000000000000e+00 1.000000000000000000e+00 1.000000000000000000e+00 1.000000000000000000e+00 1.000000000000000000e+00 1.000000000000000000e+00 1.000000000000000000e+00 1.000000000000000000e+00 1.000000000000000000e+00 1.000000000000000000e+00 1.000000000000000000e+00
