7.016621270781815602e-04 7.365134246351720234e-04 7.730957732130631400e-04 8.114951534738963201e-04 8.518018167072998912e-04 8.941104969509800849e-04 9.385206336471497036e-04 9.851366053582289936e-04 1.034067975091111430e-03 1.085429747806598713e-03 1.139342640719231579e-03 1.195933367022817455e-03 1.255334933708490610e-03 1.317686954175293886e-03 1.383135976368009192e-03 1.451835827213469876e-03 1.523947974164901846e-03 1.599641904704031696e-03 1.679095524692928235e-03 1.762495576511834573e-03
6.345499999999999474e-01 6.357749999999999790e-01 6.375374999999999792e-01 6.386874999999999636e-01 6.405250000000000110e-01 6.424250000000000238e-01 6.442624999999999602e-01 6.456250000000000044e-01 6.465625000000000400e-01 6.482999999999999874e-01 6.499249999999999750e-01 6.516625000000000334e-01 6.532124999999999737e-01 6.541000000000000147e-01 6.553875000000000117e-01 6.570249999999999702e-01 6.580000000000000293e-01 6.587499999999999467e-01 6.599125000000000130e-01 6.604499999999999815e-01
6.348749999999999671e-01 6.359375000000000444e-01 6.377749999999999808e-01 6.388000000000000345e-01 6.407749999999999835e-01 6.426125000000000309e-01 6.444374999999999964e-01 6.457874999999999588e-01 6.467249999999999943e-01 6.484250000000000291e-01 6.501249999999999529e-01 6.519000000000000350e-01 6.533999999999999808e-01 6.542249999999999455e-01 6.555374999999999952e-01 6.572249999999999481e-01 6.581249999999999600e-01 6.589125000000000121e-01 6.600375000000000547e-01 6.605625000000000524e-01
6.349749999999999561e-01 6.360000000000000098e-01 6.378374999999999462e-01 6.388875000000000526e-01 6.408249999999999780e-01 6.427374999999999616e-01 6.444750000000000201e-01 6.458749999999999769e-01 6.467625000000000179e-01 6.484625000000000528e-01 6.502000000000000002e-01 6.519749999999999712e-01 6.534499999999999753e-01 6.542750000000000510e-01 6.555750000000000188e-01 6.572375000000000300e-01 6.581749999999999545e-01 6.589125000000000121e-01 6.600500000000000256e-01 6.606125000000000469e-01
6.350249999999999506e-01 6.360249999999999515e-01 6.378875000000000517e-01 6.389375000000000471e-01 6.408500000000000307e-01 6.427500000000000435e-01 6.445125000000000437e-01 6.459125000000000005e-01 6.467874999999999597e-01 6.485125000000000473e-01 6.502499999999999947e-01 6.520000000000000240e-01 6.534874999999999989e-01 6.542875000000000218e-01 6.555750000000000188e-01 6.572375000000000300e-01 6.581749999999999545e-01 6.589125000000000121e-01 6.600500000000000256e-01 6.606250000000000178e-01
6.351250000000000506e-01 6.362124999999999586e-01 6.379375000000000462e-01 6.389875000000000416e-01 6.408625000000000016e-01 6.427749999999999853e-01 6.445499999999999563e-01 6.459125000000000005e-01 6.468500000000000361e-01 6.485625000000000417e-01 6.502750000000000474e-01 6.520124999999999948e-01 6.534999999999999698e-01 6.542999999999999927e-01 6.555750000000000188e-01 6.572375000000000300e-01 6.581749999999999545e-01 6.589125000000000121e-01 6.600500000000000256e-01 6.606250000000000178e-01
6.353124999999999467e-01 6.363999999999999657e-01 6.381250000000000533e-01 6.391000000000000014e-01 6.409624999999999906e-01 6.429124999999999979e-01 6.445499999999999563e-01 6.460124999999999895e-01 6.469000000000000306e-01 6.485750000000000126e-01 6.502999999999999892e-01 6.520375000000000476e-01 6.535125000000000517e-01 6.542999999999999927e-01 6.555750000000000188e-01 6.572375000000000300e-01 6.581875000000000364e-01 6.589125000000000121e-01 6.600500000000000256e-01 6.606250000000000178e-01
6.355250000000000066e-01 6.365750000000000020e-01 6.382624999999999549e-01 6.392624999999999558e-01 6.412124999999999631e-01 6.430624999999999813e-01 6.448125000000000107e-01 6.461500000000000021e-01 6.470000000000000195e-01 6.487500000000000488e-01 6.503499999999999837e-01 6.520749999999999602e-01 6.535250000000000226e-01 6.543124999999999636e-01 6.555874999999999897e-01 6.572624999999999718e-01 6.582000000000000073e-01 6.589249999999999829e-01 6.600500000000000256e-01 6.606250000000000178e-01
6.357249999999999845e-01 6.367125000000000146e-01 6.384874999999999856e-01 6.395125000000000393e-01 6.414125000000000520e-01 6.433499999999999774e-01 6.449875000000000469e-01 6.463250000000000384e-01 6.472499999999999920e-01 6.489374999999999449e-01 6.505374999999999908e-01 6.522250000000000547e-01 6.536374999999999824e-01 6.543250000000000455e-01 6.556125000000000425e-01 6.572750000000000536e-01 6.582124999999999782e-01 6.589249999999999829e-01 6.600500000000000256e-01 6.606625000000000414e-01
6.359249999999999625e-01 6.370124999999999815e-01 6.387125000000000163e-01 6.397749999999999826e-01 6.417000000000000481e-01 6.435374999999999845e-01 6.451375000000000304e-01 6.465750000000000108e-01 6.474250000000000282e-01 6.491375000000000339e-01 6.506999999999999451e-01 6.523624999999999563e-01 6.538125000000000187e-01 6.543750000000000400e-01 6.556374999999999842e-01 6.572750000000000536e-01 6.582375000000000309e-01 6.589374999999999538e-01 6.600875000000000492e-01 6.606999999999999540e-01
6.363750000000000240e-01 6.373874999999999957e-01 6.390500000000000069e-01 6.400375000000000369e-01 6.418875000000000552e-01 6.437625000000000153e-01 6.453999999999999737e-01 6.467374999999999652e-01 6.475999999999999535e-01 6.493124999999999591e-01 6.508249999999999869e-01 6.525250000000000217e-01 6.539000000000000368e-01 6.545250000000000234e-01 6.557250000000000023e-01 6.573499999999999899e-01 6.582500000000000018e-01 6.590000000000000302e-01 6.601375000000000437e-01 6.607125000000000359e-01
6.368624999999999980e-01 6.378374999999999462e-01 6.394499999999999629e-01 6.403624999999999456e-01 6.421624999999999694e-01 6.440124999999999877e-01 6.456499999999999462e-01 6.470000000000000195e-01 6.478000000000000425e-01 6.494625000000000536e-01 6.509875000000000522e-01 6.526374999999999815e-01 6.540624999999999911e-01 6.547374999999999723e-01 6.559374999999999512e-01 6.575499999999999678e-01 6.583875000000000144e-01 6.591124999999999901e-01 6.601500000000000146e-01 6.607625000000000304e-01
6.372875000000000068e-01 6.382124999999999604e-01 6.397874999999999535e-01 6.407500000000000417e-01 6.424750000000000183e-01 6.443999999999999728e-01 6.461124999999999785e-01 6.472499999999999920e-01 6.481124999999999803e-01 6.496374999999999789e-01 6.511375000000000357e-01 6.528374999999999595e-01 6.543250000000000455e-01 6.549500000000000322e-01 6.561124999999999874e-01 6.577125000000000332e-01 6.586125000000000451e-01 6.592500000000000027e-01 6.604124999999999579e-01 6.609125000000000139e-01
6.376749999999999918e-01 6.386125000000000274e-01 6.402124999999999622e-01 6.411124999999999741e-01 6.429124999999999979e-01 6.448874999999999469e-01 6.464250000000000274e-01 6.476374999999999771e-01 6.484375000000000000e-01 6.501124999999999821e-01 6.515250000000000208e-01 6.531749999999999501e-01 6.546250000000000124e-01 6.551375000000000393e-01 6.562750000000000528e-01 6.579125000000000112e-01 6.587499999999999467e-01 6.595250000000000279e-01 6.606374999999999886e-01 6.610875000000000501e-01
6.382375000000000131e-01 6.391499999999999959e-01 6.406749999999999945e-01 6.415250000000000119e-01 6.433750000000000302e-01 6.452250000000000485e-01 6.468249999999999833e-01 6.479500000000000259e-01 6.489500000000000268e-01 6.504499999999999726e-01 6.518625000000000114e-01 6.535750000000000171e-01 6.549625000000000030e-01 6.555374999999999952e-01 6.566499999999999559e-01 6.582624999999999726e-01 6.592375000000000318e-01 6.599374999999999547e-01 6.609874999999999501e-01 6.614999999999999769e-01
6.389249999999999652e-01 6.398374999999999480e-01 6.413375000000000048e-01 6.421124999999999750e-01 6.439000000000000279e-01 6.456250000000000044e-01 6.472124999999999684e-01 6.484874999999999945e-01 6.493124999999999591e-01 6.507874999999999632e-01 6.522375000000000256e-01 6.539625000000000021e-01 6.553499999999999881e-01 6.560375000000000512e-01 6.571249999999999591e-01 6.587625000000000286e-01 6.596750000000000114e-01 6.603124999999999689e-01 6.613875000000000171e-01 6.617750000000000021e-01
6.396749999999999936e-01 6.407125000000000181e-01 6.420624999999999805e-01 6.427625000000000144e-01 6.445874999999999799e-01 6.461624999999999730e-01 6.478874999999999496e-01 6.490875000000000394e-01 6.497874999999999623e-01 6.514250000000000318e-01 6.527749999999999941e-01 6.544499999999999762e-01 6.559000000000000385e-01 6.564750000000000307e-01 6.576250000000000151e-01 6.592375000000000318e-01 6.601000000000000201e-01 6.608125000000000249e-01 6.616874999999999840e-01 6.621875000000000400e-01
6.406749999999999945e-01 6.416500000000000536e-01 6.428249999999999797e-01 6.437000000000000499e-01 6.452624999999999611e-01 6.471875000000000266e-01 6.487374999999999670e-01 6.497374999999999678e-01 6.507374999999999687e-01 6.522124999999999728e-01 6.535374999999999934e-01 6.553750000000000409e-01 6.564875000000000016e-01 6.569874999999999465e-01 6.581249999999999600e-01 6.596625000000000405e-01 6.605625000000000524e-01 6.611249999999999627e-01 6.621124999999999927e-01 6.626999999999999558e-01
6.419500000000000206e-01 6.427125000000000199e-01 6.438000000000000389e-01 6.445625000000000382e-01 6.463999999999999746e-01 6.481999999999999984e-01 6.494625000000000536e-01 6.508874999999999522e-01 6.516874999999999751e-01 6.531000000000000139e-01 6.546125000000000416e-01 6.560875000000000457e-01 6.573624999999999607e-01 6.579249999999999821e-01 6.588625000000000176e-01 6.602000000000000091e-01 6.608500000000000485e-01 6.616374999999999895e-01 6.626499999999999613e-01 6.631124999999999936e-01
6.435874999999999790e-01 6.441124999999999767e-01 6.449875000000000469e-01 6.461624999999999730e-01 6.478125000000000133e-01 6.491000000000000103e-01 6.507500000000000506e-01 6.519875000000000531e-01 6.527125000000000288e-01 6.542124999999999746e-01 6.553999999999999826e-01 6.569625000000000048e-01 6.583624999999999616e-01 6.588500000000000467e-01 6.596999999999999531e-01 6.609874999999999501e-01 6.618249999999999966e-01 6.623875000000000179e-01 6.631749999999999590e-01 6.637250000000000094e-01
6.458000000000000407e-01 6.461500000000000021e-01 6.472875000000000156e-01 6.484250000000000291e-01 6.495125000000000481e-01 6.508125000000000160e-01 6.521375000000000366e-01 6.532375000000000265e-01 6.539749999999999730e-01 6.551624999999999810e-01 6.564750000000000307e-01 6.581124999999999892e-01 6.593124999999999680e-01 6.597374999999999767e-01 6.604750000000000343e-01 6.619874999999999510e-01 6.626999999999999558e-01 6.632124999999999826e-01 6.639625000000000110e-01 6.643750000000000488e-01
6.481000000000000094e-01 6.487125000000000252e-01 6.499875000000000513e-01 6.505874999999999853e-01 6.520875000000000421e-01 6.534375000000000044e-01 6.541249999999999565e-01 6.551249999999999574e-01 6.558125000000000204e-01 6.566750000000000087e-01 6.582375000000000309e-01 6.597250000000000059e-01 6.609625000000000083e-01 6.607374999999999776e-01 6.616625000000000423e-01 6.631124999999999936e-01 6.636250000000000204e-01 6.640500000000000291e-01 6.647874999999999757e-01 6.653499999999999970e-01
6.508249999999999869e-01 6.516750000000000043e-01 6.524124999999999508e-01 6.534624999999999462e-01 6.549125000000000085e-01 6.560624999999999929e-01 6.567374999999999741e-01 6.575874999999999915e-01 6.577499999999999458e-01 6.592124999999999790e-01 6.608625000000000194e-01 6.620249999999999746e-01 6.626499999999999613e-01 6.624875000000000069e-01 6.634875000000000078e-01 6.644375000000000142e-01 6.649500000000000410e-01 6.654375000000000151e-01 6.665250000000000341e-01 6.670000000000000373e-01
6.541875000000000329e-01 6.544874999999999998e-01 6.554250000000000353e-01 6.563750000000000417e-01 6.576499999999999568e-01 6.587125000000000341e-01 6.593499999999999917e-01 6.599749999999999783e-01 6.605124999999999469e-01 6.621749999999999581e-01 6.633124999999999716e-01 6.643124999999999725e-01 6.649249999999999883e-01 6.649000000000000465e-01 6.655250000000000332e-01 6.666250000000000231e-01 6.671124999999999972e-01 6.677499999999999547e-01 6.684750000000000414e-01 6.690500000000000336e-01
6.582249999999999490e-01 6.587625000000000286e-01 6.595374999999999988e-01 6.599500000000000366e-01 6.608749999999999902e-01 6.616750000000000131e-01 6.619125000000000147e-01 6.628625000000000211e-01 6.636999999999999567e-01 6.648749999999999938e-01 6.660749999999999726e-01 6.667125000000000412e-01 6.673375000000000279e-01 6.672000000000000153e-01 6.679625000000000146e-01 6.689749999999999863e-01 6.696999999999999620e-01 6.701624999999999943e-01 6.709374999999999645e-01 6.713249999999999496e-01
6.637625000000000330e-01 6.641624999999999890e-01 6.644250000000000433e-01 6.644875000000000087e-01 6.649625000000000119e-01 6.651875000000000426e-01 6.655624999999999458e-01 6.664624999999999577e-01 6.670625000000000027e-01 6.680625000000000036e-01 6.691000000000000281e-01 6.695250000000000368e-01 6.702875000000000361e-01 6.699625000000000163e-01 6.705750000000000322e-01 6.718750000000000000e-01 6.723249999999999504e-01 6.729749999999999899e-01 6.736874999999999947e-01 6.740125000000000144e-01
6.700125000000000108e-01 6.700749999999999762e-01 6.700749999999999762e-01 6.694999999999999840e-01 6.698749999999999982e-01 6.700749999999999762e-01 6.700249999999999817e-01 6.707999999999999519e-01 6.709125000000000227e-01 6.716874999999999929e-01 6.724999999999999867e-01 6.729249999999999954e-01 6.732875000000000387e-01 6.731749999999999678e-01 6.739749999999999908e-01 6.750249999999999861e-01 6.754999999999999893e-01 6.757374999999999909e-01 6.766750000000000265e-01 6.773000000000000131e-01
6.762749999999999595e-01 6.762249999999999650e-01 6.761000000000000343e-01 6.756874999999999964e-01 6.754875000000000185e-01 6.755999999999999783e-01 6.758374999999999799e-01 6.757250000000000201e-01 6.756874999999999964e-01 6.763375000000000359e-01 6.766874999999999973e-01 6.768750000000000044e-01 6.772124999999999950e-01 6.772375000000000478e-01 6.779874999999999652e-01 6.790374999999999606e-01 6.790500000000000425e-01 6.793624999999999803e-01 6.804000000000000048e-01 6.809125000000000316e-01
6.831874999999999476e-01 6.831625000000000059e-01 6.823000000000000176e-01 6.817125000000000545e-01 6.817499999999999671e-01 6.818125000000000435e-01 6.818374999999999853e-01 6.812124999999999986e-01 6.814875000000000238e-01 6.815375000000000183e-01 6.817250000000000254e-01 6.819250000000000034e-01 6.819499999999999451e-01 6.819250000000000034e-01 6.824999999999999956e-01 6.829499999999999460e-01 6.833000000000000185e-01 6.835999999999999854e-01 6.846375000000000099e-01 6.847999999999999643e-01
6.913124999999999964e-01 6.901249999999999885e-01 6.891625000000000112e-01 6.890874999999999639e-01 6.887124999999999497e-01 6.885250000000000536e-01 6.876999999999999780e-01 6.876999999999999780e-01 6.872749999999999693e-01 6.872374999999999456e-01 6.875750000000000473e-01 6.874749999999999472e-01 6.874249999999999527e-01 6.871500000000000385e-01 6.873124999999999929e-01 6.878499999999999615e-01 6.878625000000000433e-01 6.880125000000000268e-01 6.886750000000000371e-01 6.893000000000000238e-01
6.994124999999999925e-01 6.978250000000000286e-01 6.972249999999999837e-01 6.970625000000000293e-01 6.962249999999999828e-01 6.955875000000000252e-01 6.948374999999999968e-01 6.943124999999999991e-01 6.936375000000000179e-01 6.934875000000000345e-01 6.937750000000000306e-01 6.936750000000000416e-01 6.937250000000000361e-01 6.931625000000000147e-01 6.930625000000000258e-01 6.935624999999999707e-01 6.935124999999999762e-01 6.929625000000000368e-01 6.942374999999999519e-01 6.940125000000000322e-01
7.080125000000000446e-01 7.066750000000000531e-01 7.055000000000000160e-01 7.049625000000000474e-01 7.039625000000000465e-01 7.031625000000000236e-01 7.024000000000000243e-01 7.016000000000000014e-01 7.009374999999999911e-01 7.005875000000000297e-01 7.008124999999999494e-01 7.003624999999999989e-01 7.003500000000000281e-01 6.994875000000000398e-01 6.992749999999999799e-01 6.998499999999999721e-01 6.993875000000000508e-01 6.996750000000000469e-01 6.998499999999999721e-01 6.994875000000000398e-01
7.167750000000000510e-01 7.158750000000000391e-01 7.145249999999999657e-01 7.139499999999999735e-01 7.124624999999999986e-01 7.114624999999999977e-01 7.104875000000000496e-01 7.096375000000000322e-01 7.090499999999999581e-01 7.084624999999999950e-01 7.084749999999999659e-01 7.078750000000000320e-01 7.073000000000000398e-01 7.069250000000000256e-01 7.064500000000000224e-01 7.063749999999999751e-01 7.063125000000000098e-01 7.057750000000000412e-01 7.057875000000000121e-01 7.058124999999999538e-01
7.262625000000000330e-01 7.251750000000000140e-01 7.235875000000000501e-01 7.229375000000000107e-01 7.216249999999999609e-01 7.201499999999999568e-01 7.190999999999999615e-01 7.179875000000000007e-01 7.173249999999999904e-01 7.170874999999999888e-01 7.169499999999999762e-01 7.162250000000000005e-01 7.156749999999999501e-01 7.149874999999999980e-01 7.142625000000000224e-01 7.137375000000000247e-01 7.134749999999999703e-01 7.128124999999999600e-01 7.126000000000000112e-01 7.126375000000000348e-01
7.358875000000000277e-01 7.344000000000000528e-01 7.322999999999999510e-01 7.321499999999999675e-01 7.304125000000000201e-01 7.290999999999999703e-01 7.279124999999999623e-01 7.270624999999999449e-01 7.264249999999999874e-01 7.256624999999999881e-01 7.255374999999999464e-01 7.240874999999999950e-01 7.240874999999999950e-01 7.233000000000000540e-01 7.220124999999999460e-01 7.219999999999999751e-01 7.213000000000000522e-01 7.200499999999999678e-01 7.206249999999999600e-01 7.200625000000000497e-01
7.448000000000000176e-01 7.431750000000000300e-01 7.416625000000000023e-01 7.412499999999999645e-01 7.394749999999999934e-01 7.384749999999999925e-01 7.370875000000000066e-01 7.360750000000000348e-01 7.354625000000000190e-01 7.342999999999999527e-01 7.349250000000000504e-01 7.335500000000000353e-01 7.329124999999999668e-01 7.319250000000000478e-01 7.307749999999999524e-01 7.304625000000000146e-01 7.293625000000000247e-01 7.285374999999999490e-01 7.283625000000000238e-01 7.285749999999999726e-01
7.539875000000000327e-01 7.525874999999999648e-01 7.511624999999999552e-01 7.502250000000000307e-01 7.487000000000000322e-01 7.473499999999999588e-01 7.461250000000000382e-01 7.456000000000000405e-01 7.448500000000000121e-01 7.443625000000000380e-01 7.443874999999999797e-01 7.430750000000000410e-01 7.424125000000000307e-01 7.412874999999999881e-01 7.399000000000000021e-01 7.391375000000000028e-01 7.381499999999999728e-01 7.372125000000000483e-01 7.370875000000000066e-01 7.370499999999999829e-01
7.635250000000000092e-01 7.619749999999999579e-01 7.601499999999999924e-01 7.593874999999999931e-01 7.578624999999999945e-01 7.566249999999999920e-01 7.557749999999999746e-01 7.550000000000000044e-01 7.542750000000000288e-01 7.534625000000000350e-01 7.536125000000000185e-01 7.525874999999999648e-01 7.513750000000000151e-01 7.507249999999999757e-01 7.489249999999999519e-01 7.484625000000000306e-01 7.478000000000000203e-01 7.460375000000000201e-01 7.468624999999999847e-01 7.464625000000000288e-01
7.728000000000000425e-01 7.715374999999999872e-01 7.698749999999999760e-01 7.688374999999999515e-01 7.673375000000000057e-01 7.657000000000000473e-01 7.651750000000000496e-01 7.643250000000000322e-01 7.639624999999999888e-01 7.636625000000000218e-01 7.633124999999999494e-01 7.621250000000000524e-01 7.613874999999999948e-01 7.599749999999999561e-01 7.581375000000000197e-01 7.577374999999999527e-01 7.570999999999999952e-01 7.562999999999999723e-01 7.563625000000000487e-01 7.553874999999999895e-01
7.824750000000000316e-01 7.808625000000000149e-01 7.791000000000000147e-01 7.780875000000000430e-01 7.764874999999999972e-01 7.755625000000000435e-01 7.749749999999999694e-01 7.740500000000000158e-01 7.737374999999999670e-01 7.733750000000000346e-01 7.727125000000000243e-01 7.718000000000000416e-01 7.706125000000000336e-01 7.691500000000000004e-01 7.676250000000000018e-01 7.674250000000000238e-01 7.664999999999999591e-01 7.658000000000000362e-01 7.657749999999999835e-01 7.648625000000000007e-01
7.918500000000000538e-01 7.902124999999999844e-01 7.881375000000000464e-01 7.874375000000000124e-01 7.859749999999999792e-01 7.851375000000000437e-01 7.842375000000000318e-01 7.833875000000000144e-01 7.833999999999999853e-01 7.828125000000000222e-01 7.825125000000000552e-01 7.813750000000000417e-01 7.799249999999999794e-01 7.786874999999999769e-01 7.774124999999999508e-01 7.767874999999999641e-01 7.765750000000000153e-01 7.754750000000000254e-01 7.751500000000000057e-01 7.743624999999999536e-01
8.013375000000000359e-01 7.996375000000000011e-01 7.974499999999999922e-01 7.966625000000000512e-01 7.959874999999999590e-01 7.949500000000000455e-01 7.942875000000000352e-01 7.931749999999999634e-01 7.930625000000000036e-01 7.924375000000000169e-01 7.925499999999999767e-01 7.909749999999999837e-01 7.893000000000000016e-01 7.880374999999999464e-01 7.868625000000000203e-01 7.867750000000000021e-01 7.863375000000000226e-01 7.846750000000000114e-01 7.842624999999999735e-01 7.836125000000000451e-01
8.107124999999999471e-01 8.084999999999999964e-01 8.067374999999999963e-01 8.064249999999999474e-01 8.056124999999999536e-01 8.043875000000000330e-01 8.036874999999999991e-01 8.028625000000000345e-01 8.026250000000000329e-01 8.019249999999999989e-01 8.019874999999999643e-01 8.002749999999999586e-01 7.990749999999999797e-01 7.977125000000000465e-01 7.964250000000000496e-01 7.965875000000000039e-01 7.958625000000000282e-01 7.942500000000000115e-01 7.939249999999999918e-01 7.933499999999999996e-01
8.197624999999999496e-01 8.179250000000000131e-01 8.161125000000000185e-01 8.159125000000000405e-01 8.152875000000000538e-01 8.140249999999999986e-01 8.133875000000000410e-01 8.126750000000000362e-01 8.121249999999999858e-01 8.120500000000000496e-01 8.112624999999999975e-01 8.098125000000000462e-01 8.084500000000000020e-01 8.076999999999999735e-01 8.064624999999999710e-01 8.063500000000000112e-01 8.051749999999999741e-01 8.036250000000000338e-01 8.032375000000000487e-01 8.033249999999999558e-01
8.286249999999999449e-01 8.266875000000000195e-01 8.256624999999999659e-01 8.254749999999999588e-01 8.246624999999999650e-01 8.234000000000000208e-01 8.228999999999999648e-01 8.221249999999999947e-01 8.216499999999999915e-01 8.213749999999999662e-01 8.208124999999999449e-01 8.195624999999999716e-01 8.181500000000000439e-01 8.173749999999999627e-01 8.160500000000000531e-01 8.155875000000000208e-01 8.147124999999999506e-01 8.131500000000000394e-01 8.131000000000000449e-01 8.128874999999999851e-01
8.378375000000000128e-01 8.360499999999999599e-01 8.348250000000000393e-01 8.347999999999999865e-01 8.343374999999999542e-01 8.330750000000000099e-01 8.325875000000000359e-01 8.315624999999999822e-01 8.313249999999999806e-01 8.304249999999999687e-01 8.301250000000000018e-01 8.290250000000000119e-01 8.279125000000000512e-01 8.272125000000000172e-01 8.256750000000000478e-01 8.249750000000000139e-01 8.242874999999999508e-01 8.224124999999999908e-01 8.228625000000000522e-01 8.223249999999999726e-01
8.461250000000000160e-01 8.454874999999999474e-01 8.440499999999999670e-01 8.444500000000000339e-01 8.434749999999999748e-01 8.423625000000000140e-01 8.418124999999999636e-01 8.407499999999999973e-01 8.405249999999999666e-01 8.397999999999999909e-01 8.396624999999999783e-01 8.383249999999999869e-01 8.374000000000000332e-01 8.365375000000000449e-01 8.350750000000000117e-01 8.345249999999999613e-01 8.335000000000000187e-01 8.322000000000000508e-01 8.324624999999999941e-01 8.322625000000000162e-01
8.552874999999999783e-01 8.543749999999999956e-01 8.531999999999999584e-01 8.537875000000000325e-01 8.529250000000000442e-01 8.520124999999999504e-01 8.510625000000000551e-01 8.499624999999999542e-01 8.497124999999999817e-01 8.490250000000000297e-01 8.490874999999999950e-01 8.478375000000000217e-01 8.470625000000000515e-01 8.457999999999999963e-01 8.442499999999999449e-01 8.437124999999999764e-01 8.425500000000000211e-01 8.417624999999999691e-01 8.419375000000000053e-01 8.416500000000000092e-01
8.643999999999999462e-01 8.632499999999999618e-01 8.623625000000000318e-01 8.626374999999999460e-01 8.617375000000000451e-01 8.608124999999999805e-01 8.600499999999999812e-01 8.590875000000000039e-01 8.587124999999999897e-01 8.581874999999999920e-01 8.579750000000000432e-01 8.572125000000000439e-01 8.562250000000000139e-01 8.550875000000000004e-01 8.536500000000000199e-01 8.530999999999999694e-01 8.522250000000000103e-01 8.507500000000000062e-01 8.515000000000000346e-01 8.507375000000000353e-01
8.727249999999999730e-01 8.717125000000000012e-01 8.710624999999999618e-01 8.718124999999999902e-01 8.709999999999999964e-01 8.696625000000000050e-01 8.692374999999999963e-01 8.680124999999999647e-01 8.674749999999999961e-01 8.670750000000000401e-01 8.670624999999999583e-01 8.663374999999999826e-01 8.653499999999999526e-01 8.638249999999999540e-01 8.622874999999999845e-01 8.619499999999999940e-01 8.614374999999999671e-01 8.603374999999999773e-01 8.606624999999999970e-01 8.599250000000000504e-01
8.811999999999999833e-01 8.805250000000000021e-01 8.793125000000000524e-01 8.802499999999999769e-01 8.798000000000000265e-01 8.783999999999999586e-01 8.777125000000000066e-01 8.769375000000000364e-01 8.762375000000000025e-01 8.758249999999999647e-01 8.758000000000000229e-01 8.752375000000000016e-01 8.741999999999999771e-01 8.730875000000000163e-01 8.712499999999999689e-01 8.708875000000000366e-01 8.705749999999999877e-01 8.693499999999999561e-01 8.695874999999999577e-01 8.692374999999999963e-01
8.892499999999999849e-01 8.891750000000000487e-01 8.880749999999999478e-01 8.885250000000000092e-01 8.878000000000000336e-01 8.868249999999999744e-01 8.861875000000000169e-01 8.851375000000000215e-01 8.848875000000000490e-01 8.841375000000000206e-01 8.843874999999999931e-01 8.837500000000000355e-01 8.824499999999999567e-01 8.812875000000000014e-01 8.797874999999999446e-01 8.795500000000000540e-01 8.794125000000000414e-01 8.782624999999999460e-01 8.782499999999999751e-01 8.780124999999999735e-01
8.972624999999999629e-01 8.971624999999999739e-01 8.962375000000000203e-01 8.972999999999999865e-01 8.962250000000000494e-01 8.950500000000000123e-01 8.944625000000000492e-01 8.929875000000000451e-01 8.929875000000000451e-01 8.928125000000000089e-01 8.931124999999999758e-01 8.921499999999999986e-01 8.906625000000000236e-01 8.896374999999999700e-01 8.882624999999999549e-01 8.881624999999999659e-01 8.878749999999999698e-01 8.867125000000000146e-01 8.870500000000000052e-01 8.867374999999999563e-01
9.049749999999999739e-01 9.048625000000000140e-01 9.042375000000000274e-01 9.048249999999999904e-01 9.033750000000000391e-01 9.026874999999999760e-01 9.021749999999999492e-01 9.013624999999999554e-01 9.008625000000000105e-01 9.005625000000000435e-01 9.010749999999999593e-01 9.000875000000000403e-01 8.986874999999999725e-01 8.978249999999999842e-01 8.961875000000000258e-01 8.963375000000000092e-01 8.961875000000000258e-01 8.948625000000000052e-01 8.952499999999999902e-01 8.951375000000000304e-01
9.128374999999999684e-01 9.123999999999999888e-01 9.117374999999999785e-01 9.124624999999999542e-01 9.109749999999999792e-01 9.106625000000000414e-01 9.097625000000000295e-01 9.088374999999999648e-01 9.088500000000000467e-01 9.087874999999999703e-01 9.088625000000000176e-01 9.079374999999999529e-01 9.064250000000000362e-01 9.057500000000000551e-01 9.041749999999999510e-01 9.045999999999999597e-01 9.042624999999999691e-01 9.026874999999999760e-01 9.033250000000000446e-01 9.032499999999999973e-01
9.196625000000000494e-01 9.198625000000000274e-01 9.190374999999999517e-01 9.195250000000000368e-01 9.184375000000000178e-01 9.175124999999999531e-01 9.167250000000000121e-01 9.161875000000000435e-01 9.165124999999999522e-01 9.162000000000000144e-01 9.161375000000000490e-01 9.152375000000000371e-01 9.136125000000000496e-01 9.128374999999999684e-01 9.117499999999999494e-01 9.120875000000000510e-01 9.120249999999999746e-01 9.108500000000000485e-01 9.114375000000000115e-01 9.112500000000000044e-01
9.264750000000000485e-01 9.266999999999999682e-01 9.259249999999999980e-01 9.257874999999999854e-01 9.254875000000000185e-01 9.244375000000000231e-01 9.238374999999999782e-01 9.230749999999999789e-01 9.235499999999999821e-01 9.233375000000000332e-01 9.234499999999999931e-01 9.222249999999999615e-01 9.212749999999999551e-01 9.200500000000000345e-01 9.193500000000000005e-01 9.196374999999999966e-01 9.189749999999999863e-01 9.182249999999999579e-01 9.186999999999999611e-01 9.188374999999999737e-01
9.329125000000000334e-01 9.332875000000000476e-01 9.324249999999999483e-01 9.323000000000000176e-01 9.320125000000000215e-01 9.307625000000000481e-01 9.302124999999999977e-01 9.298250000000000126e-01 9.299250000000000016e-01 9.298999999999999488e-01 9.302624999999999922e-01 9.289374999999999716e-01 9.279500000000000526e-01 9.270749999999999824e-01 9.267250000000000210e-01 9.270874999999999533e-01 9.260125000000000162e-01 9.255499999999999838e-01 9.256625000000000547e-01 9.259625000000000217e-01
9.390374999999999694e-01 9.393124999999999947e-01 9.384749999999999481e-01 9.385375000000000245e-01 9.382749999999999702e-01 9.364999999999999991e-01 9.365250000000000519e-01 9.363624999999999865e-01 9.362875000000000503e-01 9.363624999999999865e-01 9.366250000000000409e-01 9.354249999999999510e-01 9.341374999999999540e-01 9.336375000000000091e-01 9.333000000000000185e-01 9.333375000000000421e-01 9.328250000000000153e-01 9.318874999999999797e-01 9.327374999999999972e-01 9.329874999999999696e-01
9.451625000000000165e-01 9.449250000000000149e-01 9.439874999999999794e-01 9.445249999999999480e-01 9.436999999999999833e-01 9.422249999999999792e-01 9.425000000000000044e-01 9.424124999999999863e-01 9.424875000000000336e-01 9.425624999999999698e-01 9.423500000000000210e-01 9.410125000000000295e-01 9.401000000000000467e-01 9.400374999999999703e-01 9.395875000000000199e-01 9.392000000000000348e-01 9.393500000000000183e-01 9.381874999999999520e-01 9.391374999999999584e-01 9.395124999999999726e-01
9.503249999999999753e-01 9.505624999999999769e-01 9.491000000000000547e-01 9.501249999999999973e-01 9.492374999999999563e-01 9.479125000000000467e-01 9.483749999999999680e-01 9.475999999999999979e-01 9.476875000000000160e-01 9.480499999999999483e-01 9.479625000000000412e-01 9.469374999999999876e-01 9.455750000000000544e-01 9.457375000000000087e-01 9.456499999999999906e-01 9.449999999999999512e-01 9.451749999999999874e-01 9.440250000000000030e-01 9.452500000000000346e-01 9.450625000000000275e-01
9.552874999999999561e-01 9.554749999999999632e-01 9.538250000000000339e-01 9.549874999999999892e-01 9.541874999999999662e-01 9.530125000000000401e-01 9.536249999999999449e-01 9.528124999999999512e-01 9.529874999999999874e-01 9.534124999999999961e-01 9.532374999999999599e-01 9.523500000000000298e-01 9.511125000000000274e-01 9.513749999999999707e-01 9.508625000000000549e-01 9.504749999999999588e-01 9.506999999999999895e-01 9.496499999999999941e-01 9.506250000000000533e-01 9.510625000000000329e-01
9.597250000000000503e-01 9.600625000000000409e-01 9.586124999999999785e-01 9.595375000000000432e-01 9.588124999999999565e-01 9.579750000000000210e-01 9.583000000000000407e-01 9.577999999999999847e-01 9.581625000000000281e-01 9.581874999999999698e-01 9.579750000000000210e-01 9.571625000000000272e-01 9.560374999999999845e-01 9.560750000000000082e-01 9.559374999999999956e-01 9.555375000000000396e-01 9.555749999999999522e-01 9.550625000000000364e-01 9.557875000000000121e-01 9.560999999999999499e-01
9.641499999999999515e-01 9.640625000000000444e-01 9.630999999999999561e-01 9.638999999999999790e-01 9.630250000000000199e-01 9.623500000000000387e-01 9.629124999999999490e-01 9.621874999999999734e-01 9.626749999999999474e-01 9.625624999999999876e-01 9.625000000000000222e-01 9.615124999999999922e-01 9.606624999999999748e-01 9.610750000000000126e-01 9.601125000000000353e-01 9.606000000000000094e-01 9.603125000000000133e-01 9.598999999999999755e-01 9.606124999999999803e-01 9.605000000000000204e-01
9.681499999999999551e-01 9.678999999999999826e-01 9.672625000000000250e-01 9.679250000000000353e-01 9.669250000000000345e-01 9.666249999999999565e-01 9.670374999999999943e-01 9.663500000000000423e-01 9.668999999999999817e-01 9.666000000000000147e-01 9.664875000000000549e-01 9.653500000000000414e-01 9.649874999999999980e-01 9.654000000000000359e-01 9.643125000000000169e-01 9.649375000000000036e-01 9.649624999999999453e-01 9.643625000000000114e-01 9.650999999999999579e-01 9.648750000000000382e-01
9.718875000000000153e-01 9.715000000000000302e-01 9.708124999999999671e-01 9.713625000000000176e-01 9.704249999999999821e-01 9.703874999999999584e-01 9.706000000000000183e-01 9.701125000000000442e-01 9.705375000000000529e-01 9.702625000000000277e-01 9.700999999999999623e-01 9.689999999999999725e-01 9.689875000000000016e-01 9.693500000000000449e-01 9.681999999999999496e-01 9.688750000000000417e-01 9.690625000000000488e-01 9.681999999999999496e-01 9.692874999999999686e-01 9.687999999999999945e-01
9.749624999999999542e-01 9.745500000000000274e-01 9.739875000000000060e-01 9.748250000000000526e-01 9.739124999999999588e-01 9.738750000000000462e-01 9.737624999999999753e-01 9.735125000000000028e-01 9.742750000000000021e-01 9.735374999999999446e-01 9.736624999999999863e-01 9.726375000000000437e-01 9.726249999999999618e-01 9.730499999999999705e-01 9.715249999999999719e-01 9.720750000000000224e-01 9.729875000000000052e-01 9.716624999999999845e-01 9.730250000000000288e-01 9.723249999999999948e-01
9.779250000000000442e-01 9.774625000000000119e-01 9.767749999999999488e-01 9.777375000000000371e-01 9.769250000000000433e-01 9.766624999999999890e-01 9.767375000000000362e-01 9.765125000000000055e-01 9.772499999999999520e-01 9.768999999999999906e-01 9.770999999999999686e-01 9.756124999999999936e-01 9.757749999999999480e-01 9.763625000000000220e-01 9.750750000000000250e-01 9.754374999999999574e-01 9.758875000000000188e-01 9.749124999999999597e-01 9.759999999999999787e-01 9.754000000000000448e-01
9.806500000000000217e-01 9.800624999999999476e-01 9.794500000000000428e-01 9.802250000000000130e-01 9.798249999999999460e-01 9.794000000000000483e-01 9.796000000000000263e-01 9.794249999999999901e-01 9.800124999999999531e-01 9.795749999999999735e-01 9.801125000000000531e-01 9.784249999999999892e-01 9.787875000000000325e-01 9.792750000000000066e-01 9.777875000000000316e-01 9.784125000000000183e-01 9.787000000000000144e-01 9.782374999999999821e-01 9.786249999999999671e-01 9.782999999999999474e-01
9.829124999999999668e-01 9.826375000000000526e-01 9.820124999999999549e-01 9.826749999999999652e-01 9.821874999999999911e-01 9.818000000000000060e-01 9.821125000000000549e-01 9.820999999999999730e-01 9.825125000000000108e-01 9.819999999999999840e-01 9.825749999999999762e-01 9.811750000000000194e-01 9.811374999999999957e-01 9.818124999999999769e-01 9.805500000000000327e-01 9.809250000000000469e-01 9.812874999999999792e-01 9.807875000000000343e-01 9.812874999999999792e-01 9.809999999999999831e-01
9.849875000000000158e-01 9.847500000000000142e-01 9.844374999999999654e-01 9.849999999999999867e-01 9.844249999999999945e-01 9.842125000000000457e-01 9.843250000000000055e-01 9.845249999999999835e-01 9.846875000000000488e-01 9.842374999999999874e-01 9.846125000000000016e-01 9.831750000000000211e-01 9.833125000000000338e-01 9.839375000000000204e-01 9.829875000000000140e-01 9.833499999999999464e-01 9.837249999999999606e-01 9.831499999999999684e-01 9.838999999999999968e-01 9.832999999999999519e-01
9.870624999999999538e-01 9.865874999999999506e-01 9.862999999999999545e-01 9.869250000000000522e-01 9.864874999999999616e-01 9.862874999999999837e-01 9.861750000000000238e-01 9.861999999999999655e-01 9.865625000000000089e-01 9.861499999999999710e-01 9.866875000000000506e-01 9.852499999999999591e-01 9.854125000000000245e-01 9.859624999999999639e-01 9.851750000000000229e-01 9.855625000000000080e-01 9.857249999999999623e-01 9.849124999999999686e-01 9.859875000000000167e-01 9.851374999999999993e-01
9.887875000000000414e-01 9.882874999999999854e-01 9.881750000000000256e-01 9.884874999999999634e-01 9.881999999999999673e-01 9.880499999999999838e-01 9.877875000000000405e-01 9.878624999999999767e-01 9.882125000000000492e-01 9.879875000000000185e-01 9.884125000000000272e-01 9.872250000000000192e-01 9.871499999999999719e-01 9.881250000000000311e-01 9.870624999999999538e-01 9.873499999999999499e-01 9.877000000000000224e-01 9.867375000000000451e-01 9.877249999999999641e-01 9.870124999999999593e-01
9.903374999999999817e-01 9.899000000000000021e-01 9.898000000000000131e-01 9.899624999999999675e-01 9.896000000000000352e-01 9.895749999999999824e-01 9.894749999999999934e-01 9.894874999999999643e-01 9.897749999999999604e-01 9.894625000000000226e-01 9.902499999999999636e-01 9.888749999999999485e-01 9.890750000000000375e-01 9.899250000000000549e-01 9.887249999999999650e-01 9.890875000000000083e-01 9.892874999999999863e-01 9.886000000000000343e-01 9.894249999999999989e-01 9.886749999999999705e-01
9.915125000000000188e-01 9.913250000000000117e-01 9.911375000000000046e-01 9.913750000000000062e-01 9.910750000000000393e-01 9.910124999999999629e-01 9.912125000000000519e-01 9.907624999999999904e-01 9.912999999999999590e-01 9.907375000000000487e-01 9.913250000000000117e-01 9.903374999999999817e-01 9.906374999999999487e-01 9.911624999999999464e-01 9.901124999999999510e-01 9.905374999999999597e-01 9.907249999999999668e-01 9.900999999999999801e-01 9.909624999999999684e-01 9.902250000000000218e-01
9.924874999999999670e-01 9.925625000000000142e-01 9.922499999999999654e-01 9.924374999999999725e-01 9.923999999999999488e-01 9.920250000000000457e-01 9.923250000000000126e-01 9.923374999999999835e-01 9.922999999999999599e-01 9.921124999999999527e-01 9.923750000000000071e-01 9.916500000000000314e-01 9.919624999999999693e-01 9.922750000000000181e-01 9.914374999999999716e-01 9.918624999999999803e-01 9.919124999999999748e-01 9.915625000000000133e-01 9.922250000000000236e-01 9.914374999999999716e-01
9.935000000000000497e-01 9.936749999999999750e-01 9.933874999999999789e-01 9.935874999999999568e-01 9.934125000000000316e-01 9.930624999999999591e-01 9.932999999999999607e-01 9.933250000000000135e-01 9.935249999999999915e-01 9.931750000000000300e-01 9.935000000000000497e-01 9.927249999999999686e-01 9.931250000000000355e-01 9.933499999999999552e-01 9.926000000000000378e-01 9.929249999999999465e-01 9.930124999999999647e-01 9.926374999999999504e-01 9.932374999999999954e-01 9.925874999999999559e-01
9.943499999999999561e-01 9.945125000000000215e-01 9.943125000000000435e-01 9.944250000000000034e-01 9.944374999999999742e-01 9.941499999999999782e-01 9.941875000000000018e-01 9.943374999999999853e-01 9.943874999999999797e-01 9.941875000000000018e-01 9.942874999999999908e-01 9.938749999999999529e-01 9.939500000000000002e-01 9.940999999999999837e-01 9.937249999999999694e-01 9.939249999999999474e-01 9.941375000000000073e-01 9.937124999999999986e-01 9.940499999999999892e-01 9.937500000000000222e-01
9.950375000000000192e-01 9.953750000000000098e-01 9.951124999999999554e-01 9.952250000000000263e-01 9.952750000000000208e-01 9.949500000000000011e-01 9.950124999999999664e-01 9.952874999999999917e-01 9.953125000000000444e-01 9.950124999999999664e-01 9.953499999999999570e-01 9.948000000000000176e-01 9.946249999999999813e-01 9.950124999999999664e-01 9.944874999999999687e-01 9.948375000000000412e-01 9.949249999999999483e-01 9.946625000000000050e-01 9.949500000000000011e-01 9.947249999999999703e-01
9.958000000000000185e-01 9.960875000000000146e-01 9.958375000000000421e-01 9.958875000000000366e-01 9.959875000000000256e-01 9.956249999999999822e-01 9.958875000000000366e-01 9.959500000000000020e-01 9.959000000000000075e-01 9.958249999999999602e-01 9.960499999999999909e-01 9.955749999999999877e-01 9.954374999999999751e-01 9.958249999999999602e-01 9.952250000000000263e-01 9.954874999999999696e-01 9.955125000000000224e-01 9.952625000000000499e-01 9.957249999999999712e-01 9.953750000000000098e-01
9.964499999999999469e-01 9.966249999999999831e-01 9.964374999999999760e-01 9.966125000000000123e-01 9.966749999999999776e-01 9.963499999999999579e-01 9.965874999999999595e-01 9.965500000000000469e-01 9.964499999999999469e-01 9.964125000000000343e-01 9.968375000000000430e-01 9.961875000000000036e-01 9.959124999999999783e-01 9.964374999999999760e-01 9.958500000000000130e-01 9.961999999999999744e-01 9.962124999999999453e-01 9.960499999999999909e-01 9.965125000000000233e-01 9.960750000000000437e-01
9.972124999999999462e-01 9.971750000000000336e-01 9.969500000000000028e-01 9.970999999999999863e-01 9.972625000000000517e-01 9.969999999999999973e-01 9.970999999999999863e-01 9.970499999999999918e-01 9.970250000000000501e-01 9.968375000000000430e-01 9.973250000000000171e-01 9.967500000000000249e-01 9.965374999999999650e-01 9.969500000000000028e-01 9.965500000000000469e-01 9.966125000000000123e-01 9.968375000000000430e-01 9.967624999999999957e-01 9.969124999999999792e-01 9.966125000000000123e-01
9.976374999999999549e-01 9.977125000000000021e-01 9.976249999999999840e-01 9.976374999999999549e-01 9.975874999999999604e-01 9.974374999999999769e-01 9.975874999999999604e-01 9.976000000000000423e-01 9.974750000000000005e-01 9.974125000000000352e-01 9.978249999999999620e-01 9.973999999999999533e-01 9.970499999999999918e-01 9.975374999999999659e-01 9.971750000000000336e-01 9.970499999999999918e-01 9.973750000000000115e-01 9.971499999999999808e-01 9.972999999999999643e-01 9.971124999999999572e-01
9.979500000000000037e-01 9.980375000000000218e-01 9.980124999999999691e-01 9.979999999999999982e-01 9.979124999999999801e-01 9.978375000000000439e-01 9.980124999999999691e-01 9.980124999999999691e-01 9.978249999999999620e-01 9.978624999999999856e-01 9.981875000000000053e-01 9.977875000000000494e-01 9.975125000000000242e-01 9.979749999999999455e-01 9.976374999999999549e-01 9.974874999999999714e-01 9.978375000000000439e-01 9.975625000000000187e-01 9.977624999999999966e-01 9.975249999999999950e-01
9.983125000000000471e-01 9.983499999999999597e-01 9.982750000000000234e-01 9.984250000000000069e-01 9.982625000000000526e-01 9.981875000000000053e-01 9.984874999999999723e-01 9.982750000000000234e-01 9.982750000000000234e-01 9.982124999999999471e-01 9.984499999999999487e-01 9.981124999999999581e-01 9.979624999999999746e-01 9.982999999999999652e-01 9.979624999999999746e-01 9.979124999999999801e-01 9.982999999999999652e-01 9.979000000000000092e-01 9.980875000000000163e-01 9.978624999999999856e-01
9.985500000000000487e-01 9.986374999999999558e-01 9.985625000000000195e-01 9.987374999999999448e-01 9.985374999999999668e-01 9.985125000000000250e-01 9.986125000000000140e-01 9.985500000000000487e-01 9.985374999999999668e-01 9.984499999999999487e-01 9.986874999999999503e-01 9.984125000000000361e-01 9.983125000000000471e-01 9.984874999999999723e-01 9.983874999999999833e-01 9.982124999999999471e-01 9.985625000000000195e-01 9.982499999999999707e-01 9.983750000000000124e-01 9.981124999999999581e-01
9.988500000000000156e-01 9.989249999999999519e-01 9.988375000000000448e-01 9.989124999999999810e-01 9.988500000000000156e-01 9.987875000000000503e-01 9.988000000000000211e-01 9.988000000000000211e-01 9.987875000000000503e-01 9.986749999999999794e-01 9.989375000000000338e-01 9.987125000000000030e-01 9.985874999999999613e-01 9.987374999999999448e-01 9.987125000000000030e-01 9.984625000000000306e-01 9.987125000000000030e-01 9.985000000000000542e-01 9.985374999999999668e-01 9.984499999999999487e-01
9.990499999999999936e-01 9.992874999999999952e-01 9.990250000000000519e-01 9.991375000000000117e-01 9.989999999999999991e-01 9.989000000000000101e-01 9.990624999999999645e-01 9.990624999999999645e-01 9.989124999999999810e-01 9.988749999999999574e-01 9.991375000000000117e-01 9.990375000000000227e-01 9.989124999999999810e-01 9.990624999999999645e-01 9.989124999999999810e-01 9.987374999999999448e-01 9.988124999999999920e-01 9.988000000000000211e-01 9.987749999999999684e-01 9.987249999999999739e-01
9.993499999999999606e-01 9.994125000000000369e-01 9.992124999999999480e-01 9.993250000000000188e-01 9.991999999999999771e-01 9.991250000000000409e-01 9.992250000000000298e-01 9.992625000000000535e-01 9.991124999999999590e-01 9.990624999999999645e-01 9.993499999999999606e-01 9.992375000000000007e-01 9.991124999999999590e-01 9.992375000000000007e-01 9.990875000000000172e-01 9.989999999999999991e-01 9.990750000000000464e-01 9.990124999999999700e-01 9.989875000000000282e-01 9.989624999999999755e-01
9.994625000000000314e-01 9.995374999999999677e-01 9.993374999999999897e-01 9.994750000000000023e-01 9.994499999999999496e-01 9.992124999999999480e-01 9.993499999999999606e-01 9.993874999999999842e-01 9.992625000000000535e-01 9.991750000000000353e-01 9.994625000000000314e-01 9.993125000000000480e-01 9.992375000000000007e-01 9.994374999999999787e-01 9.992874999999999952e-01 9.992375000000000007e-01 9.992375000000000007e-01 9.991875000000000062e-01 9.993374999999999897e-01 9.992250000000000298e-01
9.996000000000000441e-01 9.996374999999999567e-01 9.994499999999999496e-01 9.996249999999999858e-01 9.995374999999999677e-01 9.993999999999999551e-01 9.995125000000000259e-01 9.995249999999999968e-01 9.994374999999999787e-01 9.992874999999999952e-01 9.996000000000000441e-01 9.994125000000000369e-01 9.993625000000000425e-01 9.994874999999999732e-01 9.993999999999999551e-01 9.993625000000000425e-01 9.993999999999999551e-01 9.993499999999999606e-01 9.994250000000000078e-01 9.994374999999999787e-01
9.997249999999999748e-01 9.997125000000000039e-01 9.995374999999999677e-01 9.997125000000000039e-01 9.996374999999999567e-01 9.995749999999999913e-01 9.996625000000000094e-01 9.996749999999999803e-01 9.995374999999999677e-01 9.993750000000000133e-01 9.997000000000000330e-01 9.995249999999999968e-01 9.995500000000000496e-01 9.995749999999999913e-01 9.995249999999999968e-01 9.995500000000000496e-01 9.995125000000000259e-01 9.995249999999999968e-01 9.995874999999999622e-01 9.995500000000000496e-01
9.997374999999999456e-01 9.997624999999999984e-01 9.995749999999999913e-01 9.997500000000000275e-01 9.996749999999999803e-01 9.996500000000000385e-01 9.997000000000000330e-01 9.997500000000000275e-01 9.996125000000000149e-01 9.994499999999999496e-01 9.997624999999999984e-01 9.996000000000000441e-01 9.995749999999999913e-01 9.996374999999999567e-01 9.996125000000000149e-01 9.995874999999999622e-01 9.995749999999999913e-01 9.996249999999999858e-01 9.996374999999999567e-01 9.996249999999999858e-01
9.998375000000000457e-01 9.998000000000000220e-01 9.997000000000000330e-01 9.998375000000000457e-01 9.997875000000000512e-01 9.997749999999999693e-01 9.997500000000000275e-01 9.998500000000000165e-01 9.997125000000000039e-01 9.996749999999999803e-01 9.998749999999999583e-01 9.997500000000000275e-01 9.996500000000000385e-01 9.997624999999999984e-01 9.997624999999999984e-01 9.996874999999999512e-01 9.996749999999999803e-01 9.997374999999999456e-01 9.998500000000000165e-01 9.997875000000000512e-01
9.998500000000000165e-01 9.998000000000000220e-01 9.997249999999999748e-01 9.998500000000000165e-01 9.998124999999999929e-01 9.997749999999999693e-01 9.997624999999999984e-01 9.998624999999999874e-01 9.997374999999999456e-01 9.997125000000000039e-01 9.998749999999999583e-01 9.997749999999999693e-01 9.996749999999999803e-01 9.998000000000000220e-01 9.998249999999999638e-01 9.997249999999999748e-01 9.997125000000000039e-01 9.997500000000000275e-01 9.998749999999999583e-01 9.998000000000000220e-01
9.999249999999999527e-01 9.998624999999999874e-01 9.998249999999999638e-01 9.999249999999999527e-01 9.999000000000000110e-01 9.998749999999999583e-01 9.998249999999999638e-01 9.998875000000000401e-01 9.998624999999999874e-01 9.998749999999999583e-01 9.999249999999999527e-01 9.998749999999999583e-01 9.998624999999999874e-01 9.998875000000000401e-01 9.998749999999999583e-01 9.998500000000000165e-01 9.998249999999999638e-01 9.998249999999999638e-01 9.999375000000000346e-01 9.998875000000000401e-01
9.999375000000000346e-01 9.999000000000000110e-01 9.998375000000000457e-01 9.999249999999999527e-01 9.999000000000000110e-01 9.998875000000000401e-01 9.998500000000000165e-01 9.999124999999999819e-01 9.998875000000000401e-01 9.998749999999999583e-01 9.999249999999999527e-01 9.999249999999999527e-01 9.999000000000000110e-01 9.999375000000000346e-01 9.998875000000000401e-01 9.999249999999999527e-01 9.998749999999999583e-01 9.998624999999999874e-01 9.999500000000000055e-01 9.999124999999999819e-01
9.999375000000000346e-01 9.999124999999999819e-01 9.998500000000000165e-01 9.999249999999999527e-01 9.999000000000000110e-01 9.999124999999999819e-01 9.998624999999999874e-01 9.999124999999999819e-01 9.998875000000000401e-01 9.998749999999999583e-01 9.999249999999999527e-01 9.999249999999999527e-01 9.999000000000000110e-01 9.999500000000000055e-01 9.998875000000000401e-01 9.999249999999999527e-01 9.998875000000000401e-01 9.998624999999999874e-01 9.999500000000000055e-01 9.999124999999999819e-01
9.999375000000000346e-01 9.999124999999999819e-01 9.998500000000000165e-01 9.999249999999999527e-01 9.999000000000000110e-01 9.999124999999999819e-01 9.998624999999999874e-01 9.999124999999999819e-01 9.998875000000000401e-01 9.998749999999999583e-01 9.999249999999999527e-01 9.999249999999999527e-01 9.999000000000000110e-01 9.999500000000000055e-01 9.999000000000000110e-01 9.999249999999999527e-01 9.998875000000000401e-01 9.998624999999999874e-01 9.999500000000000055e-01 9.999124999999999819e-01
1.000000000000000000e+00 1.000000000000000000e+00 1.000000000000000000e+00 1.000000000000000000e+00 1.000000000000000000e+00 9.999875000000000291e-01 1.000000000000000000e+00 9.999875000000000291e-01 9.999875000000000291e-01 9.999875000000000291e-01 1.000000000000000000e+00 9.999875000000000291e-01 9.999875000000000291e-01 1.000000000000000000e+00 1.000000000000000000e+00 1.000000000000000000e+00 1.000000000000000000e+00 9.999749999999999472e-01 1.000000000000000000e+00 9.999875000000000291e-01
1.000000000000000000e+00 1.000000000000000000e+00 1.000000000000000000e+00 1.000000000000000000e+00 1.000000000000000000e+00 1.000000000000000000e+00 1.000000000000000000e+00 1.000000000000000000e+00 1.000000000000000000e+00 1.000000000000000000e+00 1.000000000000000000e+00 1.000000000000000000e+00 1.000000000000000000e+00 1.000000000000000000e+00 1.000000000000000000e+00 1.000000000000000000e+00 1.000000000000000000e+00 1.000000000000000000e+00 1.000000000000000000e+00 1.000000000000000000e+00
