7.016621270781815602e-04 7.365134246351720234e-04 7.730957732130631400e-04 8.114951534738963201e-04 8.518018167072998912e-04 8.941104969509800849e-04 9.385206336471497036e-04 9.851366053582289936e-04 1.034067975091111430e-03 1.085429747806598713e-03 1.139342640719231579e-03 1.195933367022817455e-03 1.255334933708490610e-03 1.317686954175293886e-03 1.383135976368009192e-03 1.451835827213469876e-03 1.523947974164901846e-03 1.599641904704031696e-03 1.679095524692928235e-03 1.762495576511834573e-03
4.218374999999999764e-01 4.204499999999999904e-01 4.192874999999999797e-01 4.186624999999999930e-01 4.173749999999999960e-01 4.170375000000000054e-01 4.158875000000000210e-01 4.144375000000000142e-01 4.135375000000000023e-01 4.133375000000000243e-01 4.130375000000000019e-01 4.116874999999999840e-01 4.107624999999999749e-01 4.091500000000000137e-01 4.078875000000000139e-01 4.072625000000000273e-01 4.064125000000000099e-01 4.045250000000000234e-01 4.031500000000000083e-01 4.020124999999999948e-01
4.310875000000000123e-01 4.296625000000000028e-01 4.289499999999999980e-01 4.286499999999999755e-01 4.274999999999999911e-01 4.262374999999999914e-01 4.252250000000000196e-01 4.243750000000000022e-01 4.238624999999999754e-01 4.227624999999999855e-01 4.226374999999999993e-01 4.210749999999999771e-01 4.199125000000000218e-01 4.189375000000000182e-01 4.174749999999999850e-01 4.166250000000000231e-01 4.153749999999999942e-01 4.136624999999999885e-01 4.121624999999999872e-01 4.112750000000000017e-01
4.406749999999999834e-01 4.396375000000000144e-01 4.390499999999999958e-01 4.383124999999999938e-01 4.366499999999999826e-01 4.360125000000000250e-01 4.352125000000000021e-01 4.338500000000000134e-01 4.330749999999999877e-01 4.327124999999999999e-01 4.317624999999999935e-01 4.307250000000000245e-01 4.295249999999999901e-01 4.286375000000000046e-01 4.264749999999999930e-01 4.258250000000000091e-01 4.243250000000000077e-01 4.227500000000000147e-01 4.217874999999999819e-01 4.206250000000000266e-01
4.507749999999999813e-01 4.497249999999999859e-01 4.484124999999999917e-01 4.477749999999999786e-01 4.466625000000000179e-01 4.459750000000000103e-01 4.446125000000000216e-01 4.435625000000000262e-01 4.427625000000000033e-01 4.421499999999999875e-01 4.416625000000000134e-01 4.405625000000000235e-01 4.387249999999999761e-01 4.374500000000000055e-01 4.356875000000000053e-01 4.347125000000000017e-01 4.336249999999999827e-01 4.323874999999999802e-01 4.311375000000000068e-01 4.299999999999999933e-01
4.606124999999999803e-01 4.590250000000000163e-01 4.582125000000000226e-01 4.577125000000000221e-01 4.563249999999999806e-01 4.552375000000000171e-01 4.545624999999999805e-01 4.532999999999999807e-01 4.524124999999999952e-01 4.518375000000000030e-01 4.511875000000000191e-01 4.494874999999999843e-01 4.479874999999999829e-01 4.466499999999999915e-01 4.447125000000000106e-01 4.444124999999999881e-01 4.432125000000000092e-01 4.416999999999999815e-01 4.406249999999999889e-01 4.392375000000000029e-01
4.701624999999999832e-01 4.691124999999999878e-01 4.685000000000000275e-01 4.675124999999999975e-01 4.662999999999999923e-01 4.650500000000000189e-01 4.641750000000000043e-01 4.631750000000000034e-01 4.623875000000000068e-01 4.612249999999999961e-01 4.602749999999999897e-01 4.590000000000000191e-01 4.571124999999999772e-01 4.559624999999999928e-01 4.542375000000000163e-01 4.537375000000000158e-01 4.524624999999999897e-01 4.509500000000000175e-01 4.498249999999999749e-01 4.486999999999999877e-01
4.798124999999999751e-01 4.789999999999999813e-01 4.777750000000000052e-01 4.775375000000000036e-01 4.758125000000000271e-01 4.750249999999999750e-01 4.743125000000000258e-01 4.727124999999999799e-01 4.713749999999999885e-01 4.706000000000000183e-01 4.695874999999999910e-01 4.679375000000000062e-01 4.668625000000000136e-01 4.655374999999999930e-01 4.639375000000000027e-01 4.636000000000000121e-01 4.621874999999999734e-01 4.603125000000000133e-01 4.593249999999999833e-01 4.578625000000000056e-01
4.899000000000000021e-01 4.886624999999999996e-01 4.875875000000000070e-01 4.870375000000000121e-01 4.856249999999999734e-01 4.850999999999999757e-01 4.838500000000000023e-01 4.820125000000000104e-01 4.808999999999999941e-01 4.798499999999999988e-01 4.787000000000000144e-01 4.774249999999999883e-01 4.761624999999999885e-01 4.749999999999999778e-01 4.733875000000000166e-01 4.727124999999999799e-01 4.711750000000000105e-01 4.698749999999999871e-01 4.684749999999999748e-01 4.681750000000000078e-01
5.000124999999999709e-01 4.981499999999999817e-01 4.973500000000000143e-01 4.967874999999999930e-01 4.956875000000000031e-01 4.942624999999999935e-01 4.926625000000000032e-01 4.914124999999999743e-01 4.897500000000000187e-01 4.889249999999999985e-01 4.879625000000000212e-01 4.869499999999999940e-01 4.859125000000000250e-01 4.845875000000000044e-01 4.828000000000000069e-01 4.818875000000000242e-01 4.804749999999999854e-01 4.790249999999999786e-01 4.786374999999999935e-01 4.772500000000000075e-01
5.094125000000000458e-01 5.080375000000000307e-01 5.071624999999999606e-01 5.066249999999999920e-01 5.047749999999999737e-01 5.035500000000000531e-01 5.017125000000000057e-01 5.002625000000000544e-01 4.991875000000000062e-01 4.982249999999999734e-01 4.975999999999999868e-01 4.966375000000000095e-01 4.951125000000000109e-01 4.936875000000000013e-01 4.921625000000000028e-01 4.911874999999999991e-01 4.902124999999999955e-01 4.889499999999999957e-01 4.879875000000000185e-01 4.864625000000000199e-01
5.190249999999999586e-01 5.179249999999999687e-01 5.171124999999999750e-01 5.155625000000000346e-01 5.140375000000000361e-01 5.124374999999999902e-01 5.110375000000000334e-01 5.097374999999999545e-01 5.084750000000000103e-01 5.080624999999999725e-01 5.074125000000000441e-01 5.060000000000000053e-01 5.043499999999999650e-01 5.031624999999999570e-01 5.011624999999999552e-01 5.009749999999999481e-01 4.996625000000000094e-01 4.986249999999999849e-01 4.972125000000000017e-01 4.961499999999999799e-01
5.285999999999999588e-01 5.274124999999999508e-01 5.257374999999999687e-01 5.249875000000000513e-01 5.229875000000000496e-01 5.217249999999999943e-01 5.201999999999999957e-01 5.190749999999999531e-01 5.182624999999999593e-01 5.172999999999999821e-01 5.164999999999999591e-01 5.149500000000000188e-01 5.138125000000000053e-01 5.123375000000000012e-01 5.111499999999999932e-01 5.101999999999999869e-01 5.090500000000000025e-01 5.076625000000000165e-01 5.068375000000000519e-01 5.058875000000000455e-01
5.378874999999999629e-01 5.361749999999999572e-01 5.350000000000000311e-01 5.339374999999999538e-01 5.322124999999999773e-01 5.309374999999999512e-01 5.296999999999999487e-01 5.286999999999999478e-01 5.273875000000000091e-01 5.265250000000000208e-01 5.257249999999999979e-01 5.245125000000000481e-01 5.231375000000000330e-01 5.222375000000000211e-01 5.203499999999999792e-01 5.195625000000000382e-01 5.185374999999999845e-01 5.170875000000000332e-01 5.167249999999999899e-01 5.159000000000000252e-01
5.471125000000000016e-01 5.452749999999999542e-01 5.440125000000000099e-01 5.429625000000000146e-01 5.413499999999999979e-01 5.404499999999999860e-01 5.389249999999999874e-01 5.377874999999999739e-01 5.368374999999999675e-01 5.358125000000000249e-01 5.351624999999999854e-01 5.339500000000000357e-01 5.328374999999999639e-01 5.314499999999999780e-01 5.296625000000000361e-01 5.291375000000000384e-01 5.279125000000000068e-01 5.271124999999999838e-01 5.262375000000000247e-01 5.254750000000000254e-01
5.561249999999999805e-01 5.543875000000000330e-01 5.530625000000000124e-01 5.522000000000000242e-01 5.510749999999999815e-01 5.496375000000000011e-01 5.484124999999999694e-01 5.470749999999999780e-01 5.460500000000000353e-01 5.450374999999999526e-01 5.447499999999999565e-01 5.434124999999999650e-01 5.420625000000000027e-01 5.407250000000000112e-01 5.390625000000000000e-01 5.384624999999999551e-01 5.381624999999999881e-01 5.366750000000000131e-01 5.358874999999999611e-01 5.343750000000000444e-01
5.651749999999999829e-01 5.636499999999999844e-01 5.623249999999999638e-01 5.618999999999999551e-01 5.603124999999999911e-01 5.589499999999999469e-01 5.574124999999999774e-01 5.565375000000000183e-01 5.554499999999999993e-01 5.547499999999999654e-01 5.540625000000000133e-01 5.527999999999999581e-01 5.514750000000000485e-01 5.500874999999999515e-01 5.484750000000000458e-01 5.486999999999999655e-01 5.475499999999999812e-01 5.462000000000000188e-01 5.447499999999999565e-01 5.436750000000000194e-01
5.743125000000000036e-01 5.730125000000000357e-01 5.719250000000000167e-01 5.710625000000000284e-01 5.694124999999999881e-01 5.679125000000000423e-01 5.670749999999999957e-01 5.659750000000000059e-01 5.651125000000000176e-01 5.642249999999999766e-01 5.632875000000000520e-01 5.622500000000000275e-01 5.607874999999999943e-01 5.594875000000000265e-01 5.585750000000000437e-01 5.580874999999999586e-01 5.570749999999999869e-01 5.550874999999999559e-01 5.540374999999999606e-01 5.529625000000000234e-01
5.835500000000000131e-01 5.824500000000000233e-01 5.810499999999999554e-01 5.802374999999999616e-01 5.784624999999999906e-01 5.776250000000000551e-01 5.762749999999999817e-01 5.754500000000000171e-01 5.744375000000000453e-01 5.733375000000000554e-01 5.726999999999999869e-01 5.715124999999999789e-01 5.702125000000000110e-01 5.695249999999999480e-01 5.680374999999999730e-01 5.674749999999999517e-01 5.658999999999999586e-01 5.642749999999999710e-01 5.633500000000000174e-01 5.623000000000000220e-01
5.931374999999999842e-01 5.916749999999999510e-01 5.903249999999999886e-01 5.893374999999999586e-01 5.881374999999999797e-01 5.867124999999999702e-01 5.859250000000000291e-01 5.848250000000000393e-01 5.833374999999999533e-01 5.827375000000000194e-01 5.819250000000000256e-01 5.808750000000000302e-01 5.801374999999999726e-01 5.788999999999999702e-01 5.774624999999999897e-01 5.763125000000000053e-01 5.751500000000000501e-01 5.735999999999999988e-01 5.726875000000000160e-01 5.713875000000000481e-01
6.024249999999999883e-01 6.009250000000000425e-01 5.995374999999999455e-01 5.989499999999999824e-01 5.972125000000000350e-01 5.963000000000000522e-01 5.951999999999999513e-01 5.937500000000000000e-01 5.927875000000000227e-01 5.918999999999999817e-01 5.910874999999999879e-01 5.908124999999999627e-01 5.895500000000000185e-01 5.885249999999999648e-01 5.863374999999999559e-01 5.857375000000000220e-01 5.842625000000000179e-01 5.830250000000000155e-01 5.818375000000000075e-01 5.804875000000000451e-01
6.116125000000000034e-01 6.102250000000000174e-01 6.091750000000000220e-01 6.078124999999999778e-01 6.067624999999999824e-01 6.057124999999999870e-01 6.041499999999999648e-01 6.031874999999999876e-01 6.020874999999999977e-01 6.010375000000000023e-01 6.010375000000000023e-01 6.002374999999999794e-01 5.993000000000000549e-01 5.972874999999999712e-01 5.957124999999999782e-01 5.946500000000000119e-01 5.934500000000000330e-01 5.921374999999999833e-01 5.909624999999999462e-01 5.901250000000000107e-01
6.209875000000000256e-01 6.198000000000000176e-01 6.181250000000000355e-01 6.174874999999999670e-01 6.162874999999999881e-01 6.146000000000000352e-01 6.135874999999999524e-01 6.124249999999999972e-01 6.112625000000000419e-01 6.109124999999999694e-01 6.105749999999999789e-01 6.097875000000000378e-01 6.078999999999999959e-01 6.065374999999999517e-01 6.047375000000000389e-01 6.038249999999999451e-01 6.028124999999999734e-01 6.011125000000000496e-01 6.004374999999999574e-01 5.994249999999999856e-01
6.303750000000000187e-01 6.287125000000000075e-01 6.276249999999999885e-01 6.267625000000000002e-01 6.251250000000000417e-01 6.241750000000000353e-01 6.228875000000000384e-01 6.216625000000000068e-01 6.210250000000000492e-01 6.204125000000000334e-01 6.198875000000000357e-01 6.184125000000000316e-01 6.170250000000000457e-01 6.155749999999999833e-01 6.139250000000000540e-01 6.131750000000000256e-01 6.118500000000000050e-01 6.105874999999999497e-01 6.097124999999999906e-01 6.088999999999999968e-01
6.393999999999999684e-01 6.383750000000000258e-01 6.369500000000000162e-01 6.356749999999999901e-01 6.345499999999999474e-01 6.334374999999999867e-01 6.320750000000000535e-01 6.310999999999999943e-01 6.304874999999999785e-01 6.297000000000000375e-01 6.286500000000000421e-01 6.275874999999999648e-01 6.262999999999999678e-01 6.247125000000000039e-01 6.231124999999999581e-01 6.220624999999999627e-01 6.213625000000000398e-01 6.199624999999999719e-01 6.192750000000000199e-01 6.183374999999999844e-01
6.492250000000000520e-01 6.474250000000000282e-01 6.460875000000000368e-01 6.451000000000000068e-01 6.441124999999999767e-01 6.427125000000000199e-01 6.415499999999999536e-01 6.404125000000000512e-01 6.398875000000000535e-01 6.386625000000000218e-01 6.378000000000000336e-01 6.369624999999999870e-01 6.354125000000000467e-01 6.338249999999999718e-01 6.320875000000000243e-01 6.315374999999999739e-01 6.306625000000000147e-01 6.294374999999999831e-01 6.285500000000000531e-01 6.279124999999999845e-01
6.582000000000000073e-01 6.564875000000000016e-01 6.554124999999999535e-01 6.545874999999999888e-01 6.531749999999999501e-01 6.519374999999999476e-01 6.507749999999999924e-01 6.499749999999999694e-01 6.488625000000000087e-01 6.476750000000000007e-01 6.471124999999999794e-01 6.458249999999999824e-01 6.444999999999999618e-01 6.428249999999999797e-01 6.413624999999999465e-01 6.411875000000000213e-01 6.400375000000000369e-01 6.386749999999999927e-01 6.383499999999999730e-01 6.378374999999999462e-01
6.674250000000000460e-01 6.659500000000000419e-01 6.651249999999999662e-01 6.637874999999999748e-01 6.622249999999999526e-01 6.613875000000000171e-01 6.602624999999999744e-01 6.591375000000000428e-01 6.578749999999999876e-01 6.572624999999999718e-01 6.564499999999999780e-01 6.552499999999999991e-01 6.534624999999999462e-01 6.520875000000000421e-01 6.511124999999999829e-01 6.501500000000000057e-01 6.494499999999999718e-01 6.481624999999999748e-01 6.484499999999999709e-01 6.470124999999999904e-01
6.767625000000000446e-01 6.758125000000000382e-01 6.741624999999999979e-01 6.726250000000000284e-01 6.720625000000000071e-01 6.708625000000000282e-01 6.696625000000000494e-01 6.682875000000000343e-01 6.673499999999999988e-01 6.666125000000000522e-01 6.657499999999999529e-01 6.642624999999999780e-01 6.628374999999999684e-01 6.618374999999999675e-01 6.601624999999999854e-01 6.597250000000000059e-01 6.587125000000000341e-01 6.581124999999999892e-01 6.575374999999999970e-01 6.566125000000000433e-01
6.865375000000000227e-01 6.850249999999999950e-01 6.830749999999999877e-01 6.823000000000000176e-01 6.814750000000000529e-01 6.803749999999999520e-01 6.790000000000000480e-01 6.774750000000000494e-01 6.765999999999999792e-01 6.760125000000000162e-01 6.749249999999999972e-01 6.736750000000000238e-01 6.724624999999999631e-01 6.711749999999999661e-01 6.698499999999999455e-01 6.692000000000000171e-01 6.685499999999999776e-01 6.675875000000000004e-01 6.670374999999999499e-01 6.661749999999999616e-01
6.961500000000000465e-01 6.941874999999999574e-01 6.926999999999999824e-01 6.922374999999999501e-01 6.909374999999999822e-01 6.896124999999999616e-01 6.881374999999999575e-01 6.869625000000000314e-01 6.859750000000000014e-01 6.850374999999999659e-01 6.841500000000000359e-01 6.830249999999999932e-01 6.818999999999999506e-01 6.807625000000000481e-01 6.790374999999999606e-01 6.787250000000000227e-01 6.785499999999999865e-01 6.767499999999999627e-01 6.765624999999999556e-01 6.752749999999999586e-01
7.052749999999999853e-01 7.034249999999999670e-01 7.022749999999999826e-01 7.013749999999999707e-01 7.001874999999999627e-01 6.986375000000000224e-01 6.974749999999999561e-01 6.961125000000000229e-01 6.952625000000000055e-01 6.941249999999999920e-01 6.934249999999999581e-01 6.924749999999999517e-01 6.912500000000000311e-01 6.900374999999999703e-01 6.888250000000000206e-01 6.889125000000000387e-01 6.878125000000000488e-01 6.868625000000000425e-01 6.857374999999999998e-01 6.846999999999999753e-01
7.141625000000000334e-01 7.134000000000000341e-01 7.118624999999999536e-01 7.110374999999999890e-01 7.094500000000000250e-01 7.082125000000000226e-01 7.066999999999999948e-01 7.058499999999999774e-01 7.046249999999999458e-01 7.034624999999999906e-01 7.031250000000000000e-01 7.020250000000000101e-01 7.009874999999999856e-01 6.997375000000000123e-01 6.988124999999999476e-01 6.980750000000000011e-01 6.977124999999999577e-01 6.959499999999999575e-01 6.952374999999999527e-01 6.943124999999999991e-01
7.242499999999999494e-01 7.228250000000000508e-01 7.211999999999999522e-01 7.204374999999999529e-01 7.187750000000000528e-01 7.175000000000000266e-01 7.164374999999999494e-01 7.148875000000000091e-01 7.140125000000000499e-01 7.131750000000000034e-01 7.127499999999999947e-01 7.116124999999999812e-01 7.102374999999999661e-01 7.094875000000000487e-01 7.082749999999999879e-01 7.078375000000000083e-01 7.070374999999999854e-01 7.053874999999999451e-01 7.045624999999999805e-01 7.041749999999999954e-01
7.339499999999999913e-01 7.324125000000000218e-01 7.306624999999999925e-01 7.298000000000000043e-01 7.283500000000000529e-01 7.269999999999999796e-01 7.255624999999999991e-01 7.246249999999999636e-01 7.235624999999999973e-01 7.227124999999999799e-01 7.223374999999999657e-01 7.206875000000000364e-01 7.201750000000000096e-01 7.191625000000000378e-01 7.178250000000000464e-01 7.176500000000000101e-01 7.162749999999999950e-01 7.146500000000000075e-01 7.148750000000000382e-01 7.135375000000000467e-01
7.432750000000000190e-01 7.417375000000000496e-01 7.398500000000000076e-01 7.392125000000000501e-01 7.376249999999999751e-01 7.366500000000000270e-01 7.350375000000000103e-01 7.336749999999999661e-01 7.330875000000000030e-01 7.318624999999999714e-01 7.321874999999999911e-01 7.308375000000000288e-01 7.300750000000000295e-01 7.287124999999999853e-01 7.278375000000000261e-01 7.269875000000000087e-01 7.256249999999999645e-01 7.245000000000000329e-01 7.241625000000000423e-01 7.236624999999999863e-01
7.527249999999999774e-01 7.511250000000000426e-01 7.494625000000000314e-01 7.487125000000000030e-01 7.472625000000000517e-01 7.457375000000000531e-01 7.444749999999999979e-01 7.437124999999999986e-01 7.428500000000000103e-01 7.420999999999999819e-01 7.419000000000000039e-01 7.407624999999999904e-01 7.396625000000000005e-01 7.385000000000000453e-01 7.371750000000000247e-01 7.364125000000000254e-01 7.352750000000000119e-01 7.341374999999999984e-01 7.337375000000000425e-01 7.332374999999999865e-01
7.623124999999999485e-01 7.607874999999999499e-01 7.588500000000000245e-01 7.581375000000000197e-01 7.565749999999999975e-01 7.552875000000000005e-01 7.541875000000000107e-01 7.532250000000000334e-01 7.525249999999999995e-01 7.513750000000000151e-01 7.516749999999999821e-01 7.504750000000000032e-01 7.492625000000000535e-01 7.484125000000000361e-01 7.464125000000000343e-01 7.459124999999999783e-01 7.454125000000000334e-01 7.436625000000000041e-01 7.438375000000000403e-01 7.433250000000000135e-01
7.717749999999999888e-01 7.703250000000000375e-01 7.687374999999999625e-01 7.677249999999999908e-01 7.662875000000000103e-01 7.644999999999999574e-01 7.638249999999999762e-01 7.628875000000000517e-01 7.625125000000000375e-01 7.620000000000000107e-01 7.618500000000000272e-01 7.602875000000000050e-01 7.594374999999999876e-01 7.579124999999999890e-01 7.561375000000000179e-01 7.558624999999999927e-01 7.550624999999999698e-01 7.536000000000000476e-01 7.539124999999999854e-01 7.527125000000000066e-01
7.815874999999999906e-01 7.798500000000000432e-01 7.780875000000000430e-01 7.770500000000000185e-01 7.753250000000000419e-01 7.745250000000000190e-01 7.736625000000000307e-01 7.728249999999999842e-01 7.722499999999999920e-01 7.719375000000000542e-01 7.713250000000000384e-01 7.701249999999999485e-01 7.688874999999999460e-01 7.673875000000000002e-01 7.659124999999999961e-01 7.655874999999999764e-01 7.645874999999999755e-01 7.636625000000000218e-01 7.633874999999999966e-01 7.623124999999999485e-01
7.911375000000000490e-01 7.894750000000000378e-01 7.873124999999999707e-01 7.866374999999999895e-01 7.849125000000000130e-01 7.840875000000000483e-01 7.833999999999999853e-01 7.822375000000000300e-01 7.822000000000000064e-01 7.817250000000000032e-01 7.814750000000000307e-01 7.801000000000000156e-01 7.784999999999999698e-01 7.772999999999999909e-01 7.760375000000000467e-01 7.754124999999999490e-01 7.748125000000000151e-01 7.737874999999999615e-01 7.731124999999999803e-01 7.721500000000000030e-01
8.005875000000000075e-01 7.989000000000000545e-01 7.967750000000000110e-01 7.960249999999999826e-01 7.950249999999999817e-01 7.940374999999999517e-01 7.933750000000000524e-01 7.922624999999999806e-01 7.921249999999999680e-01 7.913124999999999742e-01 7.914750000000000396e-01 7.897999999999999465e-01 7.881000000000000227e-01 7.868874999999999620e-01 7.856374999999999886e-01 7.851875000000000382e-01 7.849125000000000130e-01 7.832249999999999490e-01 7.823875000000000135e-01 7.819125000000000103e-01
8.101500000000000368e-01 8.078999999999999515e-01 8.060125000000000206e-01 8.058250000000000135e-01 8.048999999999999488e-01 8.035999999999999810e-01 8.029125000000000290e-01 8.020874999999999533e-01 8.017125000000000501e-01 8.010249999999999870e-01 8.010874999999999524e-01 7.992624999999999869e-01 7.979874999999999607e-01 7.965499999999999803e-01 7.953875000000000250e-01 7.953750000000000542e-01 7.946374999999999966e-01 7.927125000000000421e-01 7.924999999999999822e-01 7.919874999999999554e-01
8.192874999999999464e-01 8.174000000000000155e-01 8.154749999999999499e-01 8.152875000000000538e-01 8.145999999999999908e-01 8.134249999999999536e-01 8.128125000000000488e-01 8.119374999999999787e-01 8.115250000000000519e-01 8.113875000000000393e-01 8.104624999999999746e-01 8.090374999999999650e-01 8.076750000000000318e-01 8.066875000000000018e-01 8.054499999999999993e-01 8.053000000000000158e-01 8.041374999999999496e-01 8.023500000000000076e-01 8.019500000000000517e-01 8.021500000000000297e-01
8.282249999999999890e-01 8.263624999999999998e-01 8.251625000000000210e-01 8.250499999999999501e-01 8.240750000000000020e-01 8.228374999999999995e-01 8.223375000000000545e-01 8.214749999999999552e-01 8.210125000000000339e-01 8.206375000000000197e-01 8.200625000000000275e-01 8.187250000000000361e-01 8.173875000000000446e-01 8.165499999999999980e-01 8.152374999999999483e-01 8.148125000000000506e-01 8.137124999999999497e-01 8.120374999999999677e-01 8.121500000000000385e-01 8.117124999999999480e-01
8.374374999999999458e-01 8.356624999999999748e-01 8.344000000000000306e-01 8.345249999999999613e-01 8.338124999999999565e-01 8.326249999999999485e-01 8.321499999999999453e-01 8.310250000000000137e-01 8.306249999999999467e-01 8.297750000000000403e-01 8.296000000000000041e-01 8.284624999999999906e-01 8.271249999999999991e-01 8.265749999999999487e-01 8.248124999999999485e-01 8.240625000000000311e-01 8.234000000000000208e-01 8.214249999999999607e-01 8.220499999999999474e-01 8.214375000000000426e-01
8.457999999999999963e-01 8.451999999999999513e-01 8.437500000000000000e-01 8.440750000000000197e-01 8.430250000000000243e-01 8.418875000000000108e-01 8.414000000000000368e-01 8.402625000000000233e-01 8.400499999999999634e-01 8.393125000000000169e-01 8.390499999999999625e-01 8.377999999999999892e-01 8.368499999999999828e-01 8.360125000000000473e-01 8.345124999999999904e-01 8.338375000000000092e-01 8.327499999999999902e-01 8.314500000000000224e-01 8.316375000000000295e-01 8.314375000000000515e-01
8.549875000000000114e-01 8.541250000000000231e-01 8.528875000000000206e-01 8.535125000000000073e-01 8.525749999999999718e-01 8.516875000000000417e-01 8.507249999999999535e-01 8.495875000000000510e-01 8.493000000000000549e-01 8.486749999999999572e-01 8.485125000000000028e-01 8.473625000000000185e-01 8.465500000000000247e-01 8.452874999999999694e-01 8.437124999999999764e-01 8.432749999999999968e-01 8.419250000000000345e-01 8.411125000000000407e-01 8.411250000000000115e-01 8.408499999999999863e-01
8.641874999999999973e-01 8.629999999999999893e-01 8.620499999999999829e-01 8.623750000000000027e-01 8.614125000000000254e-01 8.605125000000000135e-01 8.597500000000000142e-01 8.586249999999999716e-01 8.584000000000000519e-01 8.578999999999999959e-01 8.576124999999999998e-01 8.567249999999999588e-01 8.558624999999999705e-01 8.545875000000000554e-01 8.530624999999999458e-01 8.525125000000000064e-01 8.517249999999999543e-01 8.502874999999999739e-01 8.508875000000000188e-01 8.502125000000000377e-01
8.724874999999999714e-01 8.715125000000000233e-01 8.708500000000000130e-01 8.716249999999999831e-01 8.707000000000000295e-01 8.694250000000000034e-01 8.688624999999999821e-01 8.677375000000000504e-01 8.672250000000000236e-01 8.667875000000000441e-01 8.666000000000000369e-01 8.659999999999999920e-01 8.649999999999999911e-01 8.634374999999999689e-01 8.618875000000000286e-01 8.614374999999999671e-01 8.609750000000000458e-01 8.598875000000000268e-01 8.601374999999999993e-01 8.595374999999999543e-01
8.810249999999999471e-01 8.803250000000000242e-01 8.791250000000000453e-01 8.800000000000000044e-01 8.794999999999999485e-01 8.782250000000000334e-01 8.774374999999999813e-01 8.767000000000000348e-01 8.760250000000000536e-01 8.755749999999999922e-01 8.754625000000000323e-01 8.749249999999999527e-01 8.739000000000000101e-01 8.726749999999999785e-01 8.709375000000000311e-01 8.706249999999999822e-01 8.701624999999999499e-01 8.689875000000000238e-01 8.691250000000000364e-01 8.688375000000000403e-01
8.891124999999999723e-01 8.890375000000000361e-01 8.878749999999999698e-01 8.883999999999999675e-01 8.876125000000000265e-01 8.865374999999999783e-01 8.859000000000000208e-01 8.849875000000000380e-01 8.846625000000000183e-01 8.838749999999999662e-01 8.841250000000000497e-01 8.834999999999999520e-01 8.821875000000000133e-01 8.809749999999999526e-01 8.794250000000000123e-01 8.791875000000000107e-01 8.790249999999999453e-01 8.780000000000000027e-01 8.779500000000000082e-01 8.776500000000000412e-01
8.971500000000000030e-01 8.970500000000000140e-01 8.961375000000000313e-01 8.971375000000000322e-01 8.960249999999999604e-01 8.948749999999999760e-01 8.942875000000000130e-01 8.928000000000000380e-01 8.928374999999999506e-01 8.925999999999999490e-01 8.929000000000000270e-01 8.920000000000000151e-01 8.904250000000000220e-01 8.894625000000000448e-01 8.880000000000000115e-01 8.878624999999999989e-01 8.877000000000000446e-01 8.864625000000000421e-01 8.866125000000000256e-01 8.864125000000000476e-01
9.048749999999999849e-01 9.047749999999999959e-01 9.041249999999999565e-01 9.046999999999999487e-01 9.033250000000000446e-01 9.025374999999999925e-01 9.020500000000000185e-01 9.012000000000000011e-01 9.006999999999999451e-01 9.004250000000000309e-01 9.009624999999999995e-01 8.999500000000000277e-01 8.984874999999999945e-01 8.975750000000000117e-01 8.958874999999999478e-01 8.961375000000000313e-01 8.959624999999999950e-01 8.946874999999999689e-01 8.949749999999999650e-01 8.948625000000000052e-01
9.127499999999999503e-01 9.123375000000000234e-01 9.115999999999999659e-01 9.123375000000000234e-01 9.108874999999999611e-01 9.104999999999999760e-01 9.096750000000000114e-01 9.087374999999999758e-01 9.087374999999999758e-01 9.086125000000000451e-01 9.087749999999999995e-01 9.077499999999999458e-01 9.062624999999999709e-01 9.055999999999999606e-01 9.039500000000000313e-01 9.043750000000000400e-01 9.040875000000000439e-01 9.025374999999999925e-01 9.030749999999999611e-01 9.029625000000000012e-01
9.195750000000000313e-01 9.198125000000000329e-01 9.189625000000000155e-01 9.194124999999999659e-01 9.183249999999999469e-01 9.173750000000000515e-01 9.166374999999999940e-01 9.160875000000000545e-01 9.164124999999999632e-01 9.160749999999999726e-01 9.159874999999999545e-01 9.151749999999999607e-01 9.135375000000000023e-01 9.127250000000000085e-01 9.115874999999999950e-01 9.119374999999999565e-01 9.118749999999999911e-01 9.106374999999999886e-01 9.112624999999999753e-01 9.110374999999999446e-01
9.264250000000000540e-01 9.265999999999999792e-01 9.258625000000000327e-01 9.256874999999999964e-01 9.254124999999999712e-01 9.243249999999999522e-01 9.237499999999999600e-01 9.229125000000000245e-01 9.234624999999999639e-01 9.232624999999999860e-01 9.233124999999999805e-01 9.221375000000000544e-01 9.211125000000000007e-01 9.199500000000000455e-01 9.192000000000000171e-01 9.195250000000000368e-01 9.187999999999999501e-01 9.179500000000000437e-01 9.184999999999999831e-01 9.187250000000000139e-01
9.328250000000000153e-01 9.332375000000000531e-01 9.323500000000000121e-01 9.322124999999999995e-01 9.319499999999999451e-01 9.306124999999999536e-01 9.301625000000000032e-01 9.297750000000000181e-01 9.298374999999999835e-01 9.298374999999999835e-01 9.301374999999999504e-01 9.288125000000000409e-01 9.278374999999999817e-01 9.269125000000000281e-01 9.266124999999999501e-01 9.269874999999999643e-01 9.258999999999999453e-01 9.254375000000000240e-01 9.255499999999999838e-01 9.258374999999999799e-01
9.389750000000000041e-01 9.392374999999999474e-01 9.384500000000000064e-01 9.385250000000000536e-01 9.382500000000000284e-01 9.364375000000000338e-01 9.364875000000000282e-01 9.363249999999999629e-01 9.362500000000000266e-01 9.363124999999999920e-01 9.365124999999999700e-01 9.353375000000000439e-01 9.340249999999999941e-01 9.335750000000000437e-01 9.331500000000000350e-01 9.332875000000000476e-01 9.327250000000000263e-01 9.317999999999999616e-01 9.325999999999999845e-01 9.328125000000000444e-01
9.451125000000000220e-01 9.448625000000000496e-01 9.439625000000000377e-01 9.444624999999999826e-01 9.436375000000000179e-01 9.421625000000000139e-01 9.424500000000000099e-01 9.423624999999999918e-01 9.424375000000000391e-01 9.425124999999999753e-01 9.423000000000000265e-01 9.409625000000000350e-01 9.400500000000000522e-01 9.399499999999999522e-01 9.395375000000000254e-01 9.391249999999999876e-01 9.392000000000000348e-01 9.381249999999999867e-01 9.390249999999999986e-01 9.393624999999999892e-01
9.502749999999999808e-01 9.505500000000000060e-01 9.490750000000000020e-01 9.500999999999999446e-01 9.492000000000000437e-01 9.479125000000000467e-01 9.483249999999999735e-01 9.475249999999999506e-01 9.476375000000000215e-01 9.479999999999999538e-01 9.479374999999999885e-01 9.468250000000000277e-01 9.455624999999999725e-01 9.456250000000000488e-01 9.455500000000000016e-01 9.449374999999999858e-01 9.450749999999999984e-01 9.439374999999999849e-01 9.451125000000000220e-01 9.449499999999999567e-01
9.552625000000000144e-01 9.554375000000000506e-01 9.538250000000000339e-01 9.549750000000000183e-01 9.541625000000000245e-01 9.529499999999999638e-01 9.535875000000000323e-01 9.527875000000000094e-01 9.529750000000000165e-01 9.533875000000000544e-01 9.532000000000000473e-01 9.523000000000000353e-01 9.510250000000000092e-01 9.513624999999999998e-01 9.508124999999999494e-01 9.504375000000000462e-01 9.506124999999999714e-01 9.495624999999999760e-01 9.505249999999999533e-01 9.509499999999999620e-01
9.597124999999999684e-01 9.600499999999999590e-01 9.586000000000000076e-01 9.595124999999999904e-01 9.587875000000000147e-01 9.579499999999999682e-01 9.582500000000000462e-01 9.577875000000000139e-01 9.581250000000000044e-01 9.581499999999999462e-01 9.579499999999999682e-01 9.571499999999999453e-01 9.559999999999999609e-01 9.560374999999999845e-01 9.558624999999999483e-01 9.554375000000000506e-01 9.555500000000000105e-01 9.550250000000000128e-01 9.557375000000000176e-01 9.560625000000000373e-01
9.640874999999999861e-01 9.640499999999999625e-01 9.630999999999999561e-01 9.638999999999999790e-01 9.629999999999999671e-01 9.623249999999999860e-01 9.628999999999999782e-01 9.621625000000000316e-01 9.626249999999999529e-01 9.625500000000000167e-01 9.624749999999999694e-01 9.614749999999999686e-01 9.605875000000000385e-01 9.610125000000000473e-01 9.600874999999999826e-01 9.605500000000000149e-01 9.602374999999999661e-01 9.598499999999999810e-01 9.605749999999999567e-01 9.604875000000000496e-01
9.681374999999999842e-01 9.678999999999999826e-01 9.672625000000000250e-01 9.679124999999999535e-01 9.668999999999999817e-01 9.666124999999999856e-01 9.670374999999999943e-01 9.663249999999999895e-01 9.668999999999999817e-01 9.665749999999999620e-01 9.664625000000000021e-01 9.653125000000000178e-01 9.649499999999999744e-01 9.653500000000000414e-01 9.642500000000000515e-01 9.649124999999999508e-01 9.649250000000000327e-01 9.643125000000000169e-01 9.650874999999999870e-01 9.648624999999999563e-01
9.718750000000000444e-01 9.715000000000000302e-01 9.707999999999999963e-01 9.713625000000000176e-01 9.704249999999999821e-01 9.703749999999999876e-01 9.705875000000000474e-01 9.700874999999999915e-01 9.705249999999999710e-01 9.702499999999999458e-01 9.700750000000000206e-01 9.689750000000000307e-01 9.689875000000000016e-01 9.692874999999999686e-01 9.681750000000000078e-01 9.688499999999999890e-01 9.690499999999999670e-01 9.681874999999999787e-01 9.692749999999999977e-01 9.687624999999999709e-01
9.749624999999999542e-01 9.745374999999999455e-01 9.739750000000000352e-01 9.748124999999999707e-01 9.738999999999999879e-01 9.738624999999999643e-01 9.737375000000000336e-01 9.734874999999999501e-01 9.742625000000000313e-01 9.735249999999999737e-01 9.736249999999999627e-01 9.726124999999999909e-01 9.725875000000000492e-01 9.730374999999999996e-01 9.715125000000000011e-01 9.720374999999999988e-01 9.729875000000000052e-01 9.716124999999999901e-01 9.729875000000000052e-01 9.722750000000000004e-01
9.779124999999999623e-01 9.774625000000000119e-01 9.767749999999999488e-01 9.777249999999999552e-01 9.769250000000000433e-01 9.766375000000000473e-01 9.767249999999999543e-01 9.765125000000000055e-01 9.772374999999999812e-01 9.768875000000000197e-01 9.770750000000000268e-01 9.756000000000000227e-01 9.757500000000000062e-01 9.763249999999999984e-01 9.750375000000000014e-01 9.754249999999999865e-01 9.758875000000000188e-01 9.748875000000000179e-01 9.759750000000000369e-01 9.753625000000000211e-01
9.806375000000000508e-01 9.800499999999999767e-01 9.794500000000000428e-01 9.802250000000000130e-01 9.798249999999999460e-01 9.793874999999999664e-01 9.795875000000000554e-01 9.794249999999999901e-01 9.799999999999999822e-01 9.795749999999999735e-01 9.801125000000000531e-01 9.784249999999999892e-01 9.787749999999999506e-01 9.792625000000000357e-01 9.777624999999999789e-01 9.783874999999999655e-01 9.786749999999999616e-01 9.782125000000000403e-01 9.786000000000000254e-01 9.782750000000000057e-01
9.829124999999999668e-01 9.826375000000000526e-01 9.820124999999999549e-01 9.826500000000000234e-01 9.821874999999999911e-01 9.818000000000000060e-01 9.820875000000000021e-01 9.820875000000000021e-01 9.825125000000000108e-01 9.819999999999999840e-01 9.825749999999999762e-01 9.811625000000000485e-01 9.811125000000000540e-01 9.817875000000000352e-01 9.805374999999999508e-01 9.809124999999999650e-01 9.812750000000000083e-01 9.807749999999999524e-01 9.812625000000000375e-01 9.809875000000000123e-01
9.849875000000000158e-01 9.847500000000000142e-01 9.844374999999999654e-01 9.849750000000000449e-01 9.844000000000000528e-01 9.842125000000000457e-01 9.843250000000000055e-01 9.845125000000000126e-01 9.846875000000000488e-01 9.842250000000000165e-01 9.846125000000000016e-01 9.831499999999999684e-01 9.832999999999999519e-01 9.839375000000000204e-01 9.829875000000000140e-01 9.832874999999999810e-01 9.837124999999999897e-01 9.831499999999999684e-01 9.838999999999999968e-01 9.832750000000000101e-01
9.870624999999999538e-01 9.865874999999999506e-01 9.862999999999999545e-01 9.869250000000000522e-01 9.864749999999999908e-01 9.862874999999999837e-01 9.861499999999999710e-01 9.861874999999999947e-01 9.865625000000000089e-01 9.861250000000000293e-01 9.866749999999999687e-01 9.852499999999999591e-01 9.854000000000000536e-01 9.859499999999999931e-01 9.851750000000000229e-01 9.855374999999999552e-01 9.857249999999999623e-01 9.849124999999999686e-01 9.859750000000000458e-01 9.851124999999999465e-01
9.887875000000000414e-01 9.882750000000000146e-01 9.881750000000000256e-01 9.884749999999999925e-01 9.881874999999999964e-01 9.880499999999999838e-01 9.877875000000000405e-01 9.878624999999999767e-01 9.881999999999999673e-01 9.879875000000000185e-01 9.884125000000000272e-01 9.872250000000000192e-01 9.871499999999999719e-01 9.881124999999999492e-01 9.870624999999999538e-01 9.873499999999999499e-01 9.876875000000000515e-01 9.867249999999999632e-01 9.877124999999999932e-01 9.870124999999999593e-01
9.903374999999999817e-01 9.899000000000000021e-01 9.898000000000000131e-01 9.899624999999999675e-01 9.896000000000000352e-01 9.895749999999999824e-01 9.894749999999999934e-01 9.894874999999999643e-01 9.897624999999999895e-01 9.894625000000000226e-01 9.902499999999999636e-01 9.888749999999999485e-01 9.890750000000000375e-01 9.899250000000000549e-01 9.887000000000000233e-01 9.890875000000000083e-01 9.892750000000000155e-01 9.886000000000000343e-01 9.894249999999999989e-01 9.886749999999999705e-01
9.915125000000000188e-01 9.913125000000000409e-01 9.911250000000000338e-01 9.913750000000000062e-01 9.910750000000000393e-01 9.910124999999999629e-01 9.912125000000000519e-01 9.907624999999999904e-01 9.912999999999999590e-01 9.907375000000000487e-01 9.913250000000000117e-01 9.903374999999999817e-01 9.906249999999999778e-01 9.911624999999999464e-01 9.900999999999999801e-01 9.905374999999999597e-01 9.907124999999999959e-01 9.900999999999999801e-01 9.909624999999999684e-01 9.902250000000000218e-01
9.924749999999999961e-01 9.925625000000000142e-01 9.922499999999999654e-01 9.924374999999999725e-01 9.923999999999999488e-01 9.920250000000000457e-01 9.923250000000000126e-01 9.923374999999999835e-01 9.922874999999999890e-01 9.921124999999999527e-01 9.923750000000000071e-01 9.916500000000000314e-01 9.919624999999999693e-01 9.922750000000000181e-01 9.914250000000000007e-01 9.918624999999999803e-01 9.919124999999999748e-01 9.915625000000000133e-01 9.922250000000000236e-01 9.914374999999999716e-01
9.935000000000000497e-01 9.936749999999999750e-01 9.933874999999999789e-01 9.935874999999999568e-01 9.934125000000000316e-01 9.930624999999999591e-01 9.932999999999999607e-01 9.933250000000000135e-01 9.935125000000000206e-01 9.931750000000000300e-01 9.935000000000000497e-01 9.927249999999999686e-01 9.931250000000000355e-01 9.933499999999999552e-01 9.926000000000000378e-01 9.929249999999999465e-01 9.930124999999999647e-01 9.926374999999999504e-01 9.932374999999999954e-01 9.925874999999999559e-01
9.943499999999999561e-01 9.945125000000000215e-01 9.943125000000000435e-01 9.944250000000000034e-01 9.944374999999999742e-01 9.941499999999999782e-01 9.941875000000000018e-01 9.943374999999999853e-01 9.943750000000000089e-01 9.941875000000000018e-01 9.942874999999999908e-01 9.938749999999999529e-01 9.939375000000000293e-01 9.940999999999999837e-01 9.937249999999999694e-01 9.939124999999999766e-01 9.941375000000000073e-01 9.937124999999999986e-01 9.940499999999999892e-01 9.937500000000000222e-01
9.950375000000000192e-01 9.953750000000000098e-01 9.951124999999999554e-01 9.952250000000000263e-01 9.952750000000000208e-01 9.949500000000000011e-01 9.950124999999999664e-01 9.952874999999999917e-01 9.953125000000000444e-01 9.950124999999999664e-01 9.953499999999999570e-01 9.948000000000000176e-01 9.946249999999999813e-01 9.950124999999999664e-01 9.944874999999999687e-01 9.948375000000000412e-01 9.949249999999999483e-01 9.946625000000000050e-01 9.949500000000000011e-01 9.947124999999999995e-01
9.957875000000000476e-01 9.960875000000000146e-01 9.958375000000000421e-01 9.958875000000000366e-01 9.959875000000000256e-01 9.956249999999999822e-01 9.958875000000000366e-01 9.959375000000000311e-01 9.959000000000000075e-01 9.958249999999999602e-01 9.960499999999999909e-01 9.955749999999999877e-01 9.954374999999999751e-01 9.958249999999999602e-01 9.952125000000000554e-01 9.954874999999999696e-01 9.955125000000000224e-01 9.952625000000000499e-01 9.957125000000000004e-01 9.953625000000000389e-01
9.964374999999999760e-01 9.966249999999999831e-01 9.964374999999999760e-01 9.966125000000000123e-01 9.966749999999999776e-01 9.963499999999999579e-01 9.965874999999999595e-01 9.965500000000000469e-01 9.964499999999999469e-01 9.964125000000000343e-01 9.968249999999999611e-01 9.961875000000000036e-01 9.959124999999999783e-01 9.964374999999999760e-01 9.958500000000000130e-01 9.961999999999999744e-01 9.962124999999999453e-01 9.960499999999999909e-01 9.965125000000000233e-01 9.960750000000000437e-01
9.972124999999999462e-01 9.971750000000000336e-01 9.969500000000000028e-01 9.970999999999999863e-01 9.972625000000000517e-01 9.969999999999999973e-01 9.970999999999999863e-01 9.970499999999999918e-01 9.970250000000000501e-01 9.968375000000000430e-01 9.973250000000000171e-01 9.967500000000000249e-01 9.965374999999999650e-01 9.969500000000000028e-01 9.965500000000000469e-01 9.966125000000000123e-01 9.968375000000000430e-01 9.967500000000000249e-01 9.969124999999999792e-01 9.966125000000000123e-01
9.976374999999999549e-01 9.977125000000000021e-01 9.976249999999999840e-01 9.976374999999999549e-01 9.975874999999999604e-01 9.974374999999999769e-01 9.975874999999999604e-01 9.976000000000000423e-01 9.974750000000000005e-01 9.974125000000000352e-01 9.978249999999999620e-01 9.973999999999999533e-01 9.970499999999999918e-01 9.975374999999999659e-01 9.971750000000000336e-01 9.970499999999999918e-01 9.973750000000000115e-01 9.971499999999999808e-01 9.972999999999999643e-01 9.971124999999999572e-01
9.979500000000000037e-01 9.980375000000000218e-01 9.980124999999999691e-01 9.979999999999999982e-01 9.979124999999999801e-01 9.978375000000000439e-01 9.980124999999999691e-01 9.980124999999999691e-01 9.978249999999999620e-01 9.978624999999999856e-01 9.981875000000000053e-01 9.977875000000000494e-01 9.975125000000000242e-01 9.979749999999999455e-01 9.976374999999999549e-01 9.974874999999999714e-01 9.978375000000000439e-01 9.975625000000000187e-01 9.977500000000000258e-01 9.975249999999999950e-01
9.983125000000000471e-01 9.983499999999999597e-01 9.982750000000000234e-01 9.984125000000000361e-01 9.982625000000000526e-01 9.981875000000000053e-01 9.984874999999999723e-01 9.982750000000000234e-01 9.982750000000000234e-01 9.982124999999999471e-01 9.984499999999999487e-01 9.981124999999999581e-01 9.979624999999999746e-01 9.982999999999999652e-01 9.979624999999999746e-01 9.979124999999999801e-01 9.982999999999999652e-01 9.979000000000000092e-01 9.980875000000000163e-01 9.978624999999999856e-01
9.985500000000000487e-01 9.986374999999999558e-01 9.985625000000000195e-01 9.987374999999999448e-01 9.985374999999999668e-01 9.985125000000000250e-01 9.986125000000000140e-01 9.985500000000000487e-01 9.985374999999999668e-01 9.984499999999999487e-01 9.986874999999999503e-01 9.984125000000000361e-01 9.983125000000000471e-01 9.984874999999999723e-01 9.983874999999999833e-01 9.982124999999999471e-01 9.985625000000000195e-01 9.982499999999999707e-01 9.983750000000000124e-01 9.981124999999999581e-01
9.988500000000000156e-01 9.989249999999999519e-01 9.988375000000000448e-01 9.989124999999999810e-01 9.988500000000000156e-01 9.987875000000000503e-01 9.988000000000000211e-01 9.988000000000000211e-01 9.987875000000000503e-01 9.986749999999999794e-01 9.989375000000000338e-01 9.987125000000000030e-01 9.985874999999999613e-01 9.987374999999999448e-01 9.987125000000000030e-01 9.984625000000000306e-01 9.987125000000000030e-01 9.985000000000000542e-01 9.985374999999999668e-01 9.984499999999999487e-01
9.990499999999999936e-01 9.992874999999999952e-01 9.990250000000000519e-01 9.991375000000000117e-01 9.989999999999999991e-01 9.989000000000000101e-01 9.990624999999999645e-01 9.990624999999999645e-01 9.989124999999999810e-01 9.988749999999999574e-01 9.991375000000000117e-01 9.990375000000000227e-01 9.989124999999999810e-01 9.990624999999999645e-01 9.989124999999999810e-01 9.987374999999999448e-01 9.988124999999999920e-01 9.988000000000000211e-01 9.987749999999999684e-01 9.987249999999999739e-01
9.993499999999999606e-01 9.994125000000000369e-01 9.992124999999999480e-01 9.993250000000000188e-01 9.991999999999999771e-01 9.991250000000000409e-01 9.992250000000000298e-01 9.992625000000000535e-01 9.991124999999999590e-01 9.990624999999999645e-01 9.993499999999999606e-01 9.992375000000000007e-01 9.991124999999999590e-01 9.992375000000000007e-01 9.990875000000000172e-01 9.989999999999999991e-01 9.990750000000000464e-01 9.990124999999999700e-01 9.989875000000000282e-01 9.989624999999999755e-01
9.994625000000000314e-01 9.995374999999999677e-01 9.993374999999999897e-01 9.994750000000000023e-01 9.994499999999999496e-01 9.992124999999999480e-01 9.993499999999999606e-01 9.993874999999999842e-01 9.992625000000000535e-01 9.991750000000000353e-01 9.994625000000000314e-01 9.993125000000000480e-01 9.992375000000000007e-01 9.994374999999999787e-01 9.992874999999999952e-01 9.992375000000000007e-01 9.992375000000000007e-01 9.991875000000000062e-01 9.993374999999999897e-01 9.992250000000000298e-01
9.996000000000000441e-01 9.996374999999999567e-01 9.994499999999999496e-01 9.996249999999999858e-01 9.995374999999999677e-01 9.993999999999999551e-01 9.995125000000000259e-01 9.995249999999999968e-01 9.994374999999999787e-01 9.992874999999999952e-01 9.996000000000000441e-01 9.994125000000000369e-01 9.993625000000000425e-01 9.994874999999999732e-01 9.993999999999999551e-01 9.993625000000000425e-01 9.993999999999999551e-01 9.993499999999999606e-01 9.994250000000000078e-01 9.994374999999999787e-01
9.997249999999999748e-01 9.997125000000000039e-01 9.995374999999999677e-01 9.997125000000000039e-01 9.996374999999999567e-01 9.995749999999999913e-01 9.996625000000000094e-01 9.996749999999999803e-01 9.995374999999999677e-01 9.993750000000000133e-01 9.997000000000000330e-01 9.995249999999999968e-01 9.995500000000000496e-01 9.995749999999999913e-01 9.995249999999999968e-01 9.995500000000000496e-01 9.995125000000000259e-01 9.995249999999999968e-01 9.995874999999999622e-01 9.995500000000000496e-01
9.997374999999999456e-01 9.997624999999999984e-01 9.995749999999999913e-01 9.997500000000000275e-01 9.996749999999999803e-01 9.996500000000000385e-01 9.997000000000000330e-01 9.997500000000000275e-01 9.996125000000000149e-01 9.994499999999999496e-01 9.997624999999999984e-01 9.996000000000000441e-01 9.995749999999999913e-01 9.996374999999999567e-01 9.996125000000000149e-01 9.995874999999999622e-01 9.995749999999999913e-01 9.996249999999999858e-01 9.996374999999999567e-01 9.996249999999999858e-01
9.998375000000000457e-01 9.998000000000000220e-01 9.997000000000000330e-01 9.998375000000000457e-01 9.997875000000000512e-01 9.997749999999999693e-01 9.997500000000000275e-01 9.998500000000000165e-01 9.997125000000000039e-01 9.996749999999999803e-01 9.998749999999999583e-01 9.997500000000000275e-01 9.996500000000000385e-01 9.997624999999999984e-01 9.997624999999999984e-01 9.996874999999999512e-01 9.996749999999999803e-01 9.997374999999999456e-01 9.998500000000000165e-01 9.997875000000000512e-01
9.998500000000000165e-01 9.998000000000000220e-01 9.997249999999999748e-01 9.998500000000000165e-01 9.998124999999999929e-01 9.997749999999999693e-01 9.997624999999999984e-01 9.998624999999999874e-01 9.997374999999999456e-01 9.997125000000000039e-01 9.998749999999999583e-01 9.997749999999999693e-01 9.996749999999999803e-01 9.998000000000000220e-01 9.998124999999999929e-01 9.997249999999999748e-01 9.997125000000000039e-01 9.997500000000000275e-01 9.998749999999999583e-01 9.998000000000000220e-01
9.999249999999999527e-01 9.998624999999999874e-01 9.998249999999999638e-01 9.999249999999999527e-01 9.999000000000000110e-01 9.998749999999999583e-01 9.998249999999999638e-01 9.998875000000000401e-01 9.998624999999999874e-01 9.998749999999999583e-01 9.999249999999999527e-01 9.998749999999999583e-01 9.998624999999999874e-01 9.998875000000000401e-01 9.998749999999999583e-01 9.998500000000000165e-01 9.998249999999999638e-01 9.998249999999999638e-01 9.999375000000000346e-01 9.998875000000000401e-01
9.999375000000000346e-01 9.999000000000000110e-01 9.998375000000000457e-01 9.999249999999999527e-01 9.999000000000000110e-01 9.998875000000000401e-01 9.998500000000000165e-01 9.999124999999999819e-01 9.998875000000000401e-01 9.998749999999999583e-01 9.999249999999999527e-01 9.999249999999999527e-01 9.999000000000000110e-01 9.999375000000000346e-01 9.998875000000000401e-01 9.999249999999999527e-01 9.998749999999999583e-01 9.998624999999999874e-01 9.999500000000000055e-01 9.999124999999999819e-01
9.999375000000000346e-01 9.999124999999999819e-01 9.998500000000000165e-01 9.999249999999999527e-01 9.999000000000000110e-01 9.999124999999999819e-01 9.998624999999999874e-01 9.999124999999999819e-01 9.998875000000000401e-01 9.998749999999999583e-01 9.999249999999999527e-01 9.999249999999999527e-01 9.999000000000000110e-01 9.999500000000000055e-01 9.998875000000000401e-01 9.999249999999999527e-01 9.998875000000000401e-01 9.998624999999999874e-01 9.999500000000000055e-01 9.999124999999999819e-01
9.999375000000000346e-01 9.999124999999999819e-01 9.998500000000000165e-01 9.999249999999999527e-01 9.999000000000000110e-01 9.999124999999999819e-01 9.998624999999999874e-01 9.999124999999999819e-01 9.998875000000000401e-01 9.998749999999999583e-01 9.999249999999999527e-01 9.999249999999999527e-01 9.999000000000000110e-01 9.999500000000000055e-01 9.999000000000000110e-01 9.999249999999999527e-01 9.998875000000000401e-01 9.998624999999999874e-01 9.999500000000000055e-01 9.999124999999999819e-01
1.000000000000000000e+00 1.000000000000000000e+00 1.000000000000000000e+00 1.000000000000000000e+00 1.000000000000000000e+00 9.999875000000000291e-01 1.000000000000000000e+00 9.999875000000000291e-01 9.999875000000000291e-01 9.999875000000000291e-01 1.000000000000000000e+00 9.999875000000000291e-01 9.999875000000000291e-01 1.000000000000000000e+00 1.000000000000000000e+00 1.000000000000000000e+00 1.000000000000000000e+00 9.999749999999999472e-01 1.000000000000000000e+00 9.999875000000000291e-01
1.000000000000000000e+00 1.000000000000000000e+00 1.000000000000000000e+00 1.000000000000000000e+00 1.000000000000000000e+00 1.000000000000000000e+00 1.000000000000000000e+00 1.000000000000000000e+00 1.000000000000000000e+00 1.000000000000000000e+00 1.000000000000000000e+00 1.000000000000000000e+00 1.000000000000000000e+00 1.000000000000000000e+00 1.000000000000000000e+00 1.000000000000000000e+00 1.000000000000000000e+00 1.000000000000000000e+00 1.000000000000000000e+00 1.000000000000000000e+00
