7.016621270781815602e-04 7.365134246351720234e-04 7.730957732130631400e-04 8.114951534738963201e-04 8.518018167072998912e-04 8.941104969509800849e-04 9.385206336471497036e-04 9.851366053582289936e-04 1.034067975091111430e-03 1.085429747806598713e-03 1.139342640719231579e-03 1.195933367022817455e-03 1.255334933708490610e-03 1.317686954175293886e-03 1.383135976368009192e-03 1.451835827213469876e-03 1.523947974164901846e-03 1.599641904704031696e-03 1.679095524692928235e-03 1.762495576511834573e-03
8.754374999999999796e-01 8.753999999999999559e-01 8.755125000000000268e-01 8.761999999999999789e-01 8.763874999999999860e-01 8.766249999999999876e-01 8.769375000000000364e-01 8.767875000000000529e-01 8.767749999999999710e-01 8.771875000000000089e-01 8.773874999999999869e-01 8.779749999999999499e-01 8.786249999999999893e-01 8.781624999999999570e-01 8.789000000000000146e-01 8.792250000000000343e-01 8.788624999999999909e-01 8.798624999999999918e-01 8.798749999999999627e-01 8.800750000000000517e-01
8.765249999999999986e-01 8.765125000000000277e-01 8.765749999999999931e-01 8.769875000000000309e-01 8.774499999999999522e-01 8.776125000000000176e-01 8.778624999999999901e-01 8.779500000000000082e-01 8.777875000000000538e-01 8.779500000000000082e-01 8.784125000000000405e-01 8.790875000000000217e-01 8.797249999999999792e-01 8.792624999999999469e-01 8.799875000000000336e-01 8.802375000000000060e-01 8.800000000000000044e-01 8.807500000000000329e-01 8.810750000000000526e-01 8.813125000000000542e-01
8.767500000000000293e-01 8.767374999999999474e-01 8.767875000000000529e-01 8.773125000000000506e-01 8.777625000000000011e-01 8.778875000000000428e-01 8.781124999999999625e-01 8.782999999999999696e-01 8.779875000000000318e-01 8.782499999999999751e-01 8.787125000000000075e-01 8.793625000000000469e-01 8.799749999999999517e-01 8.795625000000000249e-01 8.803250000000000242e-01 8.805749999999999966e-01 8.804250000000000131e-01 8.810875000000000234e-01 8.814250000000000140e-01 8.816500000000000448e-01
8.768000000000000238e-01 8.768375000000000474e-01 8.768875000000000419e-01 8.773625000000000451e-01 8.778749999999999609e-01 8.780124999999999735e-01 8.782750000000000279e-01 8.783999999999999586e-01 8.780750000000000499e-01 8.783874999999999877e-01 8.788249999999999673e-01 8.794625000000000359e-01 8.800750000000000517e-01 8.796749999999999847e-01 8.804374999999999840e-01 8.806500000000000439e-01 8.805749999999999966e-01 8.812124999999999542e-01 8.815125000000000322e-01 8.817625000000000046e-01
8.768000000000000238e-01 8.768500000000000183e-01 8.768875000000000419e-01 8.773750000000000160e-01 8.778749999999999609e-01 8.780250000000000554e-01 8.783250000000000224e-01 8.783999999999999586e-01 8.780875000000000208e-01 8.783999999999999586e-01 8.788875000000000437e-01 8.794750000000000068e-01 8.800750000000000517e-01 8.796874999999999556e-01 8.804499999999999549e-01 8.807125000000000092e-01 8.806000000000000494e-01 8.812375000000000069e-01 8.815499999999999448e-01 8.818249999999999700e-01
8.768000000000000238e-01 8.768500000000000183e-01 8.768875000000000419e-01 8.773874999999999869e-01 8.778749999999999609e-01 8.780250000000000554e-01 8.783250000000000224e-01 8.783999999999999586e-01 8.780875000000000208e-01 8.783999999999999586e-01 8.788875000000000437e-01 8.794750000000000068e-01 8.800750000000000517e-01 8.796874999999999556e-01 8.804499999999999549e-01 8.807125000000000092e-01 8.806125000000000203e-01 8.812375000000000069e-01 8.815625000000000266e-01 8.818375000000000519e-01
8.768000000000000238e-01 8.768500000000000183e-01 8.768875000000000419e-01 8.773874999999999869e-01 8.778749999999999609e-01 8.780250000000000554e-01 8.783374999999999932e-01 8.783999999999999586e-01 8.780875000000000208e-01 8.783999999999999586e-01 8.788875000000000437e-01 8.794750000000000068e-01 8.800750000000000517e-01 8.796874999999999556e-01 8.804499999999999549e-01 8.807125000000000092e-01 8.806125000000000203e-01 8.812375000000000069e-01 8.815625000000000266e-01 8.818375000000000519e-01
8.768000000000000238e-01 8.768500000000000183e-01 8.768875000000000419e-01 8.773874999999999869e-01 8.778749999999999609e-01 8.780250000000000554e-01 8.783374999999999932e-01 8.783999999999999586e-01 8.780875000000000208e-01 8.783999999999999586e-01 8.788875000000000437e-01 8.794750000000000068e-01 8.800750000000000517e-01 8.796874999999999556e-01 8.804499999999999549e-01 8.807125000000000092e-01 8.806125000000000203e-01 8.812375000000000069e-01 8.815625000000000266e-01 8.818375000000000519e-01
8.768000000000000238e-01 8.768500000000000183e-01 8.768875000000000419e-01 8.773874999999999869e-01 8.778749999999999609e-01 8.780250000000000554e-01 8.783374999999999932e-01 8.783999999999999586e-01 8.780875000000000208e-01 8.783999999999999586e-01 8.788875000000000437e-01 8.794750000000000068e-01 8.800750000000000517e-01 8.796874999999999556e-01 8.804499999999999549e-01 8.807125000000000092e-01 8.806125000000000203e-01 8.812375000000000069e-01 8.815625000000000266e-01 8.818375000000000519e-01
8.768000000000000238e-01 8.768500000000000183e-01 8.768875000000000419e-01 8.773874999999999869e-01 8.778749999999999609e-01 8.780250000000000554e-01 8.783374999999999932e-01 8.783999999999999586e-01 8.780875000000000208e-01 8.783999999999999586e-01 8.788875000000000437e-01 8.794750000000000068e-01 8.800750000000000517e-01 8.796874999999999556e-01 8.804499999999999549e-01 8.807125000000000092e-01 8.806125000000000203e-01 8.812375000000000069e-01 8.815625000000000266e-01 8.818375000000000519e-01
8.768000000000000238e-01 8.768500000000000183e-01 8.768875000000000419e-01 8.773874999999999869e-01 8.778749999999999609e-01 8.780250000000000554e-01 8.783374999999999932e-01 8.783999999999999586e-01 8.780875000000000208e-01 8.783999999999999586e-01 8.788875000000000437e-01 8.794750000000000068e-01 8.800750000000000517e-01 8.796874999999999556e-01 8.804499999999999549e-01 8.807125000000000092e-01 8.806125000000000203e-01 8.812375000000000069e-01 8.815625000000000266e-01 8.818375000000000519e-01
8.768000000000000238e-01 8.768500000000000183e-01 8.768875000000000419e-01 8.773874999999999869e-01 8.778749999999999609e-01 8.780250000000000554e-01 8.783374999999999932e-01 8.783999999999999586e-01 8.780875000000000208e-01 8.783999999999999586e-01 8.788875000000000437e-01 8.794750000000000068e-01 8.800750000000000517e-01 8.796874999999999556e-01 8.804499999999999549e-01 8.807125000000000092e-01 8.806125000000000203e-01 8.812375000000000069e-01 8.815625000000000266e-01 8.818375000000000519e-01
8.768000000000000238e-01 8.768500000000000183e-01 8.768875000000000419e-01 8.773874999999999869e-01 8.778749999999999609e-01 8.780250000000000554e-01 8.783374999999999932e-01 8.783999999999999586e-01 8.780875000000000208e-01 8.783999999999999586e-01 8.788875000000000437e-01 8.794750000000000068e-01 8.800750000000000517e-01 8.796874999999999556e-01 8.804499999999999549e-01 8.807125000000000092e-01 8.806125000000000203e-01 8.812375000000000069e-01 8.815625000000000266e-01 8.818375000000000519e-01
8.768000000000000238e-01 8.768500000000000183e-01 8.768875000000000419e-01 8.773874999999999869e-01 8.778749999999999609e-01 8.780250000000000554e-01 8.783374999999999932e-01 8.783999999999999586e-01 8.780875000000000208e-01 8.783999999999999586e-01 8.788875000000000437e-01 8.794750000000000068e-01 8.800750000000000517e-01 8.796874999999999556e-01 8.804499999999999549e-01 8.807125000000000092e-01 8.806125000000000203e-01 8.812375000000000069e-01 8.815625000000000266e-01 8.818375000000000519e-01
8.768000000000000238e-01 8.768500000000000183e-01 8.768875000000000419e-01 8.773874999999999869e-01 8.778749999999999609e-01 8.780250000000000554e-01 8.783374999999999932e-01 8.783999999999999586e-01 8.780875000000000208e-01 8.783999999999999586e-01 8.788875000000000437e-01 8.794750000000000068e-01 8.800750000000000517e-01 8.796874999999999556e-01 8.804499999999999549e-01 8.807125000000000092e-01 8.806125000000000203e-01 8.812375000000000069e-01 8.815625000000000266e-01 8.818375000000000519e-01
8.768000000000000238e-01 8.768500000000000183e-01 8.768875000000000419e-01 8.773874999999999869e-01 8.778749999999999609e-01 8.780250000000000554e-01 8.783374999999999932e-01 8.783999999999999586e-01 8.780875000000000208e-01 8.783999999999999586e-01 8.788875000000000437e-01 8.794750000000000068e-01 8.800750000000000517e-01 8.796874999999999556e-01 8.804499999999999549e-01 8.807125000000000092e-01 8.806125000000000203e-01 8.812375000000000069e-01 8.815625000000000266e-01 8.818375000000000519e-01
8.768124999999999947e-01 8.768500000000000183e-01 8.768875000000000419e-01 8.773874999999999869e-01 8.778749999999999609e-01 8.780250000000000554e-01 8.783374999999999932e-01 8.783999999999999586e-01 8.780875000000000208e-01 8.783999999999999586e-01 8.788875000000000437e-01 8.794750000000000068e-01 8.800750000000000517e-01 8.796874999999999556e-01 8.804499999999999549e-01 8.807125000000000092e-01 8.806125000000000203e-01 8.812375000000000069e-01 8.815625000000000266e-01 8.818375000000000519e-01
8.768124999999999947e-01 8.768500000000000183e-01 8.768875000000000419e-01 8.773874999999999869e-01 8.778749999999999609e-01 8.780250000000000554e-01 8.783499999999999641e-01 8.783999999999999586e-01 8.780875000000000208e-01 8.783999999999999586e-01 8.788875000000000437e-01 8.794750000000000068e-01 8.800750000000000517e-01 8.796874999999999556e-01 8.804499999999999549e-01 8.807125000000000092e-01 8.806125000000000203e-01 8.812375000000000069e-01 8.815625000000000266e-01 8.818375000000000519e-01
8.768124999999999947e-01 8.768500000000000183e-01 8.768875000000000419e-01 8.773874999999999869e-01 8.778749999999999609e-01 8.780250000000000554e-01 8.783499999999999641e-01 8.783999999999999586e-01 8.780875000000000208e-01 8.783999999999999586e-01 8.788875000000000437e-01 8.794750000000000068e-01 8.800750000000000517e-01 8.796874999999999556e-01 8.804499999999999549e-01 8.807125000000000092e-01 8.806125000000000203e-01 8.812375000000000069e-01 8.815625000000000266e-01 8.818375000000000519e-01
8.768249999999999655e-01 8.768624999999999892e-01 8.768875000000000419e-01 8.773874999999999869e-01 8.778749999999999609e-01 8.780250000000000554e-01 8.783499999999999641e-01 8.783999999999999586e-01 8.780875000000000208e-01 8.784125000000000405e-01 8.788875000000000437e-01 8.794750000000000068e-01 8.800875000000000226e-01 8.796874999999999556e-01 8.804499999999999549e-01 8.807125000000000092e-01 8.806125000000000203e-01 8.812375000000000069e-01 8.815625000000000266e-01 8.818375000000000519e-01
8.768249999999999655e-01 8.768624999999999892e-01 8.768875000000000419e-01 8.773999999999999577e-01 8.778749999999999609e-01 8.780250000000000554e-01 8.783499999999999641e-01 8.783999999999999586e-01 8.780875000000000208e-01 8.784125000000000405e-01 8.788875000000000437e-01 8.794874999999999776e-01 8.800875000000000226e-01 8.796874999999999556e-01 8.804499999999999549e-01 8.807125000000000092e-01 8.806125000000000203e-01 8.812375000000000069e-01 8.815625000000000266e-01 8.818375000000000519e-01
8.768249999999999655e-01 8.768749999999999600e-01 8.769000000000000128e-01 8.773999999999999577e-01 8.778749999999999609e-01 8.780250000000000554e-01 8.783625000000000460e-01 8.783999999999999586e-01 8.780875000000000208e-01 8.784125000000000405e-01 8.788875000000000437e-01 8.794874999999999776e-01 8.800875000000000226e-01 8.796874999999999556e-01 8.804499999999999549e-01 8.807125000000000092e-01 8.806125000000000203e-01 8.812375000000000069e-01 8.815625000000000266e-01 8.818375000000000519e-01
8.768375000000000474e-01 8.768875000000000419e-01 8.769124999999999837e-01 8.773999999999999577e-01 8.778875000000000428e-01 8.780375000000000263e-01 8.783625000000000460e-01 8.783999999999999586e-01 8.780875000000000208e-01 8.784125000000000405e-01 8.788875000000000437e-01 8.794874999999999776e-01 8.800875000000000226e-01 8.796874999999999556e-01 8.804499999999999549e-01 8.807125000000000092e-01 8.806125000000000203e-01 8.812375000000000069e-01 8.815625000000000266e-01 8.818375000000000519e-01
8.768624999999999892e-01 8.769249999999999545e-01 8.769249999999999545e-01 8.774250000000000105e-01 8.779000000000000137e-01 8.780375000000000263e-01 8.783625000000000460e-01 8.783999999999999586e-01 8.780875000000000208e-01 8.784125000000000405e-01 8.788875000000000437e-01 8.794874999999999776e-01 8.800875000000000226e-01 8.796874999999999556e-01 8.804499999999999549e-01 8.807125000000000092e-01 8.806125000000000203e-01 8.812375000000000069e-01 8.815625000000000266e-01 8.818375000000000519e-01
8.769000000000000128e-01 8.769500000000000073e-01 8.769249999999999545e-01 8.774374999999999813e-01 8.779124999999999845e-01 8.780375000000000263e-01 8.783750000000000169e-01 8.784125000000000405e-01 8.780999999999999917e-01 8.784250000000000114e-01 8.789249999999999563e-01 8.794874999999999776e-01 8.800875000000000226e-01 8.796874999999999556e-01 8.804499999999999549e-01 8.807125000000000092e-01 8.806125000000000203e-01 8.812499999999999778e-01 8.815625000000000266e-01 8.818375000000000519e-01
8.769375000000000364e-01 8.769749999999999490e-01 8.769375000000000364e-01 8.774499999999999522e-01 8.779124999999999845e-01 8.780624999999999680e-01 8.783999999999999586e-01 8.784250000000000114e-01 8.781124999999999625e-01 8.784499999999999531e-01 8.789249999999999563e-01 8.794874999999999776e-01 8.800875000000000226e-01 8.796874999999999556e-01 8.804499999999999549e-01 8.807125000000000092e-01 8.806125000000000203e-01 8.812499999999999778e-01 8.815625000000000266e-01 8.818375000000000519e-01
8.770250000000000545e-01 8.769875000000000309e-01 8.769500000000000073e-01 8.774625000000000341e-01 8.779375000000000373e-01 8.780750000000000499e-01 8.784250000000000114e-01 8.784499999999999531e-01 8.781250000000000444e-01 8.784625000000000350e-01 8.789249999999999563e-01 8.794999999999999485e-01 8.800875000000000226e-01 8.796874999999999556e-01 8.804499999999999549e-01 8.807125000000000092e-01 8.806125000000000203e-01 8.812499999999999778e-01 8.815625000000000266e-01 8.818375000000000519e-01
8.770499999999999963e-01 8.770124999999999726e-01 8.770375000000000254e-01 8.775249999999999995e-01 8.780000000000000027e-01 8.781124999999999625e-01 8.784499999999999531e-01 8.784625000000000350e-01 8.781375000000000153e-01 8.784625000000000350e-01 8.789500000000000091e-01 8.794999999999999485e-01 8.800875000000000226e-01 8.797125000000000083e-01 8.804625000000000368e-01 8.807249999999999801e-01 8.806249999999999911e-01 8.812624999999999487e-01 8.815625000000000266e-01 8.818375000000000519e-01
8.771124999999999616e-01 8.771250000000000435e-01 8.770875000000000199e-01 8.775625000000000231e-01 8.780624999999999680e-01 8.781499999999999861e-01 8.785125000000000295e-01 8.784750000000000059e-01 8.781624999999999570e-01 8.785125000000000295e-01 8.789749999999999508e-01 8.795125000000000304e-01 8.800999999999999934e-01 8.797500000000000320e-01 8.804625000000000368e-01 8.807249999999999801e-01 8.806374999999999620e-01 8.812624999999999487e-01 8.815625000000000266e-01 8.818500000000000227e-01
8.771499999999999853e-01 8.771750000000000380e-01 8.772124999999999506e-01 8.776625000000000121e-01 8.781250000000000444e-01 8.781750000000000389e-01 8.785625000000000240e-01 8.784874999999999767e-01 8.782124999999999515e-01 8.785374999999999712e-01 8.790499999999999980e-01 8.795625000000000249e-01 8.801375000000000171e-01 8.797625000000000028e-01 8.804625000000000368e-01 8.807625000000000037e-01 8.806374999999999620e-01 8.812624999999999487e-01 8.815625000000000266e-01 8.818500000000000227e-01
8.771999999999999797e-01 8.772750000000000270e-01 8.772499999999999742e-01 8.777500000000000302e-01 8.781499999999999861e-01 8.782375000000000043e-01 8.786125000000000185e-01 8.785500000000000531e-01 8.782999999999999696e-01 8.785874999999999657e-01 8.791124999999999634e-01 8.795625000000000249e-01 8.801750000000000407e-01 8.797874999999999446e-01 8.804750000000000076e-01 8.807625000000000037e-01 8.806625000000000147e-01 8.812875000000000014e-01 8.815749999999999975e-01 8.818500000000000227e-01
8.773625000000000451e-01 8.773874999999999869e-01 8.773625000000000451e-01 8.778624999999999901e-01 8.781999999999999806e-01 8.783750000000000169e-01 8.786749999999999838e-01 8.786249999999999893e-01 8.783874999999999877e-01 8.786625000000000130e-01 8.791875000000000107e-01 8.796125000000000194e-01 8.802499999999999769e-01 8.798000000000000265e-01 8.804750000000000076e-01 8.808000000000000274e-01 8.807374999999999510e-01 8.812999999999999723e-01 8.815749999999999975e-01 8.818624999999999936e-01
8.774625000000000341e-01 8.774999999999999467e-01 8.774874999999999758e-01 8.779749999999999499e-01 8.783250000000000224e-01 8.784625000000000350e-01 8.787625000000000020e-01 8.786874999999999547e-01 8.785250000000000004e-01 8.787749999999999728e-01 8.792874999999999996e-01 8.797125000000000083e-01 8.802875000000000005e-01 8.798375000000000501e-01 8.805374999999999730e-01 8.808124999999999982e-01 8.807625000000000037e-01 8.813125000000000542e-01 8.816000000000000503e-01 8.818749999999999645e-01
8.776249999999999885e-01 8.777125000000000066e-01 8.775874999999999648e-01 8.780750000000000499e-01 8.784750000000000059e-01 8.786000000000000476e-01 8.788249999999999673e-01 8.787625000000000020e-01 8.786125000000000185e-01 8.788875000000000437e-01 8.793625000000000469e-01 8.798500000000000210e-01 8.803625000000000478e-01 8.799875000000000336e-01 8.806125000000000203e-01 8.808749999999999636e-01 8.808249999999999691e-01 8.813374999999999959e-01 8.816374999999999629e-01 8.818749999999999645e-01
8.777500000000000302e-01 8.778875000000000428e-01 8.777749999999999719e-01 8.782624999999999460e-01 8.785749999999999948e-01 8.787625000000000020e-01 8.789124999999999854e-01 8.788875000000000437e-01 8.787749999999999728e-01 8.790375000000000272e-01 8.794874999999999776e-01 8.799500000000000099e-01 8.804874999999999785e-01 8.800249999999999462e-01 8.806374999999999620e-01 8.809375000000000400e-01 8.809000000000000163e-01 8.814250000000000140e-01 8.816749999999999865e-01 8.819000000000000172e-01
8.780124999999999735e-01 8.780875000000000208e-01 8.779624999999999790e-01 8.784750000000000059e-01 8.787374999999999492e-01 8.789249999999999563e-01 8.790875000000000217e-01 8.790375000000000272e-01 8.789124999999999854e-01 8.792375000000000052e-01 8.796125000000000194e-01 8.800624999999999698e-01 8.806249999999999911e-01 8.801499999999999879e-01 8.807500000000000329e-01 8.811375000000000179e-01 8.810124999999999762e-01 8.814625000000000377e-01 8.817000000000000393e-01 8.820000000000000062e-01
8.782874999999999988e-01 8.782250000000000334e-01 8.782499999999999751e-01 8.787374999999999492e-01 8.789875000000000327e-01 8.791750000000000398e-01 8.793625000000000469e-01 8.792750000000000288e-01 8.791375000000000162e-01 8.794125000000000414e-01 8.798124999999999973e-01 8.801750000000000407e-01 8.807249999999999801e-01 8.803625000000000478e-01 8.809249999999999581e-01 8.812624999999999487e-01 8.810999999999999943e-01 8.816125000000000211e-01 8.818749999999999645e-01 8.820875000000000243e-01
8.785749999999999948e-01 8.784999999999999476e-01 8.784999999999999476e-01 8.790000000000000036e-01 8.792750000000000288e-01 8.793750000000000178e-01 8.796000000000000485e-01 8.795749999999999957e-01 8.794125000000000414e-01 8.797500000000000320e-01 8.800000000000000044e-01 8.803874999999999895e-01 8.809000000000000163e-01 8.805374999999999730e-01 8.810875000000000234e-01 8.814499999999999558e-01 8.812875000000000014e-01 8.818000000000000282e-01 8.819875000000000353e-01 8.821750000000000425e-01
8.788624999999999909e-01 8.788124999999999964e-01 8.788749999999999618e-01 8.792624999999999469e-01 8.795374999999999721e-01 8.795874999999999666e-01 8.798500000000000210e-01 8.799249999999999572e-01 8.797500000000000320e-01 8.800249999999999462e-01 8.803125000000000533e-01 8.805874999999999675e-01 8.811124999999999652e-01 8.807374999999999510e-01 8.813499999999999668e-01 8.816374999999999629e-01 8.814750000000000085e-01 8.820000000000000062e-01 8.822124999999999551e-01 8.823125000000000551e-01
8.792124999999999524e-01 8.792124999999999524e-01 8.791750000000000398e-01 8.796000000000000485e-01 8.799000000000000155e-01 8.799124999999999863e-01 8.802624999999999478e-01 8.803750000000000187e-01 8.800750000000000517e-01 8.802750000000000297e-01 8.806374999999999620e-01 8.808624999999999927e-01 8.813125000000000542e-01 8.810124999999999762e-01 8.815250000000000030e-01 8.818249999999999700e-01 8.817125000000000101e-01 8.822999999999999732e-01 8.824499999999999567e-01 8.825499999999999456e-01
8.797000000000000375e-01 8.798375000000000501e-01 8.795874999999999666e-01 8.800000000000000044e-01 8.803750000000000187e-01 8.802750000000000297e-01 8.806625000000000147e-01 8.806874999999999565e-01 8.805250000000000021e-01 8.807000000000000384e-01 8.810375000000000290e-01 8.812375000000000069e-01 8.816625000000000156e-01 8.813874999999999904e-01 8.817249999999999810e-01 8.820249999999999480e-01 8.820000000000000062e-01 8.826125000000000220e-01 8.827749999999999764e-01 8.828375000000000528e-01
8.804874999999999785e-01 8.803874999999999895e-01 8.801124999999999643e-01 8.806625000000000147e-01 8.807874999999999455e-01 8.806500000000000439e-01 8.810624999999999707e-01 8.811999999999999833e-01 8.809375000000000400e-01 8.810875000000000234e-01 8.816249999999999920e-01 8.817625000000000046e-01 8.820875000000000243e-01 8.817374999999999519e-01 8.821124999999999661e-01 8.824874999999999803e-01 8.823499999999999677e-01 8.829749999999999543e-01 8.830750000000000544e-01 8.831750000000000433e-01
8.811624999999999597e-01 8.812375000000000069e-01 8.807000000000000384e-01 8.813250000000000250e-01 8.813999999999999613e-01 8.812999999999999723e-01 8.816500000000000448e-01 8.817249999999999810e-01 8.816000000000000503e-01 8.817874999999999464e-01 8.821624999999999606e-01 8.824125000000000441e-01 8.827125000000000110e-01 8.823625000000000496e-01 8.825250000000000039e-01 8.829375000000000417e-01 8.828125000000000000e-01 8.834999999999999520e-01 8.835874999999999702e-01 8.836500000000000465e-01
8.820500000000000007e-01 8.821499999999999897e-01 8.815625000000000266e-01 8.821250000000000480e-01 8.821499999999999897e-01 8.820999999999999952e-01 8.825874999999999693e-01 8.824250000000000149e-01 8.822624999999999496e-01 8.825374999999999748e-01 8.828375000000000528e-01 8.832375000000000087e-01 8.834625000000000394e-01 8.831250000000000488e-01 8.831624999999999615e-01 8.836625000000000174e-01 8.834125000000000449e-01 8.840249999999999497e-01 8.840500000000000025e-01 8.840999999999999970e-01
8.830624999999999725e-01 8.831250000000000488e-01 8.826000000000000512e-01 8.833124999999999449e-01 8.831875000000000142e-01 8.831875000000000142e-01 8.836500000000000465e-01 8.834374999999999867e-01 8.833250000000000268e-01 8.835250000000000048e-01 8.840750000000000552e-01 8.842499999999999805e-01 8.842750000000000332e-01 8.839749999999999552e-01 8.840124999999999789e-01 8.844625000000000403e-01 8.842375000000000096e-01 8.846249999999999947e-01 8.847625000000000073e-01 8.847874999999999490e-01
8.843874999999999931e-01 8.846000000000000529e-01 8.839624999999999844e-01 8.846249999999999947e-01 8.843999999999999639e-01 8.845499999999999474e-01 8.849375000000000435e-01 8.844750000000000112e-01 8.847125000000000128e-01 8.846874999999999600e-01 8.852375000000000105e-01 8.852124999999999577e-01 8.854625000000000412e-01 8.851375000000000215e-01 8.852375000000000105e-01 8.854250000000000176e-01 8.853874999999999940e-01 8.854625000000000412e-01 8.857249999999999845e-01 8.858249999999999735e-01
8.865250000000000075e-01 8.862750000000000350e-01 8.858749999999999680e-01 8.863750000000000240e-01 8.863499999999999712e-01 8.861499999999999932e-01 8.865625000000000311e-01 8.861624999999999641e-01 8.861999999999999877e-01 8.865374999999999783e-01 8.870249999999999524e-01 8.868374999999999453e-01 8.869000000000000217e-01 8.864750000000000130e-01 8.864125000000000476e-01 8.865625000000000311e-01 8.864125000000000476e-01 8.865374999999999783e-01 8.867874999999999508e-01 8.869500000000000162e-01
8.890500000000000069e-01 8.886749999999999927e-01 8.881250000000000533e-01 8.887625000000000108e-01 8.886749999999999927e-01 8.880000000000000115e-01 8.884250000000000203e-01 8.885125000000000384e-01 8.881624999999999659e-01 8.888374999999999471e-01 8.890500000000000069e-01 8.891375000000000250e-01 8.889875000000000416e-01 8.884999999999999565e-01 8.883250000000000313e-01 8.882875000000000076e-01 8.880000000000000115e-01 8.879249999999999643e-01 8.886374999999999691e-01 8.888000000000000345e-01
8.918875000000000552e-01 8.918000000000000371e-01 8.910000000000000142e-01 8.917000000000000481e-01 8.916625000000000245e-01 8.910000000000000142e-01 8.910249999999999559e-01 8.909375000000000488e-01 8.907125000000000181e-01 8.914999999999999591e-01 8.918875000000000552e-01 8.919000000000000261e-01 8.913999999999999702e-01 8.910875000000000323e-01 8.903499999999999748e-01 8.905499999999999527e-01 8.905874999999999764e-01 8.902999999999999803e-01 8.910124999999999851e-01 8.912875000000000103e-01
8.956625000000000281e-01 8.957000000000000517e-01 8.948249999999999815e-01 8.955125000000000446e-01 8.951875000000000249e-01 8.942250000000000476e-01 8.944750000000000201e-01 8.942499999999999893e-01 8.941500000000000004e-01 8.947749999999999870e-01 8.951375000000000304e-01 8.950500000000000123e-01 8.945625000000000382e-01 8.940624999999999822e-01 8.934750000000000192e-01 8.934499999999999664e-01 8.934625000000000483e-01 8.930249999999999577e-01 8.937749999999999861e-01 8.940875000000000350e-01
9.001000000000000112e-01 9.003999999999999782e-01 8.993750000000000355e-01 9.004625000000000545e-01 8.995499999999999607e-01 8.987625000000000197e-01 8.986499999999999488e-01 8.982250000000000512e-01 8.982999999999999874e-01 8.990749999999999575e-01 8.991749999999999465e-01 8.988374999999999559e-01 8.979500000000000259e-01 8.974374999999999991e-01 8.968249999999999833e-01 8.971249999999999503e-01 8.966874999999999707e-01 8.965499999999999581e-01 8.968874999999999487e-01 8.972750000000000448e-01
9.055625000000000480e-01 9.057125000000000314e-01 9.047125000000000306e-01 9.056874999999999787e-01 9.046499999999999542e-01 9.039500000000000313e-01 9.036125000000000407e-01 9.030000000000000249e-01 9.033499999999999863e-01 9.038000000000000478e-01 9.038000000000000478e-01 9.035125000000000517e-01 9.022250000000000547e-01 9.016750000000000043e-01 9.007749999999999924e-01 9.012875000000000192e-01 9.008500000000000396e-01 9.005125000000000490e-01 9.010124999999999940e-01 9.016499999999999515e-01
9.115750000000000242e-01 9.115375000000000005e-01 9.107499999999999485e-01 9.115874999999999950e-01 9.102624999999999744e-01 9.097625000000000295e-01 9.091875000000000373e-01 9.086999999999999522e-01 9.089874999999999483e-01 9.091749999999999554e-01 9.094750000000000334e-01 9.086499999999999577e-01 9.074499999999999789e-01 9.071624999999999828e-01 9.059249999999999803e-01 9.062500000000000000e-01 9.062249999999999472e-01 9.052999999999999936e-01 9.058749999999999858e-01 9.062000000000000055e-01
9.178250000000000020e-01 9.176874999999999893e-01 9.169749999999999845e-01 9.176625000000000476e-01 9.166750000000000176e-01 9.162000000000000144e-01 9.154375000000000151e-01 9.149500000000000410e-01 9.149000000000000465e-01 9.151375000000000481e-01 9.152375000000000371e-01 9.144499999999999851e-01 9.130125000000000046e-01 9.128500000000000503e-01 9.118625000000000203e-01 9.120249999999999746e-01 9.118374999999999675e-01 9.106999999999999540e-01 9.115375000000000005e-01 9.116750000000000131e-01
9.242000000000000215e-01 9.239500000000000490e-01 9.231249999999999734e-01 9.238874999999999726e-01 9.230125000000000135e-01 9.220000000000000417e-01 9.213999999999999968e-01 9.210625000000000062e-01 9.215499999999999803e-01 9.212375000000000425e-01 9.217499999999999583e-01 9.204499999999999904e-01 9.193624999999999714e-01 9.186625000000000485e-01 9.181000000000000272e-01 9.182749999999999524e-01 9.179625000000000146e-01 9.171000000000000263e-01 9.177874999999999783e-01 9.179749999999999854e-01
9.298499999999999543e-01 9.303000000000000158e-01 9.293500000000000094e-01 9.296124999999999527e-01 9.292000000000000259e-01 9.280125000000000179e-01 9.276375000000000037e-01 9.272375000000000478e-01 9.276375000000000037e-01 9.274250000000000549e-01 9.279500000000000526e-01 9.266999999999999682e-01 9.256250000000000311e-01 9.246999999999999664e-01 9.245499999999999829e-01 9.248625000000000318e-01 9.241624999999999979e-01 9.235250000000000403e-01 9.237374999999999892e-01 9.243749999999999467e-01
9.356250000000000400e-01 9.361125000000000140e-01 9.353249999999999620e-01 9.353500000000000147e-01 9.349874999999999714e-01 9.335624999999999618e-01 9.334999999999999964e-01 9.334124999999999783e-01 9.336624999999999508e-01 9.333000000000000185e-01 9.339874999999999705e-01 9.325124999999999664e-01 9.319250000000000034e-01 9.309749999999999970e-01 9.305875000000000119e-01 9.311125000000000096e-01 9.301874999999999449e-01 9.296375000000000055e-01 9.300625000000000142e-01 9.305999999999999828e-01
9.414124999999999854e-01 9.416250000000000453e-01 9.409250000000000114e-01 9.410749999999999948e-01 9.404624999999999790e-01 9.392625000000000002e-01 9.391000000000000458e-01 9.391125000000000167e-01 9.391874999999999529e-01 9.392249999999999766e-01 9.395750000000000490e-01 9.384500000000000064e-01 9.371874999999999512e-01 9.372500000000000275e-01 9.364624999999999755e-01 9.368874999999999842e-01 9.364749999999999464e-01 9.354249999999999510e-01 9.363000000000000211e-01 9.365750000000000464e-01
9.468874999999999931e-01 9.469625000000000403e-01 9.459499999999999575e-01 9.464249999999999607e-01 9.459625000000000394e-01 9.445375000000000298e-01 9.448499999999999677e-01 9.446250000000000480e-01 9.446375000000000188e-01 9.452000000000000401e-01 9.446624999999999606e-01 9.435375000000000290e-01 9.426999999999999824e-01 9.428125000000000533e-01 9.424500000000000099e-01 9.420500000000000540e-01 9.422125000000000083e-01 9.412125000000000075e-01 9.421874999999999556e-01 9.424000000000000155e-01
9.518499999999999739e-01 9.522249999999999881e-01 9.508499999999999730e-01 9.518375000000000030e-01 9.509999999999999565e-01 9.496250000000000524e-01 9.502125000000000155e-01 9.496499999999999941e-01 9.495624999999999760e-01 9.501249999999999973e-01 9.499625000000000430e-01 9.490374999999999783e-01 9.476624999999999632e-01 9.480125000000000357e-01 9.478250000000000286e-01 9.472874999999999490e-01 9.475749999999999451e-01 9.464500000000000135e-01 9.477375000000000105e-01 9.478750000000000231e-01
9.565500000000000114e-01 9.567124999999999657e-01 9.553249999999999797e-01 9.563749999999999751e-01 9.555000000000000160e-01 9.548250000000000348e-01 9.548624999999999474e-01 9.544500000000000206e-01 9.549125000000000529e-01 9.552874999999999561e-01 9.547624999999999584e-01 9.539125000000000520e-01 9.529125000000000512e-01 9.532249999999999890e-01 9.527250000000000441e-01 9.523374999999999480e-01 9.524375000000000480e-01 9.517124999999999613e-01 9.525249999999999551e-01 9.529125000000000512e-01
9.608875000000000055e-01 9.611499999999999488e-01 9.599874999999999936e-01 9.607875000000000165e-01 9.600499999999999590e-01 9.592000000000000526e-01 9.596000000000000085e-01 9.590999999999999526e-01 9.593249999999999833e-01 9.596500000000000030e-01 9.595249999999999613e-01 9.586875000000000258e-01 9.575624999999999831e-01 9.576999999999999957e-01 9.574000000000000288e-01 9.572125000000000217e-01 9.571874999999999689e-01 9.566000000000000059e-01 9.575000000000000178e-01 9.576875000000000249e-01
9.651250000000000107e-01 9.649375000000000036e-01 9.641874999999999751e-01 9.649624999999999453e-01 9.640250000000000208e-01 9.634125000000000050e-01 9.640999999999999570e-01 9.631999999999999451e-01 9.639999999999999680e-01 9.637000000000000011e-01 9.634749999999999703e-01 9.626249999999999529e-01 9.619499999999999718e-01 9.621499999999999497e-01 9.615000000000000213e-01 9.617250000000000520e-01 9.617750000000000465e-01 9.611125000000000362e-01 9.620999999999999552e-01 9.619999999999999662e-01
9.687999999999999945e-01 9.686875000000000346e-01 9.679624999999999480e-01 9.687000000000000055e-01 9.677624999999999700e-01 9.674249999999999794e-01 9.679124999999999535e-01 9.671750000000000069e-01 9.677999999999999936e-01 9.675000000000000266e-01 9.673749999999999849e-01 9.663749999999999840e-01 9.660250000000000226e-01 9.664749999999999730e-01 9.653000000000000469e-01 9.662374999999999714e-01 9.661874999999999769e-01 9.654625000000000012e-01 9.664125000000000076e-01 9.659999999999999698e-01
9.724249999999999838e-01 9.721625000000000405e-01 9.714874999999999483e-01 9.720999999999999641e-01 9.710750000000000215e-01 9.709999999999999742e-01 9.712625000000000286e-01 9.708499999999999908e-01 9.714749999999999774e-01 9.709499999999999797e-01 9.709250000000000380e-01 9.698250000000000481e-01 9.699499999999999789e-01 9.701625000000000387e-01 9.691374999999999851e-01 9.695875000000000465e-01 9.702250000000000041e-01 9.689875000000000016e-01 9.703000000000000513e-01 9.698624999999999607e-01
9.756124999999999936e-01 9.751750000000000140e-01 9.745249999999999746e-01 9.753749999999999920e-01 9.745374999999999455e-01 9.743625000000000203e-01 9.743749999999999911e-01 9.740874999999999950e-01 9.749124999999999597e-01 9.743374999999999675e-01 9.744749999999999801e-01 9.733125000000000249e-01 9.733249999999999957e-01 9.736749999999999572e-01 9.723000000000000531e-01 9.727749999999999453e-01 9.737500000000000044e-01 9.725000000000000311e-01 9.736624999999999863e-01 9.731499999999999595e-01
9.783749999999999947e-01 9.779624999999999568e-01 9.772874999999999757e-01 9.782499999999999529e-01 9.773374999999999702e-01 9.771499999999999631e-01 9.773374999999999702e-01 9.770124999999999504e-01 9.778124999999999734e-01 9.775125000000000064e-01 9.775374999999999481e-01 9.761625000000000441e-01 9.763500000000000512e-01 9.769750000000000378e-01 9.756624999999999881e-01 9.760250000000000314e-01 9.764000000000000457e-01 9.755749999999999700e-01 9.765875000000000528e-01 9.761625000000000441e-01
9.809750000000000414e-01 9.804249999999999909e-01 9.799875000000000114e-01 9.806124999999999980e-01 9.802250000000000130e-01 9.797375000000000389e-01 9.799624999999999586e-01 9.799999999999999822e-01 9.804249999999999909e-01 9.801125000000000531e-01 9.804500000000000437e-01 9.790499999999999758e-01 9.792750000000000066e-01 9.798999999999999932e-01 9.783250000000000002e-01 9.788499999999999979e-01 9.792625000000000357e-01 9.787375000000000380e-01 9.790499999999999758e-01 9.789499999999999869e-01
9.832250000000000156e-01 9.829124999999999668e-01 9.823749999999999982e-01 9.830124999999999558e-01 9.825500000000000345e-01 9.820624999999999494e-01 9.824125000000000218e-01 9.824874999999999581e-01 9.828249999999999487e-01 9.823374999999999746e-01 9.829375000000000195e-01 9.814625000000000155e-01 9.815000000000000391e-01 9.822250000000000147e-01 9.809750000000000414e-01 9.814000000000000501e-01 9.817749999999999533e-01 9.811874999999999902e-01 9.817749999999999533e-01 9.814625000000000155e-01
9.852625000000000410e-01 9.849375000000000213e-01 9.846500000000000252e-01 9.852499999999999591e-01 9.846749999999999670e-01 9.844500000000000473e-01 9.845374999999999543e-01 9.848500000000000032e-01 9.849750000000000449e-01 9.845374999999999543e-01 9.849250000000000504e-01 9.834749999999999881e-01 9.836875000000000480e-01 9.841999999999999638e-01 9.832750000000000101e-01 9.837875000000000369e-01 9.842125000000000457e-01 9.834749999999999881e-01 9.842625000000000401e-01 9.835874999999999480e-01
9.872874999999999845e-01 9.867749999999999577e-01 9.865000000000000435e-01 9.871874999999999956e-01 9.866500000000000270e-01 9.865625000000000089e-01 9.864500000000000490e-01 9.864749999999999908e-01 9.867000000000000215e-01 9.863750000000000018e-01 9.869750000000000467e-01 9.854249999999999954e-01 9.856749999999999678e-01 9.862625000000000419e-01 9.855000000000000426e-01 9.859250000000000513e-01 9.860375000000000112e-01 9.852125000000000465e-01 9.862125000000000474e-01 9.854625000000000190e-01
9.889250000000000540e-01 9.884625000000000217e-01 9.883499999999999508e-01 9.886749999999999705e-01 9.883374999999999799e-01 9.881874999999999964e-01 9.879750000000000476e-01 9.879875000000000185e-01 9.885000000000000453e-01 9.880999999999999783e-01 9.886749999999999705e-01 9.875249999999999861e-01 9.874249999999999972e-01 9.883999999999999453e-01 9.872250000000000192e-01 9.877124999999999932e-01 9.879499999999999948e-01 9.870499999999999829e-01 9.880124999999999602e-01 9.873750000000000027e-01
9.905500000000000416e-01 9.901124999999999510e-01 9.899250000000000549e-01 9.901750000000000274e-01 9.897249999999999659e-01 9.897375000000000478e-01 9.896625000000000005e-01 9.896875000000000533e-01 9.899875000000000203e-01 9.895874999999999533e-01 9.903374999999999817e-01 9.891499999999999737e-01 9.892874999999999863e-01 9.901124999999999510e-01 9.888624999999999776e-01 9.893125000000000391e-01 9.895500000000000407e-01 9.888000000000000123e-01 9.896625000000000005e-01 9.889624999999999666e-01
9.915749999999999842e-01 9.914625000000000243e-01 9.912125000000000519e-01 9.914374999999999716e-01 9.911499999999999755e-01 9.911499999999999755e-01 9.913374999999999826e-01 9.909499999999999975e-01 9.914125000000000298e-01 9.908624999999999794e-01 9.914749999999999952e-01 9.905249999999999888e-01 9.907124999999999959e-01 9.913125000000000409e-01 9.902499999999999636e-01 9.908124999999999849e-01 9.909999999999999920e-01 9.902750000000000163e-01 9.911624999999999464e-01 9.903999999999999471e-01
9.926000000000000378e-01 9.926749999999999741e-01 9.923625000000000362e-01 9.925874999999999559e-01 9.924749999999999961e-01 9.921375000000000055e-01 9.925000000000000488e-01 9.923999999999999488e-01 9.924874999999999670e-01 9.922374999999999945e-01 9.925249999999999906e-01 9.918124999999999858e-01 9.921124999999999527e-01 9.923250000000000126e-01 9.916374999999999496e-01 9.920124999999999638e-01 9.919875000000000220e-01 9.916374999999999496e-01 9.924500000000000544e-01 9.916125000000000078e-01
9.935749999999999860e-01 9.937375000000000513e-01 9.934874999999999678e-01 9.936249999999999805e-01 9.934874999999999678e-01 9.931124999999999536e-01 9.933499999999999552e-01 9.934250000000000025e-01 9.936000000000000387e-01 9.933125000000000426e-01 9.935374999999999623e-01 9.928624999999999812e-01 9.931875000000000009e-01 9.934500000000000552e-01 9.927500000000000213e-01 9.930999999999999828e-01 9.931624999999999481e-01 9.927375000000000504e-01 9.933250000000000135e-01 9.927124999999999977e-01
9.943750000000000089e-01 9.945625000000000160e-01 9.943374999999999853e-01 9.945249999999999924e-01 9.945249999999999924e-01 9.941875000000000018e-01 9.942750000000000199e-01 9.944374999999999742e-01 9.944874999999999687e-01 9.942750000000000199e-01 9.944374999999999742e-01 9.939624999999999710e-01 9.939999999999999947e-01 9.941999999999999726e-01 9.938500000000000112e-01 9.939750000000000529e-01 9.942874999999999908e-01 9.937875000000000458e-01 9.941375000000000073e-01 9.938749999999999529e-01
9.950499999999999901e-01 9.954374999999999751e-01 9.951499999999999790e-01 9.952999999999999625e-01 9.953374999999999861e-01 9.950124999999999664e-01 9.950875000000000137e-01 9.953499999999999570e-01 9.953874999999999806e-01 9.950624999999999609e-01 9.954250000000000043e-01 9.948500000000000121e-01 9.947500000000000231e-01 9.951375000000000082e-01 9.945249999999999924e-01 9.948875000000000357e-01 9.950375000000000192e-01 9.947124999999999995e-01 9.950375000000000192e-01 9.948249999999999593e-01
9.958749999999999547e-01 9.961375000000000091e-01 9.959249999999999492e-01 9.959249999999999492e-01 9.960124999999999673e-01 9.956625000000000059e-01 9.959750000000000547e-01 9.959624999999999728e-01 9.959249999999999492e-01 9.958624999999999838e-01 9.961124999999999563e-01 9.956374999999999531e-01 9.954625000000000279e-01 9.959000000000000075e-01 9.952750000000000208e-01 9.955374999999999641e-01 9.956249999999999822e-01 9.953499999999999570e-01 9.958124999999999893e-01 9.954374999999999751e-01
9.965625000000000178e-01 9.967249999999999721e-01 9.964749999999999996e-01 9.966374999999999540e-01 9.967375000000000540e-01 9.963999999999999524e-01 9.966500000000000359e-01 9.966000000000000414e-01 9.964749999999999996e-01 9.964625000000000288e-01 9.968749999999999556e-01 9.962499999999999689e-01 9.959500000000000020e-01 9.965000000000000524e-01 9.958875000000000366e-01 9.962124999999999453e-01 9.963125000000000453e-01 9.961124999999999563e-01 9.965874999999999595e-01 9.961375000000000091e-01
9.972374999999999989e-01 9.971999999999999753e-01 9.969999999999999973e-01 9.971250000000000391e-01 9.972874999999999934e-01 9.970124999999999682e-01 9.971375000000000099e-01 9.970875000000000155e-01 9.970750000000000446e-01 9.968875000000000375e-01 9.973874999999999824e-01 9.968375000000000430e-01 9.966125000000000123e-01 9.969749999999999446e-01 9.966500000000000359e-01 9.966625000000000068e-01 9.968624999999999847e-01 9.968000000000000194e-01 9.969500000000000028e-01 9.966625000000000068e-01
9.976749999999999785e-01 9.977500000000000258e-01 9.976500000000000368e-01 9.976625000000000076e-01 9.975874999999999604e-01 9.974625000000000297e-01 9.975874999999999604e-01 9.976249999999999840e-01 9.975000000000000533e-01 9.974374999999999769e-01 9.978624999999999856e-01 9.974374999999999769e-01 9.970875000000000155e-01 9.975625000000000187e-01 9.971750000000000336e-01 9.971124999999999572e-01 9.974374999999999769e-01 9.971999999999999753e-01 9.973499999999999588e-01 9.971375000000000099e-01
9.979500000000000037e-01 9.980499999999999927e-01 9.980375000000000218e-01 9.980250000000000510e-01 9.979500000000000037e-01 9.978749999999999565e-01 9.980250000000000510e-01 9.980250000000000510e-01 9.978375000000000439e-01 9.979000000000000092e-01 9.982250000000000290e-01 9.978000000000000203e-01 9.975249999999999950e-01 9.979875000000000274e-01 9.976500000000000368e-01 9.975249999999999950e-01 9.978624999999999856e-01 9.975874999999999604e-01 9.977875000000000494e-01 9.975500000000000478e-01
9.983250000000000179e-01 9.983499999999999597e-01 9.983125000000000471e-01 9.984750000000000014e-01 9.982750000000000234e-01 9.981875000000000053e-01 9.985000000000000542e-01 9.982750000000000234e-01 9.982750000000000234e-01 9.982250000000000290e-01 9.984499999999999487e-01 9.981124999999999581e-01 9.979875000000000274e-01 9.983125000000000471e-01 9.979749999999999455e-01 9.979624999999999746e-01 9.983125000000000471e-01 9.979249999999999510e-01 9.981250000000000400e-01 9.978749999999999565e-01
9.985749999999999904e-01 9.986625000000000085e-01 9.985874999999999613e-01 9.987500000000000266e-01 9.985625000000000195e-01 9.985249999999999959e-01 9.986125000000000140e-01 9.985625000000000195e-01 9.985500000000000487e-01 9.984499999999999487e-01 9.987000000000000322e-01 9.984125000000000361e-01 9.983125000000000471e-01 9.985000000000000542e-01 9.983874999999999833e-01 9.982124999999999471e-01 9.985625000000000195e-01 9.982750000000000234e-01 9.983999999999999542e-01 9.981250000000000400e-01
9.988500000000000156e-01 9.989624999999999755e-01 9.988624999999999865e-01 9.989249999999999519e-01 9.988500000000000156e-01 9.987875000000000503e-01 9.988249999999999629e-01 9.988249999999999629e-01 9.987875000000000503e-01 9.987000000000000322e-01 9.989624999999999755e-01 9.987249999999999739e-01 9.986249999999999849e-01 9.987624999999999975e-01 9.987249999999999739e-01 9.984750000000000014e-01 9.987249999999999739e-01 9.985249999999999959e-01 9.985749999999999904e-01 9.984499999999999487e-01
9.990750000000000464e-01 9.992999999999999661e-01 9.990250000000000519e-01 9.991375000000000117e-01 9.990250000000000519e-01 9.989500000000000046e-01 9.990624999999999645e-01 9.990750000000000464e-01 9.989124999999999810e-01 9.988875000000000393e-01 9.991499999999999826e-01 9.990624999999999645e-01 9.989375000000000338e-01 9.990624999999999645e-01 9.989249999999999519e-01 9.987624999999999975e-01 9.988124999999999920e-01 9.988000000000000211e-01 9.988000000000000211e-01 9.987749999999999684e-01
9.993499999999999606e-01 9.994250000000000078e-01 9.992250000000000298e-01 9.993374999999999897e-01 9.992250000000000298e-01 9.991250000000000409e-01 9.992250000000000298e-01 9.992750000000000243e-01 9.991250000000000409e-01 9.990750000000000464e-01 9.993499999999999606e-01 9.992375000000000007e-01 9.991124999999999590e-01 9.992375000000000007e-01 9.990875000000000172e-01 9.990375000000000227e-01 9.990999999999999881e-01 9.990250000000000519e-01 9.990250000000000519e-01 9.989875000000000282e-01
9.994625000000000314e-01 9.995374999999999677e-01 9.993499999999999606e-01 9.994750000000000023e-01 9.994499999999999496e-01 9.992124999999999480e-01 9.993874999999999842e-01 9.993999999999999551e-01 9.992750000000000243e-01 9.991750000000000353e-01 9.994750000000000023e-01 9.993374999999999897e-01 9.992750000000000243e-01 9.994374999999999787e-01 9.992874999999999952e-01 9.992375000000000007e-01 9.992499999999999716e-01 9.991875000000000062e-01 9.993374999999999897e-01 9.992625000000000535e-01
9.996000000000000441e-01 9.996374999999999567e-01 9.994499999999999496e-01 9.996249999999999858e-01 9.995374999999999677e-01 9.994250000000000078e-01 9.995125000000000259e-01 9.995249999999999968e-01 9.994374999999999787e-01 9.992874999999999952e-01 9.996125000000000149e-01 9.994250000000000078e-01 9.993625000000000425e-01 9.995000000000000551e-01 9.994125000000000369e-01 9.993625000000000425e-01 9.993999999999999551e-01 9.993499999999999606e-01 9.994250000000000078e-01 9.994499999999999496e-01
9.997249999999999748e-01 9.997249999999999748e-01 9.995374999999999677e-01 9.997125000000000039e-01 9.996374999999999567e-01 9.995749999999999913e-01 9.996625000000000094e-01 9.996749999999999803e-01 9.995500000000000496e-01 9.993874999999999842e-01 9.997125000000000039e-01 9.995249999999999968e-01 9.995500000000000496e-01 9.996000000000000441e-01 9.995374999999999677e-01 9.995500000000000496e-01 9.995249999999999968e-01 9.995374999999999677e-01 9.996000000000000441e-01 9.995500000000000496e-01
9.997374999999999456e-01 9.997624999999999984e-01 9.995749999999999913e-01 9.997500000000000275e-01 9.996749999999999803e-01 9.996500000000000385e-01 9.997000000000000330e-01 9.997624999999999984e-01 9.996125000000000149e-01 9.994499999999999496e-01 9.997624999999999984e-01 9.996000000000000441e-01 9.995749999999999913e-01 9.996500000000000385e-01 9.996125000000000149e-01 9.995874999999999622e-01 9.995749999999999913e-01 9.996249999999999858e-01 9.996374999999999567e-01 9.996249999999999858e-01
9.998375000000000457e-01 9.998000000000000220e-01 9.997000000000000330e-01 9.998375000000000457e-01 9.997875000000000512e-01 9.997749999999999693e-01 9.997500000000000275e-01 9.998500000000000165e-01 9.997125000000000039e-01 9.996749999999999803e-01 9.998749999999999583e-01 9.997500000000000275e-01 9.996500000000000385e-01 9.997749999999999693e-01 9.997624999999999984e-01 9.996874999999999512e-01 9.996749999999999803e-01 9.997374999999999456e-01 9.998500000000000165e-01 9.997875000000000512e-01
9.998500000000000165e-01 9.998000000000000220e-01 9.997249999999999748e-01 9.998500000000000165e-01 9.998124999999999929e-01 9.997749999999999693e-01 9.997624999999999984e-01 9.998624999999999874e-01 9.997374999999999456e-01 9.997125000000000039e-01 9.998749999999999583e-01 9.997749999999999693e-01 9.996749999999999803e-01 9.998000000000000220e-01 9.998249999999999638e-01 9.997249999999999748e-01 9.997125000000000039e-01 9.997500000000000275e-01 9.998749999999999583e-01 9.998000000000000220e-01
9.999249999999999527e-01 9.998624999999999874e-01 9.998249999999999638e-01 9.999249999999999527e-01 9.999000000000000110e-01 9.998749999999999583e-01 9.998249999999999638e-01 9.998875000000000401e-01 9.998624999999999874e-01 9.998749999999999583e-01 9.999249999999999527e-01 9.998749999999999583e-01 9.998624999999999874e-01 9.998875000000000401e-01 9.998749999999999583e-01 9.998500000000000165e-01 9.998249999999999638e-01 9.998249999999999638e-01 9.999375000000000346e-01 9.998875000000000401e-01
9.999375000000000346e-01 9.999000000000000110e-01 9.998375000000000457e-01 9.999249999999999527e-01 9.999000000000000110e-01 9.998875000000000401e-01 9.998500000000000165e-01 9.999124999999999819e-01 9.998875000000000401e-01 9.998749999999999583e-01 9.999249999999999527e-01 9.999249999999999527e-01 9.999000000000000110e-01 9.999375000000000346e-01 9.998875000000000401e-01 9.999249999999999527e-01 9.998749999999999583e-01 9.998624999999999874e-01 9.999500000000000055e-01 9.999124999999999819e-01
9.999375000000000346e-01 9.999124999999999819e-01 9.998500000000000165e-01 9.999249999999999527e-01 9.999000000000000110e-01 9.999124999999999819e-01 9.998624999999999874e-01 9.999124999999999819e-01 9.998875000000000401e-01 9.998749999999999583e-01 9.999249999999999527e-01 9.999249999999999527e-01 9.999000000000000110e-01 9.999500000000000055e-01 9.998875000000000401e-01 9.999249999999999527e-01 9.998875000000000401e-01 9.998624999999999874e-01 9.999500000000000055e-01 9.999124999999999819e-01
9.999375000000000346e-01 9.999124999999999819e-01 9.998500000000000165e-01 9.999249999999999527e-01 9.999000000000000110e-01 9.999124999999999819e-01 9.998624999999999874e-01 9.999124999999999819e-01 9.998875000000000401e-01 9.998749999999999583e-01 9.999249999999999527e-01 9.999249999999999527e-01 9.999000000000000110e-01 9.999500000000000055e-01 9.999000000000000110e-01 9.999249999999999527e-01 9.998875000000000401e-01 9.998624999999999874e-01 9.999500000000000055e-01 9.999124999999999819e-01
1.000000000000000000e+00 1.000000000000000000e+00 1.000000000000000000e+00 1.000000000000000000e+00 1.000000000000000000e+00 9.999875000000000291e-01 1.000000000000000000e+00 9.999875000000000291e-01 9.999875000000000291e-01 9.999875000000000291e-01 1.000000000000000000e+00 9.999875000000000291e-01 9.999875000000000291e-01 1.000000000000000000e+00 1.000000000000000000e+00 1.000000000000000000e+00 1.000000000000000000e+00 9.999749999999999472e-01 1.000000000000000000e+00 9.999875000000000291e-01
1.000000000000000000e+00 1.000000000000000000e+00 1.000000000000000000e+00 1.000000000000000000e+00 1.000000000000000000e+00 1.000000000000000000e+00 1.000000000000000000e+00 1.000000000000000000e+00 1.000000000000000000e+00 1.000000000000000000e+00 1.000000000000000000e+00 1.000000000000000000e+00 1.000000000000000000e+00 1.000000000000000000e+00 1.000000000000000000e+00 1.000000000000000000e+00 1.000000000000000000e+00 1.000000000000000000e+00 1.000000000000000000e+00 1.000000000000000000e+00
