7.016621270781815602e-04 7.365134246351720234e-04 7.730957732130631400e-04 8.114951534738963201e-04 8.518018167072998912e-04 8.941104969509800849e-04 9.385206336471497036e-04 9.851366053582289936e-04 1.034067975091111430e-03 1.085429747806598713e-03 1.139342640719231579e-03 1.195933367022817455e-03 1.255334933708490610e-03 1.317686954175293886e-03 1.383135976368009192e-03 1.451835827213469876e-03 1.523947974164901846e-03 1.599641904704031696e-03 1.679095524692928235e-03 1.762495576511834573e-03
9.874749999999999917e-01 9.869750000000000467e-01 9.869875000000000176e-01 9.870875000000000066e-01 9.866125000000000034e-01 9.867249999999999632e-01 9.867375000000000451e-01 9.865500000000000380e-01 9.865749999999999797e-01 9.868875000000000286e-01 9.862125000000000474e-01 9.859375000000000222e-01 9.860999999999999766e-01 9.859375000000000222e-01 9.861250000000000293e-01 9.858875000000000277e-01 9.859375000000000222e-01 9.857375000000000442e-01 9.855500000000000371e-01 9.858749999999999458e-01
9.909750000000000503e-01 9.907124999999999959e-01 9.908124999999999849e-01 9.903874999999999762e-01 9.903125000000000400e-01 9.903750000000000053e-01 9.903250000000000108e-01 9.903999999999999471e-01 9.902125000000000510e-01 9.901250000000000329e-01 9.901499999999999746e-01 9.896875000000000533e-01 9.898500000000000076e-01 9.895500000000000407e-01 9.898749999999999494e-01 9.895749999999999824e-01 9.890999999999999792e-01 9.892999999999999572e-01 9.893374999999999808e-01 9.893874999999999753e-01
9.921124999999999527e-01 9.920750000000000401e-01 9.919375000000000275e-01 9.919624999999999693e-01 9.919375000000000275e-01 9.919499999999999984e-01 9.916000000000000369e-01 9.919000000000000039e-01 9.917875000000000441e-01 9.917624999999999913e-01 9.918375000000000385e-01 9.912499999999999645e-01 9.913999999999999480e-01 9.912250000000000227e-01 9.916875000000000551e-01 9.913499999999999535e-01 9.909750000000000503e-01 9.910624999999999574e-01 9.909624999999999684e-01 9.911999999999999700e-01
9.927875000000000449e-01 9.928000000000000158e-01 9.927000000000000268e-01 9.926500000000000323e-01 9.926500000000000323e-01 9.926125000000000087e-01 9.926500000000000323e-01 9.928000000000000158e-01 9.927000000000000268e-01 9.926249999999999796e-01 9.926249999999999796e-01 9.925125000000000197e-01 9.925500000000000433e-01 9.924625000000000252e-01 9.926249999999999796e-01 9.925125000000000197e-01 9.924749999999999961e-01 9.923750000000000071e-01 9.923750000000000071e-01 9.923250000000000126e-01
9.929750000000000520e-01 9.930250000000000465e-01 9.930124999999999647e-01 9.929124999999999757e-01 9.930375000000000174e-01 9.930624999999999591e-01 9.930875000000000119e-01 9.931624999999999481e-01 9.930999999999999828e-01 9.929999999999999938e-01 9.930750000000000410e-01 9.930624999999999591e-01 9.929750000000000520e-01 9.930250000000000465e-01 9.931250000000000355e-01 9.929750000000000520e-01 9.929624999999999702e-01 9.930124999999999647e-01 9.929875000000000229e-01 9.929750000000000520e-01
9.930875000000000119e-01 9.931250000000000355e-01 9.931250000000000355e-01 9.931124999999999536e-01 9.932250000000000245e-01 9.932874999999999899e-01 9.933250000000000135e-01 9.933374999999999844e-01 9.932374999999999954e-01 9.932125000000000536e-01 9.932374999999999954e-01 9.932499999999999662e-01 9.931750000000000300e-01 9.931750000000000300e-01 9.932625000000000481e-01 9.931999999999999718e-01 9.932625000000000481e-01 9.932874999999999899e-01 9.933750000000000080e-01 9.932999999999999607e-01
9.931999999999999718e-01 9.931999999999999718e-01 9.932374999999999954e-01 9.932374999999999954e-01 9.933499999999999552e-01 9.933374999999999844e-01 9.933999999999999497e-01 9.933874999999999789e-01 9.933250000000000135e-01 9.932874999999999899e-01 9.932874999999999899e-01 9.933250000000000135e-01 9.932625000000000481e-01 9.932999999999999607e-01 9.934125000000000316e-01 9.933374999999999844e-01 9.934125000000000316e-01 9.933999999999999497e-01 9.934625000000000261e-01 9.934749999999999970e-01
9.932874999999999899e-01 9.933250000000000135e-01 9.933374999999999844e-01 9.933125000000000426e-01 9.934125000000000316e-01 9.933625000000000371e-01 9.934250000000000025e-01 9.934500000000000552e-01 9.933999999999999497e-01 9.933625000000000371e-01 9.933750000000000080e-01 9.934374999999999734e-01 9.933874999999999789e-01 9.933874999999999789e-01 9.934874999999999678e-01 9.933999999999999497e-01 9.935000000000000497e-01 9.934874999999999678e-01 9.935125000000000206e-01 9.935249999999999915e-01
9.933874999999999789e-01 9.934625000000000261e-01 9.934374999999999734e-01 9.934125000000000316e-01 9.934374999999999734e-01 9.933999999999999497e-01 9.934749999999999970e-01 9.934749999999999970e-01 9.934500000000000552e-01 9.934749999999999970e-01 9.935000000000000497e-01 9.935125000000000206e-01 9.934250000000000025e-01 9.934250000000000025e-01 9.935874999999999568e-01 9.934874999999999678e-01 9.935374999999999623e-01 9.935374999999999623e-01 9.935874999999999568e-01 9.936000000000000387e-01
9.934874999999999678e-01 9.935000000000000497e-01 9.934749999999999970e-01 9.934250000000000025e-01 9.934749999999999970e-01 9.934374999999999734e-01 9.935374999999999623e-01 9.935625000000000151e-01 9.935749999999999860e-01 9.935749999999999860e-01 9.935500000000000442e-01 9.935500000000000442e-01 9.935125000000000206e-01 9.935249999999999915e-01 9.936249999999999805e-01 9.935625000000000151e-01 9.936249999999999805e-01 9.936249999999999805e-01 9.936249999999999805e-01 9.936125000000000096e-01
9.935249999999999915e-01 9.935374999999999623e-01 9.935374999999999623e-01 9.934874999999999678e-01 9.935374999999999623e-01 9.935374999999999623e-01 9.936125000000000096e-01 9.936500000000000332e-01 9.937000000000000277e-01 9.936249999999999805e-01 9.936125000000000096e-01 9.936000000000000387e-01 9.935874999999999568e-01 9.936249999999999805e-01 9.936874999999999458e-01 9.936125000000000096e-01 9.936874999999999458e-01 9.936625000000000041e-01 9.936625000000000041e-01 9.936874999999999458e-01
9.935625000000000151e-01 9.936125000000000096e-01 9.935874999999999568e-01 9.935749999999999860e-01 9.936374999999999513e-01 9.935874999999999568e-01 9.937000000000000277e-01 9.937500000000000222e-01 9.937249999999999694e-01 9.936749999999999750e-01 9.937000000000000277e-01 9.937000000000000277e-01 9.936749999999999750e-01 9.936874999999999458e-01 9.937249999999999694e-01 9.936749999999999750e-01 9.937124999999999986e-01 9.937124999999999986e-01 9.937500000000000222e-01 9.938000000000000167e-01
9.936874999999999458e-01 9.937000000000000277e-01 9.936874999999999458e-01 9.937124999999999986e-01 9.936749999999999750e-01 9.936874999999999458e-01 9.938500000000000112e-01 9.937875000000000458e-01 9.937749999999999639e-01 9.937624999999999931e-01 9.937749999999999639e-01 9.937875000000000458e-01 9.937375000000000513e-01 9.937375000000000513e-01 9.937749999999999639e-01 9.937000000000000277e-01 9.937875000000000458e-01 9.938000000000000167e-01 9.938624999999999821e-01 9.938749999999999529e-01
9.937875000000000458e-01 9.938124999999999876e-01 9.938124999999999876e-01 9.937500000000000222e-01 9.937749999999999639e-01 9.938249999999999584e-01 9.938875000000000348e-01 9.938624999999999821e-01 9.938624999999999821e-01 9.938500000000000112e-01 9.938500000000000112e-01 9.938375000000000403e-01 9.937749999999999639e-01 9.938249999999999584e-01 9.938249999999999584e-01 9.937749999999999639e-01 9.938624999999999821e-01 9.939124999999999766e-01 9.939375000000000293e-01 9.939750000000000529e-01
9.939124999999999766e-01 9.939124999999999766e-01 9.938375000000000403e-01 9.938500000000000112e-01 9.938749999999999529e-01 9.938875000000000348e-01 9.939624999999999710e-01 9.939375000000000293e-01 9.939500000000000002e-01 9.939500000000000002e-01 9.939000000000000057e-01 9.939000000000000057e-01 9.938624999999999821e-01 9.938749999999999529e-01 9.939000000000000057e-01 9.938500000000000112e-01 9.939624999999999710e-01 9.940250000000000474e-01 9.940499999999999892e-01 9.940250000000000474e-01
9.940124999999999655e-01 9.939624999999999710e-01 9.939500000000000002e-01 9.939750000000000529e-01 9.939375000000000293e-01 9.939624999999999710e-01 9.940124999999999655e-01 9.940624999999999600e-01 9.940624999999999600e-01 9.939999999999999947e-01 9.939624999999999710e-01 9.939999999999999947e-01 9.939249999999999474e-01 9.939500000000000002e-01 9.939999999999999947e-01 9.939624999999999710e-01 9.940624999999999600e-01 9.940999999999999837e-01 9.941124999999999545e-01 9.940999999999999837e-01
9.940875000000000128e-01 9.940499999999999892e-01 9.940624999999999600e-01 9.940250000000000474e-01 9.940499999999999892e-01 9.940375000000000183e-01 9.941375000000000073e-01 9.941375000000000073e-01 9.941250000000000364e-01 9.940624999999999600e-01 9.940624999999999600e-01 9.940499999999999892e-01 9.940250000000000474e-01 9.940499999999999892e-01 9.940999999999999837e-01 9.940750000000000419e-01 9.941375000000000073e-01 9.941124999999999545e-01 9.941750000000000309e-01 9.941499999999999782e-01
9.941499999999999782e-01 9.941499999999999782e-01 9.940875000000000128e-01 9.940999999999999837e-01 9.941375000000000073e-01 9.941624999999999490e-01 9.941999999999999726e-01 9.941999999999999726e-01 9.941999999999999726e-01 9.941499999999999782e-01 9.941250000000000364e-01 9.941250000000000364e-01 9.941124999999999545e-01 9.941375000000000073e-01 9.942125000000000545e-01 9.941499999999999782e-01 9.941875000000000018e-01 9.941999999999999726e-01 9.942250000000000254e-01 9.942125000000000545e-01
9.942499999999999671e-01 9.941999999999999726e-01 9.941624999999999490e-01 9.941999999999999726e-01 9.942250000000000254e-01 9.942125000000000545e-01 9.942625000000000490e-01 9.942750000000000199e-01 9.942874999999999908e-01 9.941999999999999726e-01 9.941999999999999726e-01 9.942250000000000254e-01 9.942250000000000254e-01 9.942750000000000199e-01 9.942874999999999908e-01 9.941875000000000018e-01 9.942750000000000199e-01 9.942750000000000199e-01 9.942999999999999616e-01 9.943374999999999853e-01
9.943250000000000144e-01 9.942750000000000199e-01 9.942625000000000490e-01 9.943250000000000144e-01 9.943125000000000435e-01 9.942999999999999616e-01 9.943625000000000380e-01 9.943499999999999561e-01 9.943374999999999853e-01 9.942499999999999671e-01 9.942499999999999671e-01 9.943374999999999853e-01 9.943499999999999561e-01 9.943874999999999797e-01 9.943125000000000435e-01 9.942874999999999908e-01 9.943750000000000089e-01 9.943499999999999561e-01 9.944374999999999742e-01 9.944499999999999451e-01
9.944125000000000325e-01 9.943499999999999561e-01 9.943499999999999561e-01 9.944250000000000034e-01 9.943750000000000089e-01 9.943999999999999506e-01 9.944374999999999742e-01 9.943750000000000089e-01 9.943999999999999506e-01 9.943625000000000380e-01 9.943999999999999506e-01 9.944874999999999687e-01 9.944374999999999742e-01 9.944499999999999451e-01 9.944374999999999742e-01 9.943750000000000089e-01 9.944125000000000325e-01 9.944499999999999451e-01 9.945125000000000215e-01 9.945000000000000506e-01
9.945249999999999924e-01 9.944499999999999451e-01 9.944625000000000270e-01 9.945000000000000506e-01 9.945000000000000506e-01 9.944499999999999451e-01 9.944625000000000270e-01 9.944625000000000270e-01 9.945000000000000506e-01 9.945249999999999924e-01 9.945000000000000506e-01 9.945749999999999869e-01 9.945249999999999924e-01 9.945249999999999924e-01 9.945374999999999632e-01 9.944625000000000270e-01 9.945374999999999632e-01 9.945625000000000160e-01 9.945874999999999577e-01 9.945874999999999577e-01
9.946249999999999813e-01 9.945625000000000160e-01 9.945625000000000160e-01 9.946000000000000396e-01 9.945749999999999869e-01 9.945125000000000215e-01 9.945500000000000451e-01 9.945749999999999869e-01 9.946749999999999758e-01 9.946000000000000396e-01 9.946374999999999522e-01 9.946249999999999813e-01 9.946000000000000396e-01 9.946500000000000341e-01 9.946125000000000105e-01 9.945749999999999869e-01 9.946874999999999467e-01 9.946500000000000341e-01 9.946749999999999758e-01 9.946625000000000050e-01
9.947124999999999995e-01 9.946625000000000050e-01 9.946749999999999758e-01 9.946625000000000050e-01 9.946500000000000341e-01 9.945500000000000451e-01 9.946749999999999758e-01 9.946749999999999758e-01 9.947500000000000231e-01 9.947624999999999940e-01 9.946749999999999758e-01 9.947375000000000522e-01 9.947249999999999703e-01 9.946874999999999467e-01 9.947000000000000286e-01 9.947124999999999995e-01 9.948000000000000176e-01 9.947249999999999703e-01 9.947624999999999940e-01 9.947624999999999940e-01
9.948124999999999885e-01 9.947749999999999648e-01 9.947624999999999940e-01 9.947375000000000522e-01 9.947375000000000522e-01 9.946625000000000050e-01 9.947875000000000467e-01 9.948124999999999885e-01 9.949375000000000302e-01 9.948124999999999885e-01 9.947875000000000467e-01 9.948124999999999885e-01 9.947875000000000467e-01 9.948249999999999593e-01 9.948875000000000357e-01 9.948375000000000412e-01 9.948500000000000121e-01 9.948375000000000412e-01 9.948375000000000412e-01 9.948249999999999593e-01
9.949500000000000011e-01 9.948500000000000121e-01 9.948249999999999593e-01 9.948124999999999885e-01 9.948375000000000412e-01 9.947500000000000231e-01 9.949375000000000302e-01 9.949500000000000011e-01 9.949999999999999956e-01 9.949124999999999774e-01 9.948375000000000412e-01 9.949750000000000538e-01 9.949249999999999483e-01 9.949500000000000011e-01 9.950124999999999664e-01 9.949124999999999774e-01 9.949624999999999719e-01 9.949249999999999483e-01 9.949375000000000302e-01 9.949124999999999774e-01
9.950375000000000192e-01 9.949124999999999774e-01 9.949124999999999774e-01 9.949124999999999774e-01 9.949375000000000302e-01 9.949375000000000302e-01 9.950375000000000192e-01 9.951124999999999554e-01 9.950250000000000483e-01 9.949500000000000011e-01 9.949750000000000538e-01 9.951124999999999554e-01 9.950375000000000192e-01 9.951499999999999790e-01 9.950750000000000428e-01 9.949999999999999956e-01 9.950624999999999609e-01 9.950750000000000428e-01 9.950124999999999664e-01 9.950375000000000192e-01
9.951124999999999554e-01 9.949750000000000538e-01 9.949999999999999956e-01 9.950375000000000192e-01 9.950499999999999901e-01 9.950499999999999901e-01 9.951875000000000027e-01 9.951499999999999790e-01 9.951375000000000082e-01 9.951250000000000373e-01 9.951499999999999790e-01 9.952374999999999972e-01 9.952125000000000554e-01 9.952374999999999972e-01 9.951624999999999499e-01 9.951250000000000373e-01 9.951750000000000318e-01 9.951750000000000318e-01 9.950999999999999845e-01 9.951624999999999499e-01
9.951875000000000027e-01 9.950875000000000137e-01 9.951250000000000373e-01 9.951499999999999790e-01 9.951375000000000082e-01 9.952250000000000263e-01 9.952625000000000499e-01 9.952625000000000499e-01 9.952499999999999680e-01 9.952374999999999972e-01 9.952625000000000499e-01 9.953750000000000098e-01 9.953499999999999570e-01 9.953499999999999570e-01 9.952750000000000208e-01 9.952499999999999680e-01 9.952750000000000208e-01 9.952374999999999972e-01 9.952374999999999972e-01 9.952999999999999625e-01
9.952999999999999625e-01 9.952499999999999680e-01 9.952499999999999680e-01 9.952625000000000499e-01 9.953250000000000153e-01 9.952999999999999625e-01 9.953874999999999806e-01 9.953750000000000098e-01 9.953750000000000098e-01 9.953750000000000098e-01 9.954125000000000334e-01 9.954874999999999696e-01 9.954125000000000334e-01 9.954499999999999460e-01 9.953374999999999861e-01 9.953625000000000389e-01 9.953999999999999515e-01 9.953625000000000389e-01 9.953625000000000389e-01 9.954250000000000043e-01
9.954625000000000279e-01 9.953625000000000389e-01 9.953499999999999570e-01 9.953999999999999515e-01 9.954374999999999751e-01 9.953999999999999515e-01 9.954625000000000279e-01 9.955000000000000515e-01 9.955125000000000224e-01 9.955125000000000224e-01 9.955625000000000169e-01 9.956125000000000114e-01 9.955000000000000515e-01 9.955874999999999586e-01 9.954625000000000279e-01 9.954250000000000043e-01 9.954874999999999696e-01 9.954625000000000279e-01 9.954749999999999988e-01 9.955249999999999932e-01
9.955374999999999641e-01 9.954749999999999988e-01 9.954749999999999988e-01 9.955625000000000169e-01 9.955500000000000460e-01 9.955000000000000515e-01 9.956000000000000405e-01 9.956874999999999476e-01 9.956500000000000350e-01 9.956874999999999476e-01 9.956500000000000350e-01 9.957000000000000295e-01 9.956374999999999531e-01 9.956500000000000350e-01 9.955500000000000460e-01 9.955874999999999586e-01 9.955749999999999877e-01 9.955749999999999877e-01 9.956249999999999822e-01 9.956125000000000114e-01
9.956374999999999531e-01 9.955625000000000169e-01 9.956374999999999531e-01 9.956500000000000350e-01 9.956749999999999767e-01 9.956125000000000114e-01 9.957875000000000476e-01 9.957624999999999948e-01 9.958375000000000421e-01 9.957624999999999948e-01 9.957749999999999657e-01 9.958124999999999893e-01 9.957500000000000240e-01 9.957375000000000531e-01 9.956874999999999476e-01 9.957000000000000295e-01 9.957624999999999948e-01 9.957125000000000004e-01 9.957624999999999948e-01 9.957125000000000004e-01
9.957375000000000531e-01 9.957500000000000240e-01 9.957875000000000476e-01 9.957749999999999657e-01 9.957375000000000531e-01 9.957875000000000476e-01 9.959000000000000075e-01 9.959124999999999783e-01 9.959375000000000311e-01 9.959000000000000075e-01 9.958749999999999547e-01 9.959249999999999492e-01 9.958875000000000366e-01 9.958749999999999547e-01 9.957875000000000476e-01 9.958124999999999893e-01 9.958875000000000366e-01 9.958749999999999547e-01 9.958249999999999602e-01 9.958875000000000366e-01
9.959375000000000311e-01 9.959249999999999492e-01 9.959000000000000075e-01 9.959375000000000311e-01 9.959249999999999492e-01 9.959500000000000020e-01 9.960375000000000201e-01 9.960875000000000146e-01 9.960124999999999673e-01 9.960124999999999673e-01 9.959750000000000547e-01 9.960250000000000492e-01 9.959624999999999728e-01 9.959999999999999964e-01 9.958749999999999547e-01 9.959750000000000547e-01 9.960499999999999909e-01 9.959875000000000256e-01 9.960375000000000201e-01 9.960250000000000492e-01
9.961250000000000382e-01 9.959999999999999964e-01 9.960250000000000492e-01 9.960875000000000146e-01 9.961375000000000091e-01 9.961375000000000091e-01 9.961875000000000036e-01 9.961624999999999508e-01 9.961250000000000382e-01 9.961375000000000091e-01 9.961250000000000382e-01 9.961375000000000091e-01 9.960999999999999854e-01 9.960999999999999854e-01 9.960375000000000201e-01 9.961375000000000091e-01 9.961999999999999744e-01 9.961124999999999563e-01 9.961375000000000091e-01 9.961750000000000327e-01
9.962124999999999453e-01 9.960999999999999854e-01 9.961499999999999799e-01 9.962374999999999980e-01 9.962499999999999689e-01 9.962499999999999689e-01 9.963499999999999579e-01 9.963250000000000162e-01 9.962250000000000272e-01 9.962374999999999980e-01 9.962499999999999689e-01 9.962499999999999689e-01 9.962124999999999453e-01 9.962250000000000272e-01 9.962374999999999980e-01 9.962874999999999925e-01 9.963250000000000162e-01 9.962625000000000508e-01 9.962750000000000217e-01 9.963125000000000453e-01
9.962874999999999925e-01 9.962499999999999689e-01 9.962999999999999634e-01 9.963750000000000107e-01 9.964374999999999760e-01 9.964499999999999469e-01 9.964250000000000052e-01 9.963999999999999524e-01 9.963250000000000162e-01 9.963499999999999579e-01 9.963499999999999579e-01 9.963874999999999815e-01 9.962999999999999634e-01 9.963625000000000398e-01 9.963750000000000107e-01 9.964499999999999469e-01 9.964749999999999996e-01 9.963625000000000398e-01 9.963999999999999524e-01 9.964625000000000288e-01
9.964374999999999760e-01 9.963874999999999815e-01 9.964625000000000288e-01 9.965500000000000469e-01 9.965749999999999886e-01 9.965625000000000178e-01 9.965625000000000178e-01 9.965625000000000178e-01 9.964874999999999705e-01 9.964625000000000288e-01 9.964625000000000288e-01 9.965125000000000233e-01 9.964250000000000052e-01 9.965374999999999650e-01 9.964749999999999996e-01 9.965374999999999650e-01 9.966249999999999831e-01 9.965374999999999650e-01 9.965249999999999941e-01 9.965749999999999886e-01
9.965874999999999595e-01 9.966000000000000414e-01 9.966500000000000359e-01 9.966874999999999485e-01 9.967500000000000249e-01 9.967000000000000304e-01 9.967125000000000012e-01 9.966500000000000359e-01 9.966125000000000123e-01 9.966249999999999831e-01 9.966000000000000414e-01 9.965874999999999595e-01 9.966249999999999831e-01 9.966749999999999776e-01 9.966000000000000414e-01 9.967249999999999721e-01 9.967249999999999721e-01 9.966874999999999485e-01 9.966374999999999540e-01 9.967000000000000304e-01
9.967125000000000012e-01 9.967000000000000304e-01 9.968249999999999611e-01 9.968624999999999847e-01 9.968249999999999611e-01 9.968000000000000194e-01 9.968000000000000194e-01 9.967624999999999957e-01 9.967375000000000540e-01 9.967500000000000249e-01 9.967249999999999721e-01 9.967249999999999721e-01 9.967749999999999666e-01 9.968249999999999611e-01 9.967500000000000249e-01 9.968249999999999611e-01 9.968375000000000430e-01 9.968000000000000194e-01 9.968375000000000430e-01 9.968249999999999611e-01
9.969000000000000083e-01 9.968875000000000375e-01 9.969124999999999792e-01 9.970499999999999918e-01 9.969999999999999973e-01 9.969375000000000320e-01 9.969375000000000320e-01 9.969500000000000028e-01 9.968749999999999556e-01 9.968624999999999847e-01 9.968124999999999902e-01 9.969375000000000320e-01 9.968749999999999556e-01 9.969124999999999792e-01 9.969124999999999792e-01 9.969875000000000265e-01 9.970375000000000210e-01 9.969000000000000083e-01 9.969749999999999446e-01 9.969875000000000265e-01
9.970250000000000501e-01 9.970750000000000446e-01 9.970999999999999863e-01 9.971624999999999517e-01 9.971124999999999572e-01 9.970499999999999918e-01 9.970499999999999918e-01 9.970875000000000155e-01 9.969749999999999446e-01 9.970124999999999682e-01 9.970499999999999918e-01 9.970750000000000446e-01 9.970375000000000210e-01 9.970999999999999863e-01 9.970250000000000501e-01 9.971124999999999572e-01 9.971624999999999517e-01 9.971250000000000391e-01 9.971124999999999572e-01 9.971250000000000391e-01
9.971999999999999753e-01 9.971750000000000336e-01 9.972750000000000226e-01 9.972625000000000517e-01 9.972625000000000517e-01 9.971624999999999517e-01 9.972499999999999698e-01 9.972250000000000281e-01 9.971750000000000336e-01 9.971250000000000391e-01 9.972250000000000281e-01 9.971499999999999808e-01 9.971375000000000099e-01 9.972124999999999462e-01 9.972124999999999462e-01 9.972874999999999934e-01 9.972999999999999643e-01 9.972374999999999989e-01 9.972625000000000517e-01 9.973125000000000462e-01
9.973750000000000115e-01 9.973250000000000171e-01 9.974125000000000352e-01 9.974125000000000352e-01 9.974125000000000352e-01 9.973374999999999879e-01 9.973499999999999588e-01 9.973499999999999588e-01 9.973125000000000462e-01 9.972999999999999643e-01 9.973499999999999588e-01 9.973250000000000171e-01 9.972999999999999643e-01 9.973499999999999588e-01 9.973250000000000171e-01 9.974125000000000352e-01 9.974374999999999769e-01 9.973499999999999588e-01 9.974125000000000352e-01 9.973874999999999824e-01
9.974874999999999714e-01 9.975125000000000242e-01 9.975000000000000533e-01 9.975125000000000242e-01 9.975000000000000533e-01 9.974625000000000297e-01 9.975125000000000242e-01 9.974874999999999714e-01 9.974250000000000060e-01 9.975000000000000533e-01 9.974125000000000352e-01 9.974374999999999769e-01 9.974125000000000352e-01 9.975374999999999659e-01 9.974874999999999714e-01 9.975500000000000478e-01 9.975749999999999895e-01 9.975000000000000533e-01 9.976000000000000423e-01 9.975749999999999895e-01
9.976249999999999840e-01 9.976625000000000076e-01 9.976625000000000076e-01 9.976625000000000076e-01 9.976500000000000368e-01 9.975000000000000533e-01 9.976374999999999549e-01 9.976125000000000131e-01 9.975874999999999604e-01 9.975874999999999604e-01 9.975374999999999659e-01 9.975749999999999895e-01 9.975874999999999604e-01 9.976749999999999785e-01 9.976000000000000423e-01 9.977000000000000313e-01 9.977249999999999730e-01 9.977000000000000313e-01 9.976749999999999785e-01 9.977125000000000021e-01
9.977749999999999675e-01 9.977624999999999966e-01 9.977624999999999966e-01 9.977500000000000258e-01 9.977624999999999966e-01 9.976625000000000076e-01 9.978124999999999911e-01 9.977375000000000549e-01 9.977500000000000258e-01 9.976625000000000076e-01 9.976874999999999494e-01 9.977125000000000021e-01 9.977375000000000549e-01 9.978249999999999620e-01 9.977375000000000549e-01 9.978749999999999565e-01 9.978624999999999856e-01 9.978375000000000439e-01 9.978375000000000439e-01 9.978249999999999620e-01
9.979124999999999801e-01 9.979124999999999801e-01 9.978624999999999856e-01 9.979249999999999510e-01 9.978249999999999620e-01 9.978124999999999911e-01 9.978749999999999565e-01 9.979249999999999510e-01 9.978749999999999565e-01 9.978375000000000439e-01 9.978124999999999911e-01 9.978624999999999856e-01 9.978875000000000384e-01 9.979500000000000037e-01 9.978749999999999565e-01 9.980250000000000510e-01 9.980124999999999691e-01 9.979375000000000329e-01 9.979749999999999455e-01 9.979124999999999801e-01
9.980624999999999636e-01 9.980375000000000218e-01 9.980250000000000510e-01 9.980499999999999927e-01 9.979500000000000037e-01 9.980124999999999691e-01 9.979749999999999455e-01 9.980875000000000163e-01 9.979375000000000329e-01 9.979124999999999801e-01 9.979500000000000037e-01 9.979875000000000274e-01 9.980124999999999691e-01 9.980875000000000163e-01 9.979624999999999746e-01 9.980999999999999872e-01 9.981499999999999817e-01 9.980750000000000455e-01 9.980875000000000163e-01 9.980250000000000510e-01
9.982124999999999471e-01 9.981499999999999817e-01 9.981624999999999526e-01 9.981124999999999581e-01 9.980499999999999927e-01 9.981250000000000400e-01 9.981624999999999526e-01 9.981875000000000053e-01 9.980499999999999927e-01 9.980375000000000218e-01 9.980624999999999636e-01 9.981124999999999581e-01 9.981499999999999817e-01 9.981750000000000345e-01 9.981499999999999817e-01 9.982250000000000290e-01 9.982874999999999943e-01 9.981999999999999762e-01 9.982124999999999471e-01 9.981750000000000345e-01
9.983250000000000179e-01 9.982374999999999998e-01 9.982750000000000234e-01 9.982250000000000290e-01 9.982750000000000234e-01 9.982124999999999471e-01 9.983125000000000471e-01 9.982999999999999652e-01 9.981375000000000108e-01 9.981250000000000400e-01 9.982124999999999471e-01 9.982499999999999707e-01 9.982499999999999707e-01 9.982999999999999652e-01 9.982499999999999707e-01 9.983499999999999597e-01 9.983999999999999542e-01 9.983250000000000179e-01 9.982874999999999943e-01 9.982999999999999652e-01
9.984625000000000306e-01 9.983999999999999542e-01 9.983499999999999597e-01 9.983625000000000416e-01 9.983750000000000124e-01 9.983374999999999888e-01 9.984750000000000014e-01 9.983750000000000124e-01 9.981875000000000053e-01 9.982999999999999652e-01 9.983250000000000179e-01 9.984125000000000361e-01 9.984125000000000361e-01 9.984625000000000306e-01 9.983750000000000124e-01 9.985000000000000542e-01 9.985625000000000195e-01 9.984750000000000014e-01 9.983374999999999888e-01 9.984125000000000361e-01
9.985625000000000195e-01 9.985125000000000250e-01 9.984750000000000014e-01 9.985249999999999959e-01 9.984874999999999723e-01 9.985374999999999668e-01 9.985874999999999613e-01 9.984250000000000069e-01 9.983374999999999888e-01 9.984250000000000069e-01 9.984874999999999723e-01 9.985249999999999959e-01 9.985125000000000250e-01 9.985749999999999904e-01 9.984750000000000014e-01 9.986125000000000140e-01 9.986874999999999503e-01 9.985625000000000195e-01 9.985000000000000542e-01 9.984874999999999723e-01
9.986625000000000085e-01 9.986249999999999849e-01 9.985500000000000487e-01 9.986749999999999794e-01 9.986000000000000432e-01 9.986249999999999849e-01 9.986125000000000140e-01 9.984750000000000014e-01 9.984750000000000014e-01 9.985500000000000487e-01 9.986125000000000140e-01 9.986000000000000432e-01 9.985625000000000195e-01 9.987000000000000322e-01 9.985749999999999904e-01 9.987249999999999739e-01 9.987500000000000266e-01 9.986125000000000140e-01 9.986500000000000377e-01 9.985874999999999613e-01
9.987249999999999739e-01 9.987125000000000030e-01 9.987125000000000030e-01 9.987500000000000266e-01 9.987500000000000266e-01 9.987374999999999448e-01 9.986749999999999794e-01 9.985749999999999904e-01 9.986625000000000085e-01 9.986874999999999503e-01 9.987500000000000266e-01 9.986874999999999503e-01 9.987125000000000030e-01 9.988249999999999629e-01 9.987249999999999739e-01 9.988249999999999629e-01 9.988375000000000448e-01 9.987374999999999448e-01 9.987624999999999975e-01 9.986749999999999794e-01
9.988500000000000156e-01 9.988000000000000211e-01 9.988124999999999920e-01 9.988624999999999865e-01 9.988500000000000156e-01 9.988624999999999865e-01 9.987374999999999448e-01 9.987125000000000030e-01 9.987500000000000266e-01 9.987875000000000503e-01 9.988124999999999920e-01 9.988249999999999629e-01 9.988500000000000156e-01 9.989124999999999810e-01 9.988749999999999574e-01 9.989000000000000101e-01 9.989375000000000338e-01 9.988249999999999629e-01 9.988500000000000156e-01 9.988000000000000211e-01
9.989624999999999755e-01 9.988624999999999865e-01 9.989124999999999810e-01 9.989749999999999464e-01 9.989249999999999519e-01 9.989375000000000338e-01 9.988124999999999920e-01 9.988500000000000156e-01 9.988500000000000156e-01 9.989000000000000101e-01 9.988749999999999574e-01 9.989624999999999755e-01 9.989500000000000046e-01 9.989875000000000282e-01 9.989500000000000046e-01 9.989749999999999464e-01 9.990124999999999700e-01 9.989500000000000046e-01 9.989124999999999810e-01 9.989124999999999810e-01
9.990750000000000464e-01 9.989749999999999464e-01 9.990250000000000519e-01 9.990750000000000464e-01 9.990375000000000227e-01 9.989500000000000046e-01 9.989000000000000101e-01 9.989875000000000282e-01 9.989375000000000338e-01 9.990499999999999936e-01 9.989500000000000046e-01 9.990375000000000227e-01 9.990375000000000227e-01 9.991250000000000409e-01 9.989875000000000282e-01 9.990375000000000227e-01 9.990999999999999881e-01 9.990624999999999645e-01 9.989999999999999991e-01 9.989749999999999464e-01
9.991499999999999826e-01 9.991375000000000117e-01 9.990624999999999645e-01 9.991624999999999535e-01 9.991375000000000117e-01 9.989749999999999464e-01 9.989624999999999755e-01 9.990750000000000464e-01 9.990624999999999645e-01 9.991250000000000409e-01 9.990624999999999645e-01 9.991250000000000409e-01 9.990875000000000172e-01 9.991999999999999771e-01 9.990999999999999881e-01 9.991375000000000117e-01 9.992375000000000007e-01 9.991624999999999535e-01 9.990624999999999645e-01 9.990250000000000519e-01
9.991750000000000353e-01 9.991750000000000353e-01 9.991999999999999771e-01 9.992499999999999716e-01 9.992874999999999952e-01 9.991250000000000409e-01 9.990999999999999881e-01 9.991750000000000353e-01 9.991999999999999771e-01 9.991499999999999826e-01 9.991375000000000117e-01 9.992375000000000007e-01 9.991750000000000353e-01 9.993750000000000133e-01 9.991624999999999535e-01 9.991875000000000062e-01 9.992750000000000243e-01 9.992250000000000298e-01 9.991750000000000353e-01 9.991375000000000117e-01
9.992750000000000243e-01 9.992750000000000243e-01 9.992750000000000243e-01 9.993625000000000425e-01 9.993125000000000480e-01 9.991999999999999771e-01 9.992499999999999716e-01 9.992625000000000535e-01 9.992999999999999661e-01 9.992124999999999480e-01 9.992874999999999952e-01 9.993125000000000480e-01 9.992625000000000535e-01 9.994125000000000369e-01 9.992499999999999716e-01 9.992874999999999952e-01 9.994125000000000369e-01 9.992874999999999952e-01 9.992625000000000535e-01 9.992124999999999480e-01
9.994125000000000369e-01 9.993374999999999897e-01 9.993750000000000133e-01 9.994250000000000078e-01 9.993750000000000133e-01 9.992625000000000535e-01 9.993374999999999897e-01 9.993250000000000188e-01 9.993750000000000133e-01 9.992874999999999952e-01 9.993625000000000425e-01 9.994125000000000369e-01 9.993499999999999606e-01 9.994499999999999496e-01 9.993250000000000188e-01 9.993999999999999551e-01 9.994625000000000314e-01 9.993250000000000188e-01 9.992999999999999661e-01 9.993250000000000188e-01
9.994625000000000314e-01 9.993750000000000133e-01 9.994125000000000369e-01 9.995125000000000259e-01 9.993999999999999551e-01 9.993250000000000188e-01 9.994250000000000078e-01 9.993874999999999842e-01 9.994625000000000314e-01 9.993499999999999606e-01 9.993999999999999551e-01 9.994374999999999787e-01 9.993999999999999551e-01 9.994750000000000023e-01 9.993625000000000425e-01 9.994874999999999732e-01 9.995125000000000259e-01 9.993750000000000133e-01 9.993750000000000133e-01 9.994499999999999496e-01
9.994750000000000023e-01 9.994874999999999732e-01 9.994750000000000023e-01 9.995374999999999677e-01 9.994625000000000314e-01 9.993874999999999842e-01 9.995125000000000259e-01 9.994750000000000023e-01 9.994750000000000023e-01 9.994625000000000314e-01 9.994499999999999496e-01 9.995125000000000259e-01 9.994874999999999732e-01 9.995500000000000496e-01 9.994125000000000369e-01 9.995249999999999968e-01 9.996000000000000441e-01 9.994374999999999787e-01 9.994374999999999787e-01 9.995125000000000259e-01
9.995625000000000204e-01 9.995000000000000551e-01 9.995500000000000496e-01 9.995874999999999622e-01 9.995249999999999968e-01 9.994750000000000023e-01 9.995374999999999677e-01 9.995749999999999913e-01 9.995500000000000496e-01 9.995000000000000551e-01 9.995374999999999677e-01 9.995749999999999913e-01 9.995625000000000204e-01 9.996374999999999567e-01 9.994250000000000078e-01 9.996000000000000441e-01 9.997125000000000039e-01 9.994499999999999496e-01 9.995249999999999968e-01 9.995374999999999677e-01
9.996249999999999858e-01 9.995625000000000204e-01 9.995874999999999622e-01 9.996374999999999567e-01 9.995874999999999622e-01 9.995625000000000204e-01 9.995874999999999622e-01 9.996249999999999858e-01 9.995749999999999913e-01 9.995749999999999913e-01 9.995874999999999622e-01 9.996125000000000149e-01 9.996374999999999567e-01 9.997000000000000330e-01 9.995125000000000259e-01 9.997000000000000330e-01 9.997249999999999748e-01 9.994874999999999732e-01 9.995500000000000496e-01 9.995625000000000204e-01
9.996625000000000094e-01 9.996125000000000149e-01 9.996749999999999803e-01 9.997000000000000330e-01 9.996125000000000149e-01 9.996000000000000441e-01 9.996500000000000385e-01 9.996874999999999512e-01 9.996125000000000149e-01 9.996500000000000385e-01 9.996625000000000094e-01 9.996625000000000094e-01 9.996625000000000094e-01 9.997749999999999693e-01 9.996000000000000441e-01 9.997624999999999984e-01 9.997500000000000275e-01 9.995874999999999622e-01 9.996125000000000149e-01 9.996249999999999858e-01
9.996625000000000094e-01 9.997249999999999748e-01 9.997624999999999984e-01 9.997500000000000275e-01 9.996749999999999803e-01 9.996749999999999803e-01 9.997125000000000039e-01 9.997000000000000330e-01 9.996500000000000385e-01 9.996874999999999512e-01 9.997249999999999748e-01 9.997125000000000039e-01 9.997374999999999456e-01 9.998000000000000220e-01 9.996249999999999858e-01 9.997749999999999693e-01 9.997749999999999693e-01 9.996625000000000094e-01 9.996874999999999512e-01 9.997249999999999748e-01
9.996874999999999512e-01 9.997249999999999748e-01 9.997875000000000512e-01 9.997875000000000512e-01 9.997249999999999748e-01 9.997000000000000330e-01 9.997249999999999748e-01 9.997624999999999984e-01 9.996874999999999512e-01 9.997125000000000039e-01 9.997374999999999456e-01 9.997249999999999748e-01 9.997500000000000275e-01 9.998249999999999638e-01 9.996625000000000094e-01 9.997875000000000512e-01 9.997875000000000512e-01 9.996749999999999803e-01 9.997624999999999984e-01 9.997624999999999984e-01
9.997000000000000330e-01 9.997374999999999456e-01 9.998124999999999929e-01 9.998124999999999929e-01 9.997500000000000275e-01 9.997749999999999693e-01 9.997500000000000275e-01 9.997875000000000512e-01 9.997500000000000275e-01 9.998000000000000220e-01 9.997749999999999693e-01 9.997624999999999984e-01 9.997749999999999693e-01 9.998249999999999638e-01 9.997125000000000039e-01 9.998124999999999929e-01 9.998124999999999929e-01 9.997374999999999456e-01 9.997875000000000512e-01 9.997875000000000512e-01
9.997000000000000330e-01 9.997500000000000275e-01 9.998500000000000165e-01 9.998124999999999929e-01 9.997624999999999984e-01 9.998124999999999929e-01 9.998124999999999929e-01 9.998375000000000457e-01 9.998000000000000220e-01 9.998500000000000165e-01 9.998000000000000220e-01 9.997875000000000512e-01 9.997875000000000512e-01 9.998749999999999583e-01 9.997624999999999984e-01 9.998500000000000165e-01 9.998500000000000165e-01 9.998000000000000220e-01 9.998249999999999638e-01 9.998375000000000457e-01
9.997624999999999984e-01 9.997875000000000512e-01 9.998500000000000165e-01 9.998749999999999583e-01 9.997875000000000512e-01 9.998375000000000457e-01 9.998500000000000165e-01 9.998500000000000165e-01 9.998500000000000165e-01 9.998875000000000401e-01 9.998624999999999874e-01 9.998249999999999638e-01 9.998124999999999929e-01 9.999000000000000110e-01 9.998000000000000220e-01 9.998624999999999874e-01 9.998749999999999583e-01 9.998249999999999638e-01 9.998749999999999583e-01 9.998500000000000165e-01
9.998000000000000220e-01 9.998124999999999929e-01 9.998749999999999583e-01 9.998875000000000401e-01 9.998000000000000220e-01 9.998749999999999583e-01 9.998875000000000401e-01 9.998749999999999583e-01 9.999000000000000110e-01 9.999000000000000110e-01 9.998749999999999583e-01 9.998749999999999583e-01 9.998249999999999638e-01 9.999249999999999527e-01 9.998124999999999929e-01 9.998875000000000401e-01 9.998875000000000401e-01 9.998500000000000165e-01 9.998749999999999583e-01 9.998500000000000165e-01
9.998375000000000457e-01 9.998375000000000457e-01 9.998875000000000401e-01 9.999124999999999819e-01 9.998375000000000457e-01 9.999000000000000110e-01 9.998875000000000401e-01 9.998749999999999583e-01 9.999249999999999527e-01 9.999124999999999819e-01 9.998875000000000401e-01 9.999124999999999819e-01 9.998500000000000165e-01 9.999249999999999527e-01 9.998249999999999638e-01 9.998875000000000401e-01 9.998875000000000401e-01 9.999000000000000110e-01 9.998749999999999583e-01 9.998624999999999874e-01
9.998624999999999874e-01 9.998749999999999583e-01 9.999000000000000110e-01 9.999500000000000055e-01 9.998749999999999583e-01 9.999249999999999527e-01 9.999000000000000110e-01 9.999000000000000110e-01 9.999249999999999527e-01 9.999124999999999819e-01 9.999000000000000110e-01 9.999249999999999527e-01 9.998749999999999583e-01 9.999249999999999527e-01 9.998500000000000165e-01 9.999000000000000110e-01 9.999000000000000110e-01 9.999249999999999527e-01 9.998875000000000401e-01 9.998875000000000401e-01
9.998749999999999583e-01 9.999000000000000110e-01 9.999249999999999527e-01 9.999875000000000291e-01 9.999000000000000110e-01 9.999500000000000055e-01 9.999124999999999819e-01 9.999375000000000346e-01 9.999249999999999527e-01 9.999249999999999527e-01 9.999124999999999819e-01 9.999249999999999527e-01 9.998749999999999583e-01 9.999375000000000346e-01 9.998749999999999583e-01 9.999249999999999527e-01 9.999000000000000110e-01 9.999500000000000055e-01 9.999124999999999819e-01 9.999000000000000110e-01
9.998875000000000401e-01 9.999000000000000110e-01 9.999249999999999527e-01 9.999875000000000291e-01 9.999124999999999819e-01 9.999500000000000055e-01 9.999249999999999527e-01 9.999375000000000346e-01 9.999500000000000055e-01 9.999375000000000346e-01 9.999124999999999819e-01 9.999375000000000346e-01 9.998875000000000401e-01 9.999375000000000346e-01 9.998875000000000401e-01 9.999500000000000055e-01 9.999000000000000110e-01 9.999624999999999764e-01 9.999124999999999819e-01 9.999124999999999819e-01
9.999124999999999819e-01 9.999000000000000110e-01 9.999249999999999527e-01 9.999875000000000291e-01 9.999124999999999819e-01 9.999500000000000055e-01 9.999500000000000055e-01 9.999624999999999764e-01 9.999500000000000055e-01 9.999500000000000055e-01 9.999500000000000055e-01 9.999500000000000055e-01 9.999000000000000110e-01 9.999375000000000346e-01 9.998875000000000401e-01 9.999500000000000055e-01 9.999249999999999527e-01 9.999624999999999764e-01 9.999124999999999819e-01 9.999375000000000346e-01
9.999124999999999819e-01 9.999375000000000346e-01 9.999375000000000346e-01 9.999875000000000291e-01 9.999375000000000346e-01 9.999624999999999764e-01 9.999500000000000055e-01 9.999749999999999472e-01 9.999749999999999472e-01 9.999624999999999764e-01 9.999500000000000055e-01 9.999624999999999764e-01 9.999124999999999819e-01 9.999624999999999764e-01 9.999000000000000110e-01 9.999749999999999472e-01 9.999500000000000055e-01 9.999624999999999764e-01 9.999124999999999819e-01 9.999749999999999472e-01
9.999249999999999527e-01 9.999375000000000346e-01 9.999500000000000055e-01 9.999875000000000291e-01 9.999500000000000055e-01 9.999749999999999472e-01 9.999500000000000055e-01 9.999749999999999472e-01 9.999749999999999472e-01 9.999624999999999764e-01 9.999624999999999764e-01 9.999749999999999472e-01 9.999375000000000346e-01 9.999624999999999764e-01 9.999124999999999819e-01 9.999749999999999472e-01 9.999500000000000055e-01 9.999749999999999472e-01 9.999249999999999527e-01 9.999749999999999472e-01
9.999249999999999527e-01 9.999500000000000055e-01 9.999624999999999764e-01 9.999875000000000291e-01 9.999749999999999472e-01 9.999875000000000291e-01 9.999749999999999472e-01 9.999875000000000291e-01 9.999749999999999472e-01 9.999624999999999764e-01 9.999624999999999764e-01 9.999749999999999472e-01 9.999375000000000346e-01 9.999749999999999472e-01 9.999249999999999527e-01 9.999749999999999472e-01 9.999500000000000055e-01 9.999749999999999472e-01 9.999249999999999527e-01 9.999875000000000291e-01
9.999249999999999527e-01 9.999624999999999764e-01 9.999749999999999472e-01 9.999875000000000291e-01 9.999875000000000291e-01 9.999875000000000291e-01 9.999749999999999472e-01 1.000000000000000000e+00 9.999875000000000291e-01 9.999624999999999764e-01 9.999624999999999764e-01 9.999875000000000291e-01 9.999500000000000055e-01 9.999749999999999472e-01 9.999249999999999527e-01 9.999749999999999472e-01 9.999500000000000055e-01 9.999875000000000291e-01 9.999500000000000055e-01 9.999875000000000291e-01
9.999375000000000346e-01 9.999749999999999472e-01 9.999875000000000291e-01 1.000000000000000000e+00 9.999875000000000291e-01 1.000000000000000000e+00 9.999749999999999472e-01 1.000000000000000000e+00 9.999875000000000291e-01 9.999624999999999764e-01 9.999624999999999764e-01 1.000000000000000000e+00 9.999500000000000055e-01 9.999749999999999472e-01 9.999249999999999527e-01 9.999749999999999472e-01 9.999500000000000055e-01 9.999875000000000291e-01 9.999624999999999764e-01 9.999875000000000291e-01
9.999624999999999764e-01 9.999749999999999472e-01 9.999875000000000291e-01 1.000000000000000000e+00 9.999875000000000291e-01 1.000000000000000000e+00 9.999875000000000291e-01 1.000000000000000000e+00 9.999875000000000291e-01 9.999624999999999764e-01 9.999624999999999764e-01 1.000000000000000000e+00 9.999500000000000055e-01 9.999749999999999472e-01 9.999249999999999527e-01 9.999749999999999472e-01 9.999500000000000055e-01 9.999875000000000291e-01 9.999624999999999764e-01 9.999875000000000291e-01
9.999875000000000291e-01 9.999749999999999472e-01 9.999875000000000291e-01 1.000000000000000000e+00 9.999875000000000291e-01 1.000000000000000000e+00 9.999875000000000291e-01 1.000000000000000000e+00 9.999875000000000291e-01 9.999749999999999472e-01 9.999624999999999764e-01 1.000000000000000000e+00 9.999500000000000055e-01 9.999749999999999472e-01 9.999375000000000346e-01 9.999749999999999472e-01 9.999749999999999472e-01 9.999875000000000291e-01 9.999749999999999472e-01 1.000000000000000000e+00
9.999875000000000291e-01 9.999749999999999472e-01 9.999875000000000291e-01 1.000000000000000000e+00 9.999875000000000291e-01 1.000000000000000000e+00 1.000000000000000000e+00 1.000000000000000000e+00 9.999875000000000291e-01 9.999749999999999472e-01 9.999749999999999472e-01 1.000000000000000000e+00 9.999624999999999764e-01 9.999749999999999472e-01 9.999500000000000055e-01 9.999749999999999472e-01 9.999749999999999472e-01 9.999875000000000291e-01 9.999875000000000291e-01 1.000000000000000000e+00
1.000000000000000000e+00 9.999749999999999472e-01 1.000000000000000000e+00 1.000000000000000000e+00 9.999875000000000291e-01 1.000000000000000000e+00 1.000000000000000000e+00 1.000000000000000000e+00 9.999875000000000291e-01 9.999749999999999472e-01 9.999875000000000291e-01 1.000000000000000000e+00 9.999624999999999764e-01 9.999749999999999472e-01 9.999624999999999764e-01 9.999749999999999472e-01 9.999749999999999472e-01 1.000000000000000000e+00 9.999875000000000291e-01 1.000000000000000000e+00
1.000000000000000000e+00 9.999749999999999472e-01 1.000000000000000000e+00 1.000000000000000000e+00 9.999875000000000291e-01 1.000000000000000000e+00 1.000000000000000000e+00 1.000000000000000000e+00 9.999875000000000291e-01 9.999875000000000291e-01 9.999875000000000291e-01 1.000000000000000000e+00 9.999624999999999764e-01 9.999749999999999472e-01 9.999624999999999764e-01 9.999875000000000291e-01 9.999749999999999472e-01 1.000000000000000000e+00 9.999875000000000291e-01 1.000000000000000000e+00
1.000000000000000000e+00 9.999875000000000291e-01 1.000000000000000000e+00 1.000000000000000000e+00 1.000000000000000000e+00 1.000000000000000000e+00 1.000000000000000000e+00 1.000000000000000000e+00 9.999875000000000291e-01 9.999875000000000291e-01 1.000000000000000000e+00 1.000000000000000000e+00 9.999624999999999764e-01 9.999875000000000291e-01 9.999749999999999472e-01 9.999875000000000291e-01 9.999749999999999472e-01 1.000000000000000000e+00 9.999875000000000291e-01 1.000000000000000000e+00
1.000000000000000000e+00 9.999875000000000291e-01 1.000000000000000000e+00 1.000000000000000000e+00 1.000000000000000000e+00 1.000000000000000000e+00 1.000000000000000000e+00 1.000000000000000000e+00 1.000000000000000000e+00 9.999875000000000291e-01 1.000000000000000000e+00 1.000000000000000000e+00 9.999624999999999764e-01 9.999875000000000291e-01 9.999749999999999472e-01 1.000000000000000000e+00 9.999875000000000291e-01 1.000000000000000000e+00 9.999875000000000291e-01 1.000000000000000000e+00
1.000000000000000000e+00 9.999875000000000291e-01 1.000000000000000000e+00 1.000000000000000000e+00 1.000000000000000000e+00 1.000000000000000000e+00 1.000000000000000000e+00 1.000000000000000000e+00 1.000000000000000000e+00 9.999875000000000291e-01 1.000000000000000000e+00 1.000000000000000000e+00 9.999624999999999764e-01 9.999875000000000291e-01 9.999749999999999472e-01 1.000000000000000000e+00 9.999875000000000291e-01 1.000000000000000000e+00 9.999875000000000291e-01 1.000000000000000000e+00
1.000000000000000000e+00 9.999875000000000291e-01 1.000000000000000000e+00 1.000000000000000000e+00 1.000000000000000000e+00 1.000000000000000000e+00 1.000000000000000000e+00 1.000000000000000000e+00 1.000000000000000000e+00 1.000000000000000000e+00 1.000000000000000000e+00 1.000000000000000000e+00 9.999749999999999472e-01 1.000000000000000000e+00 9.999749999999999472e-01 1.000000000000000000e+00 9.999875000000000291e-01 1.000000000000000000e+00 1.000000000000000000e+00 1.000000000000000000e+00
1.000000000000000000e+00 9.999875000000000291e-01 1.000000000000000000e+00 1.000000000000000000e+00 1.000000000000000000e+00 1.000000000000000000e+00 1.000000000000000000e+00 1.000000000000000000e+00 1.000000000000000000e+00 1.000000000000000000e+00 1.000000000000000000e+00 1.000000000000000000e+00 9.999749999999999472e-01 1.000000000000000000e+00 9.999749999999999472e-01 1.000000000000000000e+00 9.999875000000000291e-01 1.000000000000000000e+00 1.000000000000000000e+00 1.000000000000000000e+00
1.000000000000000000e+00 1.000000000000000000e+00 1.000000000000000000e+00 1.000000000000000000e+00 1.000000000000000000e+00 1.000000000000000000e+00 1.000000000000000000e+00 1.000000000000000000e+00 1.000000000000000000e+00 1.000000000000000000e+00 1.000000000000000000e+00 1.000000000000000000e+00 9.999749999999999472e-01 1.000000000000000000e+00 9.999875000000000291e-01 1.000000000000000000e+00 1.000000000000000000e+00 1.000000000000000000e+00 1.000000000000000000e+00 1.000000000000000000e+00
1.000000000000000000e+00 1.000000000000000000e+00 1.000000000000000000e+00 1.000000000000000000e+00 1.000000000000000000e+00 1.000000000000000000e+00 1.000000000000000000e+00 1.000000000000000000e+00 1.000000000000000000e+00 1.000000000000000000e+00 1.000000000000000000e+00 1.000000000000000000e+00 9.999749999999999472e-01 1.000000000000000000e+00 9.999875000000000291e-01 1.000000000000000000e+00 1.000000000000000000e+00 1.000000000000000000e+00 1.000000000000000000e+00 1.000000000000000000e+00
1.000000000000000000e+00 1.000000000000000000e+00 1.000000000000000000e+00 1.000000000000000000e+00 1.000000000000000000e+00 1.000000000000000000e+00 1.000000000000000000e+00 1.000000000000000000e+00 1.000000000000000000e+00 1.000000000000000000e+00 1.000000000000000000e+00 1.000000000000000000e+00 9.999749999999999472e-01 1.000000000000000000e+00 9.999875000000000291e-01 1.000000000000000000e+00 1.000000000000000000e+00 1.000000000000000000e+00 1.000000000000000000e+00 1.000000000000000000e+00
1.000000000000000000e+00 1.000000000000000000e+00 1.000000000000000000e+00 1.000000000000000000e+00 1.000000000000000000e+00 1.000000000000000000e+00 1.000000000000000000e+00 1.000000000000000000e+00 1.000000000000000000e+00 1.000000000000000000e+00 1.000000000000000000e+00 1.000000000000000000e+00 9.999749999999999472e-01 1.000000000000000000e+00 9.999875000000000291e-01 1.000000000000000000e+00 1.000000000000000000e+00 1.000000000000000000e+00 1.000000000000000000e+00 1.000000000000000000e+00
1.000000000000000000e+00 1.000000000000000000e+00 1.000000000000000000e+00 1.000000000000000000e+00 1.000000000000000000e+00 1.000000000000000000e+00 1.000000000000000000e+00 1.000000000000000000e+00 1.000000000000000000e+00 1.000000000000000000e+00 1.000000000000000000e+00 1.000000000000000000e+00 1.000000000000000000e+00 1.000000000000000000e+00 1.000000000000000000e+00 1.000000000000000000e+00 1.000000000000000000e+00 1.000000000000000000e+00 1.000000000000000000e+00 1.000000000000000000e+00
1.000000000000000000e+00 1.000000000000000000e+00 1.000000000000000000e+00 1.000000000000000000e+00 1.000000000000000000e+00 1.000000000000000000e+00 1.000000000000000000e+00 1.000000000000000000e+00 1.000000000000000000e+00 1.000000000000000000e+00 1.000000000000000000e+00 1.000000000000000000e+00 1.000000000000000000e+00 1.000000000000000000e+00 1.000000000000000000e+00 1.000000000000000000e+00 1.000000000000000000e+00 1.000000000000000000e+00 1.000000000000000000e+00 1.000000000000000000e+00
