7.016621270781815602e-04 7.365134246351720234e-04 7.730957732130631400e-04 8.114951534738963201e-04 8.518018167072998912e-04 8.941104969509800849e-04 9.385206336471497036e-04 9.851366053582289936e-04 1.034067975091111430e-03 1.085429747806598713e-03 1.139342640719231579e-03 1.195933367022817455e-03 1.255334933708490610e-03 1.317686954175293886e-03 1.383135976368009192e-03 1.451835827213469876e-03 1.523947974164901846e-03 1.599641904704031696e-03 1.679095524692928235e-03 1.762495576511834573e-03
9.724749999999999783e-01 9.722874999999999712e-01 9.724749999999999783e-01 9.730499999999999705e-01 9.725624999999999964e-01 9.727124999999999799e-01 9.729999999999999760e-01 9.729999999999999760e-01 9.733625000000000194e-01 9.738250000000000517e-01 9.734374999999999556e-01 9.731499999999999595e-01 9.736375000000000446e-01 9.733874999999999611e-01 9.736000000000000210e-01 9.737249999999999517e-01 9.737249999999999517e-01 9.738999999999999879e-01 9.740499999999999714e-01 9.741750000000000131e-01
9.749375000000000124e-01 9.749250000000000416e-01 9.749624999999999542e-01 9.749499999999999833e-01 9.748875000000000179e-01 9.750999999999999668e-01 9.753500000000000503e-01 9.754000000000000448e-01 9.755875000000000519e-01 9.759124999999999606e-01 9.758499999999999952e-01 9.757375000000000353e-01 9.759750000000000369e-01 9.757749999999999480e-01 9.761125000000000496e-01 9.762874999999999748e-01 9.758624999999999661e-01 9.763249999999999984e-01 9.765374999999999472e-01 9.766749999999999599e-01
9.757124999999999826e-01 9.757124999999999826e-01 9.756500000000000172e-01 9.758124999999999716e-01 9.757875000000000298e-01 9.760375000000000023e-01 9.761499999999999622e-01 9.761750000000000149e-01 9.765000000000000346e-01 9.767375000000000362e-01 9.766749999999999599e-01 9.766500000000000181e-01 9.768000000000000016e-01 9.767375000000000362e-01 9.771750000000000158e-01 9.772250000000000103e-01 9.769250000000000433e-01 9.773125000000000284e-01 9.774500000000000410e-01 9.778000000000000025e-01
9.761125000000000496e-01 9.762625000000000330e-01 9.761999999999999567e-01 9.764249999999999874e-01 9.763874999999999638e-01 9.765749999999999709e-01 9.767500000000000071e-01 9.767500000000000071e-01 9.769124999999999615e-01 9.772999999999999465e-01 9.772625000000000339e-01 9.772125000000000394e-01 9.773374999999999702e-01 9.773874999999999647e-01 9.776500000000000190e-01 9.776875000000000426e-01 9.776500000000000190e-01 9.780250000000000332e-01 9.779999999999999805e-01 9.781874999999999876e-01
9.763500000000000512e-01 9.765000000000000346e-01 9.764874999999999527e-01 9.766749999999999599e-01 9.767749999999999488e-01 9.768624999999999670e-01 9.770250000000000323e-01 9.770624999999999449e-01 9.772874999999999757e-01 9.775625000000000009e-01 9.775000000000000355e-01 9.776249999999999662e-01 9.776500000000000190e-01 9.776624999999999899e-01 9.779250000000000442e-01 9.780250000000000332e-01 9.780124999999999513e-01 9.782374999999999821e-01 9.783625000000000238e-01 9.785249999999999782e-01
9.766000000000000236e-01 9.768000000000000016e-01 9.767249999999999543e-01 9.769250000000000433e-01 9.769750000000000378e-01 9.770624999999999449e-01 9.772499999999999520e-01 9.773125000000000284e-01 9.774374999999999591e-01 9.778000000000000025e-01 9.777375000000000371e-01 9.777875000000000316e-01 9.778375000000000261e-01 9.778875000000000206e-01 9.780999999999999694e-01 9.782374999999999821e-01 9.782250000000000112e-01 9.784374999999999600e-01 9.785500000000000309e-01 9.787624999999999797e-01
9.768124999999999725e-01 9.770499999999999741e-01 9.770499999999999741e-01 9.771374999999999922e-01 9.771374999999999922e-01 9.771750000000000158e-01 9.774500000000000410e-01 9.774249999999999883e-01 9.776500000000000190e-01 9.779999999999999805e-01 9.779375000000000151e-01 9.780124999999999513e-01 9.780250000000000332e-01 9.780750000000000277e-01 9.783374999999999710e-01 9.784125000000000183e-01 9.784125000000000183e-01 9.785625000000000018e-01 9.787749999999999506e-01 9.789499999999999869e-01
9.770750000000000268e-01 9.772999999999999465e-01 9.772374999999999812e-01 9.773374999999999702e-01 9.772874999999999757e-01 9.773625000000000229e-01 9.776249999999999662e-01 9.776375000000000481e-01 9.778750000000000497e-01 9.782250000000000112e-01 9.781374999999999931e-01 9.782250000000000112e-01 9.782874999999999766e-01 9.782750000000000057e-01 9.785249999999999782e-01 9.785749999999999726e-01 9.786124999999999963e-01 9.788124999999999742e-01 9.789375000000000160e-01 9.790499999999999758e-01
9.773625000000000229e-01 9.774749999999999828e-01 9.774374999999999591e-01 9.775500000000000300e-01 9.774749999999999828e-01 9.775249999999999773e-01 9.778750000000000497e-01 9.778124999999999734e-01 9.780874999999999986e-01 9.784125000000000183e-01 9.783874999999999655e-01 9.784874999999999545e-01 9.784874999999999545e-01 9.784625000000000128e-01 9.786375000000000490e-01 9.787749999999999506e-01 9.787624999999999797e-01 9.789499999999999869e-01 9.790874999999999995e-01 9.792125000000000412e-01
9.775125000000000064e-01 9.776500000000000190e-01 9.775749999999999718e-01 9.777624999999999789e-01 9.776375000000000481e-01 9.777875000000000316e-01 9.780624999999999458e-01 9.780375000000000041e-01 9.783500000000000529e-01 9.786249999999999671e-01 9.785374999999999490e-01 9.786624999999999908e-01 9.785875000000000545e-01 9.785500000000000309e-01 9.789375000000000160e-01 9.789624999999999577e-01 9.789375000000000160e-01 9.790624999999999467e-01 9.792125000000000412e-01 9.793250000000000011e-01
9.777624999999999789e-01 9.778499999999999970e-01 9.778750000000000497e-01 9.779375000000000151e-01 9.779250000000000442e-01 9.780124999999999513e-01 9.782999999999999474e-01 9.783125000000000293e-01 9.785125000000000073e-01 9.787749999999999506e-01 9.787500000000000089e-01 9.787375000000000380e-01 9.787624999999999797e-01 9.788875000000000215e-01 9.790624999999999467e-01 9.791125000000000522e-01 9.790250000000000341e-01 9.792125000000000412e-01 9.794000000000000483e-01 9.796000000000000263e-01
9.779375000000000151e-01 9.781874999999999876e-01 9.780874999999999986e-01 9.782250000000000112e-01 9.781750000000000167e-01 9.782999999999999474e-01 9.785249999999999782e-01 9.785000000000000364e-01 9.786749999999999616e-01 9.789750000000000396e-01 9.788624999999999687e-01 9.790124999999999522e-01 9.790124999999999522e-01 9.790499999999999758e-01 9.792374999999999829e-01 9.792125000000000412e-01 9.792125000000000412e-01 9.794625000000000137e-01 9.796375000000000499e-01 9.798124999999999751e-01
9.781999999999999584e-01 9.784374999999999600e-01 9.783749999999999947e-01 9.784625000000000128e-01 9.783874999999999655e-01 9.784749999999999837e-01 9.787375000000000380e-01 9.786624999999999908e-01 9.789124999999999632e-01 9.790874999999999995e-01 9.791250000000000231e-01 9.791999999999999593e-01 9.791750000000000176e-01 9.792125000000000412e-01 9.794125000000000192e-01 9.794249999999999901e-01 9.794249999999999901e-01 9.797249999999999570e-01 9.798499999999999988e-01 9.798875000000000224e-01
9.784874999999999545e-01 9.787000000000000144e-01 9.786249999999999671e-01 9.787249999999999561e-01 9.786249999999999671e-01 9.786875000000000435e-01 9.789499999999999869e-01 9.788875000000000215e-01 9.790375000000000050e-01 9.793749999999999956e-01 9.792999999999999483e-01 9.793749999999999956e-01 9.794000000000000483e-01 9.794249999999999901e-01 9.796124999999999972e-01 9.796624999999999917e-01 9.796500000000000208e-01 9.799250000000000460e-01 9.799624999999999586e-01 9.801125000000000531e-01
9.787375000000000380e-01 9.789250000000000451e-01 9.789124999999999632e-01 9.789624999999999577e-01 9.789124999999999632e-01 9.789375000000000160e-01 9.791374999999999940e-01 9.790375000000000050e-01 9.793374999999999719e-01 9.795500000000000318e-01 9.795000000000000373e-01 9.796249999999999680e-01 9.796124999999999972e-01 9.796500000000000208e-01 9.798375000000000279e-01 9.799250000000000460e-01 9.798499999999999988e-01 9.801250000000000240e-01 9.802125000000000421e-01 9.802999999999999492e-01
9.790124999999999522e-01 9.791999999999999593e-01 9.791625000000000467e-01 9.792750000000000066e-01 9.791499999999999648e-01 9.791625000000000467e-01 9.793625000000000247e-01 9.793625000000000247e-01 9.795749999999999735e-01 9.797749999999999515e-01 9.797249999999999570e-01 9.798624999999999696e-01 9.798375000000000279e-01 9.799124999999999641e-01 9.800875000000000004e-01 9.801750000000000185e-01 9.800624999999999476e-01 9.803374999999999728e-01 9.804125000000000201e-01 9.804249999999999909e-01
9.792999999999999483e-01 9.794874999999999554e-01 9.795125000000000082e-01 9.795749999999999735e-01 9.793374999999999719e-01 9.793374999999999719e-01 9.796500000000000208e-01 9.796375000000000499e-01 9.798499999999999988e-01 9.799624999999999586e-01 9.799875000000000114e-01 9.801250000000000240e-01 9.800999999999999712e-01 9.801750000000000185e-01 9.803250000000000020e-01 9.803500000000000547e-01 9.802999999999999492e-01 9.805625000000000036e-01 9.805874999999999453e-01 9.807375000000000398e-01
9.796875000000000444e-01 9.798499999999999988e-01 9.797875000000000334e-01 9.797500000000000098e-01 9.795749999999999735e-01 9.797000000000000153e-01 9.799624999999999586e-01 9.798750000000000515e-01 9.800750000000000295e-01 9.802625000000000366e-01 9.802374999999999838e-01 9.804249999999999909e-01 9.804125000000000201e-01 9.804000000000000492e-01 9.805374999999999508e-01 9.805625000000000036e-01 9.805374999999999508e-01 9.807249999999999579e-01 9.809250000000000469e-01 9.810499999999999776e-01
9.799375000000000169e-01 9.801374999999999948e-01 9.799875000000000114e-01 9.800124999999999531e-01 9.799124999999999641e-01 9.799624999999999586e-01 9.802499999999999547e-01 9.801374999999999948e-01 9.803374999999999728e-01 9.804874999999999563e-01 9.805374999999999508e-01 9.807124999999999870e-01 9.806000000000000272e-01 9.806375000000000508e-01 9.807749999999999524e-01 9.808249999999999469e-01 9.808375000000000288e-01 9.810999999999999721e-01 9.812250000000000139e-01 9.813625000000000265e-01
9.802250000000000130e-01 9.803500000000000547e-01 9.802499999999999547e-01 9.803874999999999673e-01 9.801874999999999893e-01 9.802999999999999492e-01 9.804749999999999854e-01 9.804500000000000437e-01 9.806124999999999980e-01 9.807749999999999524e-01 9.808875000000000233e-01 9.809250000000000469e-01 9.808375000000000288e-01 9.808875000000000233e-01 9.810250000000000359e-01 9.811250000000000249e-01 9.812374999999999847e-01 9.814000000000000501e-01 9.815374999999999517e-01 9.816749999999999643e-01
9.805000000000000382e-01 9.805749999999999744e-01 9.806749999999999634e-01 9.807124999999999870e-01 9.805374999999999508e-01 9.805625000000000036e-01 9.807624999999999815e-01 9.807124999999999870e-01 9.809499999999999886e-01 9.811250000000000249e-01 9.810624999999999485e-01 9.811625000000000485e-01 9.810750000000000304e-01 9.811999999999999611e-01 9.813374999999999737e-01 9.815249999999999808e-01 9.815500000000000336e-01 9.817624999999999824e-01 9.818249999999999478e-01 9.819999999999999840e-01
9.807624999999999815e-01 9.810250000000000359e-01 9.809624999999999595e-01 9.810375000000000068e-01 9.808624999999999705e-01 9.808124999999999760e-01 9.810124999999999540e-01 9.810499999999999776e-01 9.812874999999999792e-01 9.813749999999999973e-01 9.813499999999999446e-01 9.814374999999999627e-01 9.813625000000000265e-01 9.815125000000000099e-01 9.817000000000000171e-01 9.818249999999999478e-01 9.818999999999999950e-01 9.820124999999999549e-01 9.821999999999999620e-01 9.822250000000000147e-01
9.811999999999999611e-01 9.813749999999999973e-01 9.812874999999999792e-01 9.813374999999999737e-01 9.811625000000000485e-01 9.810750000000000304e-01 9.813499999999999446e-01 9.813874999999999682e-01 9.815749999999999753e-01 9.816624999999999934e-01 9.816500000000000226e-01 9.817000000000000171e-01 9.816500000000000226e-01 9.818500000000000005e-01 9.819999999999999840e-01 9.820999999999999730e-01 9.821750000000000203e-01 9.823749999999999982e-01 9.824500000000000455e-01 9.824749999999999872e-01
9.815125000000000099e-01 9.816375000000000517e-01 9.816249999999999698e-01 9.816500000000000226e-01 9.814874999999999572e-01 9.814249999999999918e-01 9.817375000000000407e-01 9.816875000000000462e-01 9.817875000000000352e-01 9.819124999999999659e-01 9.819124999999999659e-01 9.820375000000000076e-01 9.820124999999999549e-01 9.821999999999999620e-01 9.822374999999999856e-01 9.823749999999999982e-01 9.825249999999999817e-01 9.826875000000000471e-01 9.827249999999999597e-01 9.827875000000000361e-01
9.818249999999999478e-01 9.819999999999999840e-01 9.819999999999999840e-01 9.820499999999999785e-01 9.818624999999999714e-01 9.818624999999999714e-01 9.820499999999999785e-01 9.819375000000000187e-01 9.820875000000000021e-01 9.822499999999999565e-01 9.822874999999999801e-01 9.823749999999999982e-01 9.823625000000000274e-01 9.825125000000000108e-01 9.825625000000000053e-01 9.828249999999999487e-01 9.828249999999999487e-01 9.829250000000000487e-01 9.829999999999999849e-01 9.830499999999999794e-01
9.821499999999999675e-01 9.823625000000000274e-01 9.823374999999999746e-01 9.824000000000000510e-01 9.821374999999999966e-01 9.821750000000000203e-01 9.823374999999999746e-01 9.822625000000000384e-01 9.825125000000000108e-01 9.826624999999999943e-01 9.826500000000000234e-01 9.828875000000000250e-01 9.827249999999999597e-01 9.828500000000000014e-01 9.829624999999999613e-01 9.830999999999999739e-01 9.831374999999999975e-01 9.832750000000000101e-01 9.832625000000000393e-01 9.832125000000000448e-01
9.824874999999999581e-01 9.827000000000000179e-01 9.827375000000000416e-01 9.827249999999999597e-01 9.825500000000000345e-01 9.825000000000000400e-01 9.826249999999999707e-01 9.826624999999999943e-01 9.829375000000000195e-01 9.829875000000000140e-01 9.831250000000000266e-01 9.832625000000000393e-01 9.830499999999999794e-01 9.832625000000000393e-01 9.833125000000000338e-01 9.834000000000000519e-01 9.834125000000000227e-01 9.835000000000000409e-01 9.834374999999999645e-01 9.835625000000000062e-01
9.829375000000000195e-01 9.830250000000000377e-01 9.831499999999999684e-01 9.830999999999999739e-01 9.829250000000000487e-01 9.828249999999999487e-01 9.830250000000000377e-01 9.830750000000000322e-01 9.832250000000000156e-01 9.834000000000000519e-01 9.835500000000000353e-01 9.836749999999999661e-01 9.834874999999999590e-01 9.837000000000000188e-01 9.835749999999999771e-01 9.836875000000000480e-01 9.837375000000000425e-01 9.838249999999999496e-01 9.837875000000000369e-01 9.838624999999999732e-01
9.832999999999999519e-01 9.834749999999999881e-01 9.835374999999999535e-01 9.835125000000000117e-01 9.832499999999999574e-01 9.832625000000000393e-01 9.834000000000000519e-01 9.833874999999999700e-01 9.836249999999999716e-01 9.838249999999999496e-01 9.839250000000000496e-01 9.840499999999999803e-01 9.838875000000000259e-01 9.840250000000000385e-01 9.838999999999999968e-01 9.839999999999999858e-01 9.840624999999999512e-01 9.841499999999999693e-01 9.841124999999999456e-01 9.842125000000000457e-01
9.836624999999999952e-01 9.838875000000000259e-01 9.839250000000000496e-01 9.838999999999999968e-01 9.836375000000000535e-01 9.836000000000000298e-01 9.837749999999999551e-01 9.838249999999999496e-01 9.840499999999999803e-01 9.842499999999999583e-01 9.843250000000000055e-01 9.844500000000000473e-01 9.842750000000000110e-01 9.842874999999999819e-01 9.842499999999999583e-01 9.843125000000000346e-01 9.843625000000000291e-01 9.844874999999999599e-01 9.844374999999999654e-01 9.845874999999999488e-01
9.841250000000000275e-01 9.843125000000000346e-01 9.842750000000000110e-01 9.842374999999999874e-01 9.840375000000000094e-01 9.840124999999999567e-01 9.842125000000000457e-01 9.842625000000000401e-01 9.845000000000000417e-01 9.846125000000000016e-01 9.847249999999999615e-01 9.848375000000000323e-01 9.846624999999999961e-01 9.847124999999999906e-01 9.845749999999999780e-01 9.846375000000000544e-01 9.847875000000000378e-01 9.848124999999999796e-01 9.847875000000000378e-01 9.848749999999999449e-01
9.846375000000000544e-01 9.847500000000000142e-01 9.847124999999999906e-01 9.847124999999999906e-01 9.845125000000000126e-01 9.843625000000000291e-01 9.847000000000000197e-01 9.847249999999999615e-01 9.849250000000000504e-01 9.850875000000000048e-01 9.852125000000000465e-01 9.851874999999999938e-01 9.849624999999999631e-01 9.849999999999999867e-01 9.849124999999999686e-01 9.850875000000000048e-01 9.851124999999999465e-01 9.851999999999999647e-01 9.850875000000000048e-01 9.854000000000000536e-01
9.851124999999999465e-01 9.851874999999999938e-01 9.851124999999999465e-01 9.850499999999999812e-01 9.849124999999999686e-01 9.848500000000000032e-01 9.851374999999999993e-01 9.851625000000000520e-01 9.853499999999999481e-01 9.854500000000000481e-01 9.855125000000000135e-01 9.856000000000000316e-01 9.853374999999999773e-01 9.853374999999999773e-01 9.853499999999999481e-01 9.853874999999999718e-01 9.854500000000000481e-01 9.855500000000000371e-01 9.855625000000000080e-01 9.857624999999999860e-01
9.855374999999999552e-01 9.856249999999999734e-01 9.854374999999999662e-01 9.855874999999999497e-01 9.854500000000000481e-01 9.853499999999999481e-01 9.855749999999999789e-01 9.855749999999999789e-01 9.858000000000000096e-01 9.858375000000000332e-01 9.859375000000000222e-01 9.859750000000000458e-01 9.856875000000000497e-01 9.858000000000000096e-01 9.857375000000000442e-01 9.857500000000000151e-01 9.859124999999999694e-01 9.859875000000000167e-01 9.859124999999999694e-01 9.861250000000000293e-01
9.859499999999999931e-01 9.861124999999999474e-01 9.859624999999999639e-01 9.860624999999999529e-01 9.859875000000000167e-01 9.858124999999999805e-01 9.859499999999999931e-01 9.860499999999999821e-01 9.862374999999999892e-01 9.862874999999999837e-01 9.863374999999999782e-01 9.863750000000000018e-01 9.861250000000000293e-01 9.862999999999999545e-01 9.859999999999999876e-01 9.860624999999999529e-01 9.861625000000000529e-01 9.863874999999999726e-01 9.864000000000000545e-01 9.866000000000000325e-01
9.864374999999999671e-01 9.864249999999999963e-01 9.864000000000000545e-01 9.865249999999999853e-01 9.865125000000000144e-01 9.862750000000000128e-01 9.864374999999999671e-01 9.864625000000000199e-01 9.866749999999999687e-01 9.866749999999999687e-01 9.868000000000000105e-01 9.867624999999999869e-01 9.865374999999999561e-01 9.865749999999999797e-01 9.863874999999999726e-01 9.865374999999999561e-01 9.867624999999999869e-01 9.867375000000000451e-01 9.866875000000000506e-01 9.870124999999999593e-01
9.869124999999999703e-01 9.869375000000000231e-01 9.868749999999999467e-01 9.870375000000000121e-01 9.869750000000000467e-01 9.866749999999999687e-01 9.868999999999999995e-01 9.870375000000000121e-01 9.870750000000000357e-01 9.871750000000000247e-01 9.872250000000000192e-01 9.870750000000000357e-01 9.869624999999999648e-01 9.870875000000000066e-01 9.868624999999999758e-01 9.869875000000000176e-01 9.871375000000000011e-01 9.871999999999999664e-01 9.871874999999999956e-01 9.875249999999999861e-01
9.872750000000000137e-01 9.873625000000000318e-01 9.874125000000000263e-01 9.875625000000000098e-01 9.874000000000000554e-01 9.871999999999999664e-01 9.874125000000000263e-01 9.874374999999999680e-01 9.875125000000000153e-01 9.875500000000000389e-01 9.875249999999999861e-01 9.876749999999999696e-01 9.873250000000000082e-01 9.874249999999999972e-01 9.872750000000000137e-01 9.874749999999999917e-01 9.875249999999999861e-01 9.875625000000000098e-01 9.877375000000000460e-01 9.879624999999999657e-01
9.877375000000000460e-01 9.879250000000000531e-01 9.880624999999999547e-01 9.879499999999999948e-01 9.877749999999999586e-01 9.876749999999999696e-01 9.878749999999999476e-01 9.878249999999999531e-01 9.880375000000000130e-01 9.879499999999999948e-01 9.879875000000000185e-01 9.879750000000000476e-01 9.877124999999999932e-01 9.878875000000000295e-01 9.877875000000000405e-01 9.879375000000000240e-01 9.880250000000000421e-01 9.879875000000000185e-01 9.881750000000000256e-01 9.884625000000000217e-01
9.882125000000000492e-01 9.884374999999999689e-01 9.885125000000000162e-01 9.884749999999999925e-01 9.882125000000000492e-01 9.882125000000000492e-01 9.883499999999999508e-01 9.882999999999999563e-01 9.885249999999999870e-01 9.883374999999999799e-01 9.885000000000000453e-01 9.884625000000000217e-01 9.881874999999999964e-01 9.882250000000000201e-01 9.882750000000000146e-01 9.883874999999999744e-01 9.884125000000000272e-01 9.885500000000000398e-01 9.887375000000000469e-01 9.887875000000000414e-01
9.887624999999999886e-01 9.889875000000000194e-01 9.888624999999999776e-01 9.888375000000000359e-01 9.887875000000000414e-01 9.886624999999999996e-01 9.886000000000000343e-01 9.887749999999999595e-01 9.888375000000000359e-01 9.888124999999999831e-01 9.889499999999999957e-01 9.889250000000000540e-01 9.886000000000000343e-01 9.888375000000000359e-01 9.886875000000000524e-01 9.888500000000000068e-01 9.889499999999999957e-01 9.890624999999999556e-01 9.891375000000000028e-01 9.892625000000000446e-01
9.892999999999999572e-01 9.894374999999999698e-01 9.893625000000000336e-01 9.894249999999999989e-01 9.893374999999999808e-01 9.891999999999999682e-01 9.892250000000000210e-01 9.893125000000000391e-01 9.892625000000000446e-01 9.892874999999999863e-01 9.894500000000000517e-01 9.893374999999999808e-01 9.890499999999999847e-01 9.893625000000000336e-01 9.891624999999999446e-01 9.892250000000000210e-01 9.894874999999999643e-01 9.895749999999999824e-01 9.895249999999999879e-01 9.897124999999999950e-01
9.898375000000000368e-01 9.899000000000000021e-01 9.899250000000000549e-01 9.900250000000000439e-01 9.897249999999999659e-01 9.896249999999999769e-01 9.896749999999999714e-01 9.897124999999999950e-01 9.898500000000000076e-01 9.897375000000000478e-01 9.898624999999999785e-01 9.897624999999999895e-01 9.896249999999999769e-01 9.897749999999999604e-01 9.896000000000000352e-01 9.897749999999999604e-01 9.900375000000000147e-01 9.899750000000000494e-01 9.899124999999999730e-01 9.902250000000000218e-01
9.902499999999999636e-01 9.903874999999999762e-01 9.903499999999999526e-01 9.905374999999999597e-01 9.902499999999999636e-01 9.901250000000000329e-01 9.901874999999999982e-01 9.902374999999999927e-01 9.902499999999999636e-01 9.902250000000000218e-01 9.902874999999999872e-01 9.902250000000000218e-01 9.901124999999999510e-01 9.902374999999999927e-01 9.900499999999999856e-01 9.902625000000000455e-01 9.905625000000000124e-01 9.904125000000000290e-01 9.905249999999999888e-01 9.906749999999999723e-01
9.907875000000000432e-01 9.908875000000000322e-01 9.909249999999999448e-01 9.910250000000000448e-01 9.906749999999999723e-01 9.907124999999999959e-01 9.905125000000000179e-01 9.907249999999999668e-01 9.906875000000000542e-01 9.907249999999999668e-01 9.907249999999999668e-01 9.907124999999999959e-01 9.905500000000000416e-01 9.907249999999999668e-01 9.905625000000000124e-01 9.907124999999999959e-01 9.909375000000000266e-01 9.908500000000000085e-01 9.910124999999999629e-01 9.910875000000000101e-01
9.912250000000000227e-01 9.913874999999999771e-01 9.914125000000000298e-01 9.914374999999999716e-01 9.912250000000000227e-01 9.911499999999999755e-01 9.910624999999999574e-01 9.910875000000000101e-01 9.912625000000000464e-01 9.911624999999999464e-01 9.911750000000000282e-01 9.912250000000000227e-01 9.909750000000000503e-01 9.911999999999999700e-01 9.911375000000000046e-01 9.912374999999999936e-01 9.914374999999999716e-01 9.913999999999999480e-01 9.914250000000000007e-01 9.916000000000000369e-01
9.917375000000000496e-01 9.919249999999999456e-01 9.918749999999999512e-01 9.918000000000000149e-01 9.917124999999999968e-01 9.914625000000000243e-01 9.915000000000000480e-01 9.915374999999999606e-01 9.917749999999999622e-01 9.916249999999999787e-01 9.917000000000000259e-01 9.917000000000000259e-01 9.915500000000000425e-01 9.917249999999999677e-01 9.915000000000000480e-01 9.917000000000000259e-01 9.918875000000000330e-01 9.919375000000000275e-01 9.919000000000000039e-01 9.920250000000000457e-01
9.923374999999999835e-01 9.923750000000000071e-01 9.922999999999999599e-01 9.922499999999999654e-01 9.921999999999999709e-01 9.920499999999999874e-01 9.918624999999999803e-01 9.920750000000000401e-01 9.922250000000000236e-01 9.920875000000000110e-01 9.921375000000000055e-01 9.920750000000000401e-01 9.920124999999999638e-01 9.921499999999999764e-01 9.920499999999999874e-01 9.921124999999999527e-01 9.924125000000000307e-01 9.923625000000000362e-01 9.923874999999999780e-01 9.925374999999999615e-01
9.928500000000000103e-01 9.928000000000000158e-01 9.926374999999999504e-01 9.927624999999999922e-01 9.924749999999999961e-01 9.924125000000000307e-01 9.923625000000000362e-01 9.926000000000000378e-01 9.926500000000000323e-01 9.926374999999999504e-01 9.926000000000000378e-01 9.926749999999999741e-01 9.924500000000000544e-01 9.926000000000000378e-01 9.924874999999999670e-01 9.926249999999999796e-01 9.929375000000000284e-01 9.929124999999999757e-01 9.928749999999999520e-01 9.929499999999999993e-01
9.932999999999999607e-01 9.932750000000000190e-01 9.930750000000000410e-01 9.932999999999999607e-01 9.930499999999999883e-01 9.928249999999999575e-01 9.928249999999999575e-01 9.931124999999999536e-01 9.930750000000000410e-01 9.929999999999999938e-01 9.929875000000000229e-01 9.931124999999999536e-01 9.929750000000000520e-01 9.930875000000000119e-01 9.928124999999999867e-01 9.930875000000000119e-01 9.934500000000000552e-01 9.933625000000000371e-01 9.933125000000000426e-01 9.935125000000000206e-01
9.937249999999999694e-01 9.936000000000000387e-01 9.936249999999999805e-01 9.937249999999999694e-01 9.934500000000000552e-01 9.932250000000000245e-01 9.933250000000000135e-01 9.934749999999999970e-01 9.934749999999999970e-01 9.934374999999999734e-01 9.934874999999999678e-01 9.936000000000000387e-01 9.933499999999999552e-01 9.935374999999999623e-01 9.933250000000000135e-01 9.935374999999999623e-01 9.939750000000000529e-01 9.937749999999999639e-01 9.937375000000000513e-01 9.938624999999999821e-01
9.941499999999999782e-01 9.939624999999999710e-01 9.940999999999999837e-01 9.941124999999999545e-01 9.938500000000000112e-01 9.936374999999999513e-01 9.938624999999999821e-01 9.939500000000000002e-01 9.939750000000000529e-01 9.938500000000000112e-01 9.939500000000000002e-01 9.939500000000000002e-01 9.938124999999999876e-01 9.938624999999999821e-01 9.937375000000000513e-01 9.940375000000000183e-01 9.942999999999999616e-01 9.941875000000000018e-01 9.941999999999999726e-01 9.943125000000000435e-01
9.945125000000000215e-01 9.944499999999999451e-01 9.945249999999999924e-01 9.945249999999999924e-01 9.942250000000000254e-01 9.941624999999999490e-01 9.942874999999999908e-01 9.943499999999999561e-01 9.943374999999999853e-01 9.942999999999999616e-01 9.943499999999999561e-01 9.944125000000000325e-01 9.942499999999999671e-01 9.942874999999999908e-01 9.941875000000000018e-01 9.944749999999999979e-01 9.948249999999999593e-01 9.945500000000000451e-01 9.945625000000000160e-01 9.946249999999999813e-01
9.947875000000000467e-01 9.948624999999999829e-01 9.949000000000000066e-01 9.949000000000000066e-01 9.945500000000000451e-01 9.946125000000000105e-01 9.946125000000000105e-01 9.947500000000000231e-01 9.947249999999999703e-01 9.947124999999999995e-01 9.947500000000000231e-01 9.948124999999999885e-01 9.946249999999999813e-01 9.948500000000000121e-01 9.946625000000000050e-01 9.949124999999999774e-01 9.950499999999999901e-01 9.950250000000000483e-01 9.949999999999999956e-01 9.951250000000000373e-01
9.952125000000000554e-01 9.952625000000000499e-01 9.952625000000000499e-01 9.952625000000000499e-01 9.949750000000000538e-01 9.950999999999999845e-01 9.950750000000000428e-01 9.951124999999999554e-01 9.951999999999999735e-01 9.950999999999999845e-01 9.950875000000000137e-01 9.952999999999999625e-01 9.949750000000000538e-01 9.952625000000000499e-01 9.950624999999999609e-01 9.952750000000000208e-01 9.954874999999999696e-01 9.953625000000000389e-01 9.952874999999999917e-01 9.954250000000000043e-01
9.956500000000000350e-01 9.956500000000000350e-01 9.955625000000000169e-01 9.956249999999999822e-01 9.954874999999999696e-01 9.954625000000000279e-01 9.953750000000000098e-01 9.954499999999999460e-01 9.954499999999999460e-01 9.954874999999999696e-01 9.956249999999999822e-01 9.955374999999999641e-01 9.953999999999999515e-01 9.956500000000000350e-01 9.954125000000000334e-01 9.957249999999999712e-01 9.958624999999999838e-01 9.957500000000000240e-01 9.956249999999999822e-01 9.958375000000000421e-01
9.959999999999999964e-01 9.960375000000000201e-01 9.959999999999999964e-01 9.958749999999999547e-01 9.958624999999999838e-01 9.958124999999999893e-01 9.957125000000000004e-01 9.958624999999999838e-01 9.958375000000000421e-01 9.958000000000000185e-01 9.958875000000000366e-01 9.958624999999999838e-01 9.957875000000000476e-01 9.960375000000000201e-01 9.958000000000000185e-01 9.959500000000000020e-01 9.962874999999999925e-01 9.961624999999999508e-01 9.959875000000000256e-01 9.960999999999999854e-01
9.963874999999999815e-01 9.963250000000000162e-01 9.963499999999999579e-01 9.962625000000000508e-01 9.961999999999999744e-01 9.960499999999999909e-01 9.960875000000000146e-01 9.962750000000000217e-01 9.962250000000000272e-01 9.961375000000000091e-01 9.962374999999999980e-01 9.962374999999999980e-01 9.961624999999999508e-01 9.963625000000000398e-01 9.961999999999999744e-01 9.962750000000000217e-01 9.966000000000000414e-01 9.964749999999999996e-01 9.963374999999999870e-01 9.964374999999999760e-01
9.967375000000000540e-01 9.966374999999999540e-01 9.966749999999999776e-01 9.966374999999999540e-01 9.965249999999999941e-01 9.964250000000000052e-01 9.963874999999999815e-01 9.965374999999999650e-01 9.965500000000000469e-01 9.964749999999999996e-01 9.966374999999999540e-01 9.966500000000000359e-01 9.965249999999999941e-01 9.967375000000000540e-01 9.965500000000000469e-01 9.966374999999999540e-01 9.969000000000000083e-01 9.967249999999999721e-01 9.966749999999999776e-01 9.967624999999999957e-01
9.970124999999999682e-01 9.969875000000000265e-01 9.969000000000000083e-01 9.970624999999999627e-01 9.968875000000000375e-01 9.966874999999999485e-01 9.966125000000000123e-01 9.968875000000000375e-01 9.968875000000000375e-01 9.968875000000000375e-01 9.968500000000000139e-01 9.969500000000000028e-01 9.968000000000000194e-01 9.969624999999999737e-01 9.968500000000000139e-01 9.970124999999999682e-01 9.971875000000000044e-01 9.969875000000000265e-01 9.969999999999999973e-01 9.970750000000000446e-01
9.973250000000000171e-01 9.972874999999999934e-01 9.971624999999999517e-01 9.973250000000000171e-01 9.971499999999999808e-01 9.969624999999999737e-01 9.969375000000000320e-01 9.971499999999999808e-01 9.971499999999999808e-01 9.971124999999999572e-01 9.971499999999999808e-01 9.972499999999999698e-01 9.970999999999999863e-01 9.972625000000000517e-01 9.970499999999999918e-01 9.972999999999999643e-01 9.975000000000000533e-01 9.972374999999999989e-01 9.972124999999999462e-01 9.974250000000000060e-01
9.975625000000000187e-01 9.976000000000000423e-01 9.974374999999999769e-01 9.975749999999999895e-01 9.974499999999999478e-01 9.973750000000000115e-01 9.972874999999999934e-01 9.975374999999999659e-01 9.974750000000000005e-01 9.974374999999999769e-01 9.974874999999999714e-01 9.974499999999999478e-01 9.973374999999999879e-01 9.975625000000000187e-01 9.973374999999999879e-01 9.975625000000000187e-01 9.978500000000000147e-01 9.975374999999999659e-01 9.974250000000000060e-01 9.976125000000000131e-01
9.978124999999999911e-01 9.978249999999999620e-01 9.977375000000000549e-01 9.978875000000000384e-01 9.975874999999999604e-01 9.976000000000000423e-01 9.975374999999999659e-01 9.978624999999999856e-01 9.978124999999999911e-01 9.975874999999999604e-01 9.977375000000000549e-01 9.977125000000000021e-01 9.976374999999999549e-01 9.977749999999999675e-01 9.975625000000000187e-01 9.977375000000000549e-01 9.980250000000000510e-01 9.978000000000000203e-01 9.977000000000000313e-01 9.978249999999999620e-01
9.980250000000000510e-01 9.980124999999999691e-01 9.980250000000000510e-01 9.980875000000000163e-01 9.978624999999999856e-01 9.978500000000000147e-01 9.977500000000000258e-01 9.979749999999999455e-01 9.980499999999999927e-01 9.978249999999999620e-01 9.979375000000000329e-01 9.979624999999999746e-01 9.978749999999999565e-01 9.980375000000000218e-01 9.978249999999999620e-01 9.979500000000000037e-01 9.982625000000000526e-01 9.979624999999999746e-01 9.979875000000000274e-01 9.980750000000000455e-01
9.982874999999999943e-01 9.981875000000000053e-01 9.982499999999999707e-01 9.982874999999999943e-01 9.980499999999999927e-01 9.980250000000000510e-01 9.980124999999999691e-01 9.982250000000000290e-01 9.982625000000000526e-01 9.980499999999999927e-01 9.981999999999999762e-01 9.981999999999999762e-01 9.981499999999999817e-01 9.982999999999999652e-01 9.980875000000000163e-01 9.982374999999999998e-01 9.984625000000000306e-01 9.982124999999999471e-01 9.982124999999999471e-01 9.982750000000000234e-01
9.984625000000000306e-01 9.983750000000000124e-01 9.985249999999999959e-01 9.985125000000000250e-01 9.982374999999999998e-01 9.981999999999999762e-01 9.981999999999999762e-01 9.984499999999999487e-01 9.985125000000000250e-01 9.983250000000000179e-01 9.983250000000000179e-01 9.984250000000000069e-01 9.982499999999999707e-01 9.985125000000000250e-01 9.982999999999999652e-01 9.983999999999999542e-01 9.986000000000000432e-01 9.983250000000000179e-01 9.984374999999999778e-01 9.984750000000000014e-01
9.986625000000000085e-01 9.985749999999999904e-01 9.987125000000000030e-01 9.987000000000000322e-01 9.984374999999999778e-01 9.984125000000000361e-01 9.984250000000000069e-01 9.987125000000000030e-01 9.986249999999999849e-01 9.985000000000000542e-01 9.985249999999999959e-01 9.986000000000000432e-01 9.984374999999999778e-01 9.987624999999999975e-01 9.984499999999999487e-01 9.986000000000000432e-01 9.987249999999999739e-01 9.984374999999999778e-01 9.986000000000000432e-01 9.987000000000000322e-01
9.988249999999999629e-01 9.988000000000000211e-01 9.988875000000000393e-01 9.988749999999999574e-01 9.986000000000000432e-01 9.986249999999999849e-01 9.985625000000000195e-01 9.989500000000000046e-01 9.987749999999999684e-01 9.986625000000000085e-01 9.986874999999999503e-01 9.987374999999999448e-01 9.986374999999999558e-01 9.989000000000000101e-01 9.985625000000000195e-01 9.987500000000000266e-01 9.988875000000000393e-01 9.985874999999999613e-01 9.987374999999999448e-01 9.988500000000000156e-01
9.988749999999999574e-01 9.989749999999999464e-01 9.990624999999999645e-01 9.989875000000000282e-01 9.987749999999999684e-01 9.988124999999999920e-01 9.987125000000000030e-01 9.991124999999999590e-01 9.989375000000000338e-01 9.988000000000000211e-01 9.989124999999999810e-01 9.989249999999999519e-01 9.987374999999999448e-01 9.990375000000000227e-01 9.987000000000000322e-01 9.988749999999999574e-01 9.990750000000000464e-01 9.987374999999999448e-01 9.989375000000000338e-01 9.989875000000000282e-01
9.989875000000000282e-01 9.991250000000000409e-01 9.991375000000000117e-01 9.990875000000000172e-01 9.989249999999999519e-01 9.989875000000000282e-01 9.988124999999999920e-01 9.992375000000000007e-01 9.990124999999999700e-01 9.989249999999999519e-01 9.990750000000000464e-01 9.990499999999999936e-01 9.988500000000000156e-01 9.991999999999999771e-01 9.988375000000000448e-01 9.990875000000000172e-01 9.991999999999999771e-01 9.988749999999999574e-01 9.990499999999999936e-01 9.990875000000000172e-01
9.990999999999999881e-01 9.992250000000000298e-01 9.992124999999999480e-01 9.992124999999999480e-01 9.990375000000000227e-01 9.991250000000000409e-01 9.989500000000000046e-01 9.993250000000000188e-01 9.991499999999999826e-01 9.990999999999999881e-01 9.992250000000000298e-01 9.991624999999999535e-01 9.989749999999999464e-01 9.993250000000000188e-01 9.989249999999999519e-01 9.992250000000000298e-01 9.993625000000000425e-01 9.990375000000000227e-01 9.991624999999999535e-01 9.992250000000000298e-01
9.991875000000000062e-01 9.993125000000000480e-01 9.993374999999999897e-01 9.993125000000000480e-01 9.991499999999999826e-01 9.992999999999999661e-01 9.990875000000000172e-01 9.994625000000000314e-01 9.992625000000000535e-01 9.992499999999999716e-01 9.993125000000000480e-01 9.992499999999999716e-01 9.990624999999999645e-01 9.994250000000000078e-01 9.991250000000000409e-01 9.992874999999999952e-01 9.994625000000000314e-01 9.991624999999999535e-01 9.992499999999999716e-01 9.993250000000000188e-01
9.992999999999999661e-01 9.993999999999999551e-01 9.994125000000000369e-01 9.993999999999999551e-01 9.992750000000000243e-01 9.993750000000000133e-01 9.992874999999999952e-01 9.995000000000000551e-01 9.994499999999999496e-01 9.993750000000000133e-01 9.993874999999999842e-01 9.993374999999999897e-01 9.991624999999999535e-01 9.995374999999999677e-01 9.992625000000000535e-01 9.993874999999999842e-01 9.995374999999999677e-01 9.993250000000000188e-01 9.993125000000000480e-01 9.994125000000000369e-01
9.994374999999999787e-01 9.994250000000000078e-01 9.995125000000000259e-01 9.995000000000000551e-01 9.993874999999999842e-01 9.994125000000000369e-01 9.993499999999999606e-01 9.996125000000000149e-01 9.995374999999999677e-01 9.994874999999999732e-01 9.994499999999999496e-01 9.994250000000000078e-01 9.992750000000000243e-01 9.996500000000000385e-01 9.993499999999999606e-01 9.995374999999999677e-01 9.996125000000000149e-01 9.994499999999999496e-01 9.993874999999999842e-01 9.994874999999999732e-01
9.994874999999999732e-01 9.995625000000000204e-01 9.995500000000000496e-01 9.996374999999999567e-01 9.994750000000000023e-01 9.994750000000000023e-01 9.994499999999999496e-01 9.996625000000000094e-01 9.996000000000000441e-01 9.995374999999999677e-01 9.995374999999999677e-01 9.995500000000000496e-01 9.994625000000000314e-01 9.997125000000000039e-01 9.993874999999999842e-01 9.996500000000000385e-01 9.996374999999999567e-01 9.995249999999999968e-01 9.995249999999999968e-01 9.995249999999999968e-01
9.995625000000000204e-01 9.996500000000000385e-01 9.996374999999999567e-01 9.997125000000000039e-01 9.995625000000000204e-01 9.995625000000000204e-01 9.995625000000000204e-01 9.997374999999999456e-01 9.996749999999999803e-01 9.996500000000000385e-01 9.995874999999999622e-01 9.996000000000000441e-01 9.995000000000000551e-01 9.997374999999999456e-01 9.994750000000000023e-01 9.996625000000000094e-01 9.996874999999999512e-01 9.996249999999999858e-01 9.996125000000000149e-01 9.995874999999999622e-01
9.996249999999999858e-01 9.997000000000000330e-01 9.996874999999999512e-01 9.997749999999999693e-01 9.996000000000000441e-01 9.996874999999999512e-01 9.996374999999999567e-01 9.997875000000000512e-01 9.997249999999999748e-01 9.997000000000000330e-01 9.996374999999999567e-01 9.996374999999999567e-01 9.995374999999999677e-01 9.997749999999999693e-01 9.995249999999999968e-01 9.996874999999999512e-01 9.997125000000000039e-01 9.996625000000000094e-01 9.996500000000000385e-01 9.996625000000000094e-01
9.996625000000000094e-01 9.997500000000000275e-01 9.997249999999999748e-01 9.998375000000000457e-01 9.996625000000000094e-01 9.997374999999999456e-01 9.997000000000000330e-01 9.998375000000000457e-01 9.997749999999999693e-01 9.997249999999999748e-01 9.996874999999999512e-01 9.996874999999999512e-01 9.996374999999999567e-01 9.997875000000000512e-01 9.995874999999999622e-01 9.997125000000000039e-01 9.997374999999999456e-01 9.997000000000000330e-01 9.996874999999999512e-01 9.997624999999999984e-01
9.997249999999999748e-01 9.998124999999999929e-01 9.997500000000000275e-01 9.998624999999999874e-01 9.997125000000000039e-01 9.997624999999999984e-01 9.997500000000000275e-01 9.998749999999999583e-01 9.997875000000000512e-01 9.997749999999999693e-01 9.997374999999999456e-01 9.997749999999999693e-01 9.996500000000000385e-01 9.998124999999999929e-01 9.996000000000000441e-01 9.997125000000000039e-01 9.998124999999999929e-01 9.997749999999999693e-01 9.997500000000000275e-01 9.997624999999999984e-01
9.997749999999999693e-01 9.998624999999999874e-01 9.998249999999999638e-01 9.998749999999999583e-01 9.997749999999999693e-01 9.997624999999999984e-01 9.998000000000000220e-01 9.999124999999999819e-01 9.998375000000000457e-01 9.998124999999999929e-01 9.998249999999999638e-01 9.998500000000000165e-01 9.996749999999999803e-01 9.998375000000000457e-01 9.996374999999999567e-01 9.998124999999999929e-01 9.998500000000000165e-01 9.998249999999999638e-01 9.997749999999999693e-01 9.998249999999999638e-01
9.998375000000000457e-01 9.998624999999999874e-01 9.998375000000000457e-01 9.999249999999999527e-01 9.998124999999999929e-01 9.998000000000000220e-01 9.998500000000000165e-01 9.999124999999999819e-01 9.998624999999999874e-01 9.998375000000000457e-01 9.998375000000000457e-01 9.999000000000000110e-01 9.997624999999999984e-01 9.998500000000000165e-01 9.997000000000000330e-01 9.998624999999999874e-01 9.998500000000000165e-01 9.998375000000000457e-01 9.998124999999999929e-01 9.998875000000000401e-01
9.998500000000000165e-01 9.998875000000000401e-01 9.998624999999999874e-01 9.999249999999999527e-01 9.998500000000000165e-01 9.998249999999999638e-01 9.998875000000000401e-01 9.999249999999999527e-01 9.999000000000000110e-01 9.998749999999999583e-01 9.998749999999999583e-01 9.999124999999999819e-01 9.998375000000000457e-01 9.998749999999999583e-01 9.997374999999999456e-01 9.998749999999999583e-01 9.998749999999999583e-01 9.998875000000000401e-01 9.998249999999999638e-01 9.999124999999999819e-01
9.998749999999999583e-01 9.999249999999999527e-01 9.998749999999999583e-01 9.999249999999999527e-01 9.998624999999999874e-01 9.998875000000000401e-01 9.999124999999999819e-01 9.999749999999999472e-01 9.999249999999999527e-01 9.999124999999999819e-01 9.998875000000000401e-01 9.999500000000000055e-01 9.998624999999999874e-01 9.998749999999999583e-01 9.997624999999999984e-01 9.999124999999999819e-01 9.998875000000000401e-01 9.999124999999999819e-01 9.998749999999999583e-01 9.999375000000000346e-01
9.998875000000000401e-01 9.999375000000000346e-01 9.999124999999999819e-01 9.999624999999999764e-01 9.998749999999999583e-01 9.999124999999999819e-01 9.999249999999999527e-01 9.999749999999999472e-01 9.999749999999999472e-01 9.999124999999999819e-01 9.999249999999999527e-01 9.999875000000000291e-01 9.998749999999999583e-01 9.998875000000000401e-01 9.998375000000000457e-01 9.999124999999999819e-01 9.999000000000000110e-01 9.999249999999999527e-01 9.998875000000000401e-01 9.999375000000000346e-01
9.999000000000000110e-01 9.999624999999999764e-01 9.999249999999999527e-01 9.999749999999999472e-01 9.998875000000000401e-01 9.999249999999999527e-01 9.999500000000000055e-01 9.999875000000000291e-01 9.999875000000000291e-01 9.999375000000000346e-01 9.999500000000000055e-01 1.000000000000000000e+00 9.999000000000000110e-01 9.998875000000000401e-01 9.998624999999999874e-01 9.999124999999999819e-01 9.999124999999999819e-01 9.999375000000000346e-01 9.999124999999999819e-01 9.999375000000000346e-01
9.999375000000000346e-01 9.999624999999999764e-01 9.999500000000000055e-01 9.999875000000000291e-01 9.999249999999999527e-01 9.999249999999999527e-01 9.999624999999999764e-01 9.999875000000000291e-01 9.999875000000000291e-01 9.999500000000000055e-01 9.999500000000000055e-01 1.000000000000000000e+00 9.999000000000000110e-01 9.999124999999999819e-01 9.999000000000000110e-01 9.999375000000000346e-01 9.999249999999999527e-01 9.999375000000000346e-01 9.999375000000000346e-01 9.999375000000000346e-01
9.999500000000000055e-01 9.999624999999999764e-01 9.999624999999999764e-01 9.999875000000000291e-01 9.999500000000000055e-01 9.999249999999999527e-01 9.999749999999999472e-01 9.999875000000000291e-01 9.999875000000000291e-01 9.999500000000000055e-01 9.999624999999999764e-01 1.000000000000000000e+00 9.999375000000000346e-01 9.999249999999999527e-01 9.999124999999999819e-01 9.999500000000000055e-01 9.999500000000000055e-01 9.999375000000000346e-01 9.999500000000000055e-01 9.999500000000000055e-01
9.999749999999999472e-01 9.999624999999999764e-01 9.999749999999999472e-01 9.999875000000000291e-01 9.999749999999999472e-01 9.999375000000000346e-01 9.999875000000000291e-01 1.000000000000000000e+00 9.999875000000000291e-01 9.999624999999999764e-01 9.999749999999999472e-01 1.000000000000000000e+00 9.999375000000000346e-01 9.999375000000000346e-01 9.999124999999999819e-01 9.999500000000000055e-01 9.999500000000000055e-01 9.999500000000000055e-01 9.999624999999999764e-01 9.999875000000000291e-01
9.999749999999999472e-01 9.999624999999999764e-01 9.999875000000000291e-01 9.999875000000000291e-01 9.999749999999999472e-01 9.999375000000000346e-01 9.999875000000000291e-01 1.000000000000000000e+00 9.999875000000000291e-01 9.999749999999999472e-01 9.999749999999999472e-01 1.000000000000000000e+00 9.999375000000000346e-01 9.999375000000000346e-01 9.999249999999999527e-01 9.999500000000000055e-01 9.999624999999999764e-01 9.999749999999999472e-01 9.999624999999999764e-01 1.000000000000000000e+00
9.999749999999999472e-01 9.999749999999999472e-01 9.999875000000000291e-01 9.999875000000000291e-01 9.999875000000000291e-01 9.999500000000000055e-01 9.999875000000000291e-01 1.000000000000000000e+00 9.999875000000000291e-01 9.999875000000000291e-01 9.999875000000000291e-01 1.000000000000000000e+00 9.999375000000000346e-01 9.999500000000000055e-01 9.999500000000000055e-01 9.999749999999999472e-01 9.999624999999999764e-01 9.999749999999999472e-01 9.999749999999999472e-01 1.000000000000000000e+00
9.999749999999999472e-01 9.999875000000000291e-01 1.000000000000000000e+00 9.999875000000000291e-01 9.999875000000000291e-01 9.999500000000000055e-01 9.999875000000000291e-01 1.000000000000000000e+00 1.000000000000000000e+00 9.999875000000000291e-01 9.999875000000000291e-01 1.000000000000000000e+00 9.999500000000000055e-01 9.999500000000000055e-01 9.999624999999999764e-01 9.999875000000000291e-01 9.999749999999999472e-01 9.999875000000000291e-01 9.999875000000000291e-01 1.000000000000000000e+00
9.999749999999999472e-01 9.999875000000000291e-01 1.000000000000000000e+00 9.999875000000000291e-01 9.999875000000000291e-01 9.999500000000000055e-01 9.999875000000000291e-01 1.000000000000000000e+00 1.000000000000000000e+00 9.999875000000000291e-01 9.999875000000000291e-01 1.000000000000000000e+00 9.999500000000000055e-01 9.999500000000000055e-01 9.999624999999999764e-01 9.999875000000000291e-01 9.999749999999999472e-01 9.999875000000000291e-01 9.999875000000000291e-01 1.000000000000000000e+00
9.999875000000000291e-01 9.999875000000000291e-01 1.000000000000000000e+00 9.999875000000000291e-01 1.000000000000000000e+00 9.999500000000000055e-01 9.999875000000000291e-01 1.000000000000000000e+00 1.000000000000000000e+00 1.000000000000000000e+00 1.000000000000000000e+00 1.000000000000000000e+00 9.999624999999999764e-01 9.999875000000000291e-01 9.999624999999999764e-01 9.999875000000000291e-01 9.999749999999999472e-01 9.999875000000000291e-01 1.000000000000000000e+00 1.000000000000000000e+00
9.999875000000000291e-01 9.999875000000000291e-01 1.000000000000000000e+00 9.999875000000000291e-01 1.000000000000000000e+00 9.999500000000000055e-01 9.999875000000000291e-01 1.000000000000000000e+00 1.000000000000000000e+00 1.000000000000000000e+00 1.000000000000000000e+00 1.000000000000000000e+00 9.999624999999999764e-01 9.999875000000000291e-01 9.999624999999999764e-01 9.999875000000000291e-01 9.999749999999999472e-01 9.999875000000000291e-01 1.000000000000000000e+00 1.000000000000000000e+00
9.999875000000000291e-01 1.000000000000000000e+00 1.000000000000000000e+00 1.000000000000000000e+00 1.000000000000000000e+00 9.999749999999999472e-01 9.999875000000000291e-01 1.000000000000000000e+00 1.000000000000000000e+00 1.000000000000000000e+00 1.000000000000000000e+00 1.000000000000000000e+00 9.999749999999999472e-01 1.000000000000000000e+00 9.999749999999999472e-01 1.000000000000000000e+00 9.999875000000000291e-01 9.999875000000000291e-01 1.000000000000000000e+00 1.000000000000000000e+00
9.999875000000000291e-01 1.000000000000000000e+00 1.000000000000000000e+00 1.000000000000000000e+00 1.000000000000000000e+00 9.999749999999999472e-01 9.999875000000000291e-01 1.000000000000000000e+00 1.000000000000000000e+00 1.000000000000000000e+00 1.000000000000000000e+00 1.000000000000000000e+00 9.999749999999999472e-01 1.000000000000000000e+00 9.999875000000000291e-01 1.000000000000000000e+00 9.999875000000000291e-01 9.999875000000000291e-01 1.000000000000000000e+00 1.000000000000000000e+00
9.999875000000000291e-01 1.000000000000000000e+00 1.000000000000000000e+00 1.000000000000000000e+00 1.000000000000000000e+00 9.999749999999999472e-01 9.999875000000000291e-01 1.000000000000000000e+00 1.000000000000000000e+00 1.000000000000000000e+00 1.000000000000000000e+00 1.000000000000000000e+00 9.999749999999999472e-01 1.000000000000000000e+00 9.999875000000000291e-01 1.000000000000000000e+00 9.999875000000000291e-01 9.999875000000000291e-01 1.000000000000000000e+00 1.000000000000000000e+00
9.999875000000000291e-01 1.000000000000000000e+00 1.000000000000000000e+00 1.000000000000000000e+00 1.000000000000000000e+00 9.999749999999999472e-01 9.999875000000000291e-01 1.000000000000000000e+00 1.000000000000000000e+00 1.000000000000000000e+00 1.000000000000000000e+00 1.000000000000000000e+00 9.999749999999999472e-01 1.000000000000000000e+00 9.999875000000000291e-01 1.000000000000000000e+00 9.999875000000000291e-01 9.999875000000000291e-01 1.000000000000000000e+00 1.000000000000000000e+00
1.000000000000000000e+00 1.000000000000000000e+00 1.000000000000000000e+00 1.000000000000000000e+00 1.000000000000000000e+00 1.000000000000000000e+00 1.000000000000000000e+00 1.000000000000000000e+00 1.000000000000000000e+00 1.000000000000000000e+00 1.000000000000000000e+00 1.000000000000000000e+00 1.000000000000000000e+00 1.000000000000000000e+00 1.000000000000000000e+00 1.000000000000000000e+00 1.000000000000000000e+00 1.000000000000000000e+00 1.000000000000000000e+00 1.000000000000000000e+00
1.000000000000000000e+00 1.000000000000000000e+00 1.000000000000000000e+00 1.000000000000000000e+00 1.000000000000000000e+00 1.000000000000000000e+00 1.000000000000000000e+00 1.000000000000000000e+00 1.000000000000000000e+00 1.000000000000000000e+00 1.000000000000000000e+00 1.000000000000000000e+00 1.000000000000000000e+00 1.000000000000000000e+00 1.000000000000000000e+00 1.000000000000000000e+00 1.000000000000000000e+00 1.000000000000000000e+00 1.000000000000000000e+00 1.000000000000000000e+00
