7.016621270781815602e-04 7.365134246351720234e-04 7.730957732130631400e-04 8.114951534738963201e-04 8.518018167072998912e-04 8.941104969509800849e-04 9.385206336471497036e-04 9.851366053582289936e-04 1.034067975091111430e-03 1.085429747806598713e-03 1.139342640719231579e-03 1.195933367022817455e-03 1.255334933708490610e-03 1.317686954175293886e-03 1.383135976368009192e-03 1.451835827213469876e-03 1.523947974164901846e-03 1.599641904704031696e-03 1.679095524692928235e-03 1.762495576511834573e-03
4.717249999999999659e+02 4.636499999999999204e+02 4.556249999999999432e+02 4.473749999999998863e+02 4.399499999999999886e+02 4.309250000000000682e+02 4.233750000000000568e+02 4.152750000000000341e+02 4.076749999999999545e+02 4.001749999999998977e+02 3.934500000000000455e+02 3.863500000000000227e+02 3.794249999999998977e+02 3.734250000000000114e+02 3.665750000000000455e+02 3.597999999999999545e+02 3.527750000000000341e+02 3.458500000000000796e+02 3.403249999999999318e+02 3.335249999999999773e+02
6.658249999999999318e+02 6.648750000000001137e+02 6.640749999999999318e+02 6.643000000000000682e+02 6.620999999999996817e+02 6.623500000000000227e+02 6.613250000000000455e+02 6.599750000000001364e+02 6.590999999999999091e+02 6.581750000000000682e+02 6.566499999999998636e+02 6.542749999999998636e+02 6.523000000000000682e+02 6.495750000000000455e+02 6.483499999999997954e+02 6.465750000000002728e+02 6.438499999999999091e+02 6.428249999999999318e+02 6.400999999999999091e+02 6.385250000000002046e+02
4.009750000000000227e+02 4.041999999999999886e+02 4.056000000000000227e+02 4.074499999999999318e+02 4.096000000000000227e+02 4.105750000000000455e+02 4.119000000000000341e+02 4.145750000000001023e+02 4.149750000000000227e+02 4.167499999999999432e+02 4.187999999999999545e+02 4.217749999999998636e+02 4.235250000000000341e+02 4.248250000000000455e+02 4.262499999999999432e+02 4.279500000000000455e+02 4.315250000000000341e+02 4.322749999999999773e+02 4.336999999999999886e+02 4.344499999999999318e+02
1.945000000000000853e+02 1.949750000000000512e+02 1.982750000000000341e+02 1.996500000000000057e+02 2.022249999999999375e+02 2.052500000000000568e+02 2.085250000000000341e+02 2.104750000000000227e+02 2.132749999999999773e+02 2.151750000000000398e+02 2.167249999999999943e+02 2.181250000000000284e+02 2.202000000000000171e+02 2.231500000000000057e+02 2.244999999999999147e+02 2.257000000000000455e+02 2.261500000000000341e+02 2.276750000000000114e+02 2.291249999999999716e+02 2.321250000000000000e+02
9.385000000000000853e+01 9.562500000000001421e+01 9.712500000000004263e+01 9.820000000000000284e+01 9.917499999999996874e+01 1.004000000000000199e+02 1.009999999999999716e+02 1.024000000000000057e+02 1.037500000000000000e+02 1.056250000000000142e+02 1.068000000000000114e+02 1.076499999999999915e+02 1.083250000000000028e+02 1.093999999999999773e+02 1.110499999999999972e+02 1.130750000000000028e+02 1.148000000000000398e+02 1.167749999999999773e+02 1.178499999999999943e+02 1.188750000000000426e+02
5.152499999999999147e+01 5.180000000000000426e+01 5.185000000000000142e+01 5.260000000000000853e+01 5.377499999999998437e+01 5.394999999999998863e+01 5.477499999999998437e+01 5.552499999999999147e+01 5.672499999999999432e+01 5.620000000000001705e+01 5.737499999999997868e+01 5.907500000000000995e+01 6.047500000000000142e+01 6.035000000000001563e+01 6.194999999999997442e+01 6.309999999999999432e+01 6.299999999999999289e+01 6.449999999999998579e+01 6.529999999999999716e+01 6.595000000000000284e+01
3.012499999999999645e+01 3.147499999999999787e+01 3.134999999999999787e+01 3.202499999999999858e+01 3.234999999999999432e+01 3.347500000000000142e+01 3.395000000000000284e+01 3.440000000000000568e+01 3.495000000000000284e+01 3.597500000000000142e+01 3.624999999999999289e+01 3.694999999999999574e+01 3.777499999999999147e+01 3.850000000000000711e+01 3.789999999999999858e+01 3.855000000000001137e+01 4.067499999999999716e+01 4.025000000000000000e+01 4.112500000000000711e+01 4.129999999999999716e+01
1.942500000000000071e+01 1.947499999999999787e+01 2.077500000000000568e+01 2.100000000000000000e+01 2.147500000000000142e+01 2.309999999999999432e+01 2.337500000000000000e+01 2.370000000000000639e+01 2.350000000000000000e+01 2.374999999999999289e+01 2.357499999999999574e+01 2.362500000000000000e+01 2.359999999999999787e+01 2.395000000000000284e+01 2.472499999999999787e+01 2.467500000000000071e+01 2.432500000000000284e+01 2.520000000000000639e+01 2.562499999999999289e+01 2.629999999999999716e+01
1.394999999999999929e+01 1.429999999999999893e+01 1.322499999999999787e+01 1.397499999999999964e+01 1.457499999999999929e+01 1.402500000000000036e+01 1.412499999999999822e+01 1.465000000000000036e+01 1.552500000000000391e+01 1.577500000000000036e+01 1.654999999999999716e+01 1.680000000000000071e+01 1.735000000000000853e+01 1.802500000000000213e+01 1.770000000000000639e+01 1.757499999999999929e+01 1.827499999999999858e+01 1.847499999999999432e+01 1.867499999999999361e+01 1.900000000000000355e+01
9.900000000000003908e+00 1.020000000000000284e+01 1.062499999999999822e+01 1.080000000000000249e+01 1.070000000000000462e+01 1.067500000000000071e+01 1.102500000000000391e+01 1.124999999999999822e+01 1.132500000000000107e+01 1.192500000000000071e+01 1.187500000000000355e+01 1.227500000000000036e+01 1.217499999999999893e+01 1.219999999999999574e+01 1.302499999999999680e+01 1.377500000000000213e+01 1.387499999999999645e+01 1.357499999999999929e+01 1.394999999999999929e+01 1.480000000000000426e+01
7.475000000000000533e+00 7.250000000000000888e+00 7.849999999999999645e+00 7.825000000000000178e+00 8.175000000000000711e+00 8.324999999999999289e+00 8.575000000000001066e+00 8.400000000000000355e+00 9.075000000000001066e+00 9.074999999999997513e+00 9.099999999999997868e+00 9.150000000000002132e+00 9.650000000000002132e+00 9.975000000000001421e+00 9.700000000000001066e+00 9.899999999999998579e+00 9.824999999999999289e+00 1.050000000000000355e+01 1.102500000000000213e+01 1.110000000000000142e+01
5.775000000000001243e+00 5.724999999999998757e+00 6.325000000000001066e+00 6.699999999999999289e+00 6.650000000000002132e+00 6.425000000000000711e+00 6.174999999999999822e+00 6.674999999999998046e+00 6.250000000000000888e+00 6.650000000000000355e+00 6.849999999999998757e+00 6.825000000000001066e+00 7.124999999999999112e+00 7.600000000000000533e+00 7.774999999999997691e+00 7.724999999999998757e+00 8.225000000000001421e+00 8.000000000000000000e+00 8.074999999999999289e+00 7.925000000000001599e+00
4.675000000000000711e+00 4.949999999999998401e+00 4.700000000000000178e+00 4.799999999999999822e+00 4.725000000000000533e+00 4.875000000000000888e+00 5.174999999999998934e+00 4.649999999999999467e+00 5.225000000000000533e+00 5.074999999999998401e+00 5.549999999999998934e+00 5.349999999999999645e+00 5.625000000000000000e+00 5.400000000000000355e+00 5.750000000000000888e+00 5.575000000000001066e+00 5.825000000000001066e+00 7.000000000000000000e+00 6.824999999999998401e+00 6.774999999999999467e+00
3.599999999999999201e+00 3.975000000000000089e+00 4.325000000000000178e+00 3.925000000000000266e+00 4.199999999999999289e+00 4.525000000000000355e+00 4.625000000000000888e+00 4.724999999999999645e+00 4.174999999999998934e+00 4.500000000000000000e+00 4.325000000000001954e+00 4.324999999999998401e+00 4.150000000000001243e+00 4.500000000000000000e+00 4.500000000000000000e+00 4.950000000000001954e+00 4.750000000000000000e+00 4.325000000000000178e+00 4.599999999999999645e+00 4.925000000000000711e+00
3.574999999999999734e+00 3.275000000000000355e+00 3.249999999999999556e+00 3.324999999999999289e+00 3.274999999999999023e+00 3.550000000000000266e+00 3.649999999999999023e+00 3.975000000000000533e+00 4.424999999999998934e+00 3.925000000000000266e+00 3.799999999999999822e+00 4.125000000000000888e+00 3.800000000000000711e+00 3.725000000000000089e+00 4.200000000000001066e+00 3.800000000000000711e+00 4.125000000000000888e+00 3.849999999999999201e+00 3.999999999999999556e+00 4.024999999999999467e+00
3.074999999999999289e+00 2.875000000000000444e+00 3.099999999999999201e+00 3.100000000000000533e+00 3.124999999999999556e+00 2.599999999999999645e+00 2.800000000000000266e+00 3.274999999999999911e+00 2.825000000000000178e+00 3.274999999999999911e+00 3.375000000000000444e+00 3.499999999999999556e+00 3.800000000000000266e+00 3.824999999999999734e+00 3.850000000000000089e+00 3.699999999999999734e+00 3.774999999999999467e+00 3.750000000000000000e+00 3.549999999999999378e+00 3.524999999999999467e+00
2.224999999999999645e+00 2.674999999999999378e+00 2.649999999999999467e+00 2.924999999999999822e+00 2.449999999999999734e+00 2.675000000000000266e+00 2.574999999999999734e+00 2.549999999999998934e+00 2.750000000000000000e+00 2.675000000000000711e+00 3.325000000000000178e+00 2.949999999999998845e+00 2.949999999999999734e+00 3.199999999999999734e+00 2.874999999999999112e+00 3.375000000000000000e+00 3.200000000000000622e+00 3.375000000000000000e+00 3.475000000000000533e+00 3.324999999999999734e+00
2.399999999999999911e+00 2.224999999999999645e+00 2.324999999999999289e+00 2.149999999999999467e+00 2.649999999999999467e+00 2.674999999999999822e+00 2.549999999999999378e+00 2.200000000000000178e+00 2.525000000000000799e+00 2.549999999999999378e+00 2.300000000000000266e+00 2.625000000000000000e+00 2.725000000000000089e+00 2.674999999999999822e+00 2.799999999999999378e+00 2.874999999999999112e+00 2.825000000000000622e+00 2.849999999999999645e+00 2.649999999999999023e+00 2.599999999999999645e+00
2.024999999999999911e+00 2.350000000000000533e+00 1.874999999999999778e+00 2.199999999999999734e+00 2.399999999999999911e+00 2.475000000000000089e+00 2.124999999999999556e+00 2.425000000000000266e+00 2.325000000000001066e+00 2.174999999999999378e+00 2.224999999999999645e+00 2.599999999999999201e+00 2.374999999999999556e+00 2.324999999999999734e+00 2.975000000000000089e+00 3.049999999999999378e+00 2.974999999999999645e+00 2.774999999999999467e+00 2.649999999999999911e+00 2.625000000000000000e+00
1.850000000000000089e+00 1.775000000000000133e+00 2.024999999999999467e+00 1.649999999999999911e+00 1.649999999999999245e+00 1.749999999999999778e+00 2.049999999999999378e+00 1.524999999999999689e+00 1.925000000000000044e+00 2.125000000000000444e+00 1.875000000000000000e+00 1.949999999999999512e+00 2.299999999999999822e+00 1.999999999999999778e+00 1.800000000000000044e+00 1.649999999999999467e+00 2.099999999999999201e+00 2.074999999999999289e+00 2.549999999999999378e+00 2.425000000000000266e+00
1.649999999999999911e+00 1.599999999999999423e+00 1.250000000000000000e+00 1.600000000000000089e+00 1.575000000000000178e+00 1.399999999999999689e+00 1.724999999999999423e+00 2.199999999999999289e+00 1.449999999999999956e+00 1.674999999999999600e+00 1.750000000000000222e+00 1.725000000000000089e+00 1.800000000000000044e+00 1.925000000000000044e+00 1.799999999999999822e+00 1.975000000000000311e+00 1.925000000000000044e+00 2.274999999999999911e+00 1.899999999999999689e+00 1.875000000000000222e+00
1.000000000000000444e+00 1.100000000000000311e+00 1.475000000000000089e+00 1.175000000000000044e+00 1.450000000000000178e+00 1.374999999999999778e+00 1.300000000000000044e+00 1.524999999999999467e+00 1.675000000000000044e+00 1.474999999999999645e+00 1.799999999999999600e+00 1.224999999999999867e+00 1.574999999999999956e+00 1.475000000000000311e+00 1.275000000000000133e+00 1.675000000000000044e+00 1.725000000000000089e+00 1.550000000000000488e+00 1.899999999999999467e+00 2.524999999999999467e+00
1.274999999999999911e+00 1.424999999999999600e+00 1.525000000000000133e+00 1.324999999999999734e+00 1.150000000000000133e+00 1.500000000000000000e+00 1.399999999999999911e+00 1.374999999999999778e+00 1.349999999999999867e+00 1.400000000000000133e+00 1.099999999999999867e+00 1.349999999999999867e+00 1.150000000000000133e+00 1.549999999999999822e+00 1.574999999999999512e+00 1.399999999999999911e+00 1.249999999999999778e+00 1.474999999999999645e+00 1.449999999999999956e+00 1.524999999999999911e+00
9.250000000000002665e-01 9.500000000000001776e-01 1.050000000000000266e+00 1.350000000000000089e+00 1.300000000000000044e+00 1.074999999999999956e+00 1.499999999999999778e+00 1.324999999999999956e+00 1.449999999999999734e+00 1.374999999999999556e+00 1.749999999999999778e+00 1.574999999999999956e+00 1.400000000000000133e+00 1.250000000000000000e+00 1.500000000000000000e+00 1.375000000000000444e+00 1.175000000000000044e+00 1.324999999999999956e+00 1.674999999999999600e+00 1.474999999999999867e+00
6.750000000000003775e-01 9.250000000000003775e-01 9.000000000000004663e-01 9.000000000000001332e-01 1.075000000000000178e+00 9.250000000000003775e-01 8.500000000000003109e-01 9.000000000000002442e-01 1.000000000000000222e+00 1.075000000000000178e+00 1.075000000000000178e+00 1.375000000000000444e+00 1.250000000000000222e+00 1.499999999999999112e+00 1.300000000000000266e+00 1.400000000000000133e+00 1.449999999999999956e+00 1.225000000000000089e+00 1.174999999999999822e+00 1.124999999999999778e+00
8.500000000000003109e-01 7.250000000000003109e-01 8.500000000000004219e-01 9.750000000000003109e-01 1.100000000000000311e+00 1.175000000000000044e+00 9.750000000000004219e-01 9.750000000000003109e-01 1.125000000000000444e+00 1.075000000000000178e+00 1.000000000000000000e+00 1.100000000000000089e+00 1.099999999999999867e+00 1.150000000000000133e+00 1.100000000000000311e+00 1.024999999999999911e+00 1.175000000000000044e+00 1.050000000000000044e+00 1.199999999999999956e+00 1.125000000000000000e+00
7.000000000000001776e-01 7.500000000000003331e-01 5.000000000000000000e-01 7.250000000000001998e-01 6.750000000000002665e-01 8.250000000000003997e-01 8.500000000000003109e-01 8.250000000000002887e-01 7.500000000000002220e-01 1.025000000000000355e+00 9.750000000000001998e-01 7.750000000000002442e-01 1.000000000000000000e+00 8.250000000000001776e-01 1.025000000000000133e+00 9.250000000000002665e-01 1.149999999999999911e+00 1.349999999999999645e+00 8.750000000000003331e-01 1.025000000000000355e+00
8.000000000000003775e-01 5.500000000000001554e-01 6.500000000000000222e-01 7.000000000000000666e-01 7.000000000000001776e-01 7.000000000000002887e-01 6.000000000000001998e-01 7.500000000000002220e-01 8.750000000000003331e-01 7.750000000000002442e-01 7.500000000000001110e-01 7.750000000000002442e-01 7.250000000000003109e-01 8.000000000000002665e-01 8.500000000000003109e-01 9.000000000000002442e-01 8.250000000000001776e-01 1.050000000000000488e+00 1.224999999999999867e+00 1.024999999999999911e+00
4.249999999999999334e-01 5.750000000000000666e-01 5.000000000000001110e-01 5.500000000000000444e-01 6.000000000000001998e-01 5.500000000000001554e-01 6.750000000000001554e-01 7.250000000000000888e-01 8.500000000000003109e-01 7.000000000000001776e-01 5.750000000000001776e-01 8.500000000000000888e-01 7.750000000000002442e-01 6.500000000000001332e-01 5.750000000000000666e-01 7.250000000000001998e-01 7.750000000000002442e-01 7.500000000000002220e-01 8.000000000000002665e-01 1.075000000000000622e+00
7.250000000000004219e-01 6.250000000000002220e-01 5.500000000000001554e-01 6.500000000000002442e-01 4.750000000000000888e-01 6.000000000000001998e-01 6.250000000000002220e-01 4.750000000000001443e-01 4.750000000000000888e-01 7.250000000000000888e-01 5.500000000000000444e-01 6.000000000000001998e-01 9.000000000000002442e-01 7.750000000000002442e-01 7.750000000000003553e-01 7.750000000000001332e-01 7.750000000000002442e-01 5.750000000000001776e-01 8.750000000000003331e-01 9.750000000000001998e-01
5.000000000000000000e-01 7.000000000000001776e-01 6.750000000000001554e-01 4.500000000000000666e-01 6.000000000000001998e-01 6.500000000000001332e-01 6.250000000000002220e-01 5.250000000000001332e-01 4.750000000000000888e-01 5.000000000000001110e-01 7.500000000000002220e-01 8.250000000000001776e-01 6.750000000000002665e-01 9.500000000000001776e-01 8.250000000000002887e-01 8.500000000000003109e-01 7.000000000000001776e-01 8.500000000000004219e-01 7.500000000000001110e-01 7.000000000000002887e-01
2.250000000000000056e-01 5.000000000000001110e-01 6.500000000000001332e-01 5.500000000000001554e-01 6.750000000000002665e-01 5.250000000000000222e-01 4.250000000000000444e-01 5.500000000000002665e-01 6.750000000000001554e-01 7.500000000000002220e-01 7.250000000000003109e-01 5.750000000000000666e-01 5.250000000000001332e-01 6.000000000000001998e-01 7.500000000000002220e-01 7.500000000000002220e-01 7.250000000000001998e-01 6.750000000000002665e-01 6.500000000000001332e-01 5.750000000000001776e-01
4.000000000000000777e-01 2.249999999999999778e-01 4.000000000000000222e-01 4.000000000000000222e-01 4.500000000000000111e-01 5.000000000000001110e-01 5.250000000000002442e-01 4.250000000000002109e-01 3.750000000000000555e-01 5.750000000000001776e-01 6.500000000000002442e-01 5.500000000000000444e-01 7.500000000000003331e-01 4.500000000000000666e-01 6.000000000000001998e-01 5.000000000000001110e-01 4.500000000000001221e-01 5.500000000000000444e-01 5.750000000000000666e-01 6.500000000000002442e-01
3.749999999999999445e-01 3.250000000000000111e-01 2.999999999999999889e-01 4.500000000000001221e-01 2.750000000000000222e-01 5.500000000000000444e-01 5.000000000000001110e-01 5.000000000000000000e-01 5.500000000000001554e-01 3.500000000000000888e-01 5.500000000000000444e-01 6.250000000000002220e-01 5.500000000000001554e-01 7.750000000000002442e-01 4.250000000000001554e-01 6.250000000000002220e-01 6.750000000000002665e-01 6.250000000000002220e-01 6.500000000000001332e-01 7.250000000000001998e-01
2.249999999999999778e-01 2.499999999999999722e-01 3.750000000000000555e-01 4.250000000000001554e-01 4.750000000000000888e-01 1.999999999999999833e-01 4.500000000000001776e-01 4.250000000000000444e-01 5.000000000000001110e-01 4.000000000000000222e-01 3.250000000000000666e-01 5.250000000000001332e-01 5.250000000000000222e-01 4.750000000000001443e-01 5.750000000000000666e-01 4.250000000000000999e-01 6.000000000000000888e-01 6.000000000000000888e-01 5.500000000000001554e-01 5.000000000000002220e-01
7.500000000000001110e-02 2.249999999999999778e-01 2.499999999999999722e-01 3.000000000000000444e-01 3.000000000000000444e-01 4.499999999999999556e-01 4.750000000000001443e-01 4.500000000000000666e-01 3.500000000000000333e-01 3.500000000000000333e-01 3.750000000000001110e-01 4.500000000000000111e-01 2.249999999999999778e-01 4.000000000000000777e-01 4.000000000000000222e-01 4.250000000000000999e-01 5.500000000000001554e-01 4.750000000000001443e-01 6.500000000000001332e-01 6.000000000000001998e-01
7.500000000000001110e-02 1.250000000000000000e-01 3.250000000000000111e-01 2.999999999999999889e-01 3.750000000000000555e-01 3.000000000000000444e-01 4.249999999999999889e-01 4.250000000000000444e-01 3.750000000000001110e-01 4.500000000000000111e-01 3.500000000000000888e-01 3.000000000000000444e-01 4.000000000000001332e-01 5.750000000000001776e-01 5.250000000000000222e-01 6.500000000000001332e-01 4.000000000000001332e-01 4.500000000000001221e-01 5.000000000000000000e-01 4.750000000000000888e-01
7.500000000000001110e-02 1.250000000000000000e-01 5.000000000000000278e-02 1.750000000000000167e-01 2.999999999999999889e-01 4.500000000000001221e-01 3.500000000000000333e-01 1.999999999999999833e-01 3.750000000000000555e-01 5.250000000000001332e-01 4.000000000000000777e-01 3.500000000000000333e-01 4.750000000000001443e-01 3.499999999999999778e-01 6.000000000000001998e-01 5.000000000000002220e-01 6.250000000000002220e-01 5.750000000000001776e-01 2.499999999999999722e-01 4.000000000000000777e-01
7.500000000000001110e-02 1.000000000000000056e-01 5.000000000000000278e-02 1.250000000000000000e-01 1.499999999999999944e-01 1.999999999999999833e-01 2.499999999999999722e-01 5.500000000000000444e-01 3.500000000000000888e-01 2.750000000000000222e-01 3.250000000000000666e-01 3.500000000000000333e-01 3.000000000000000444e-01 3.249999999999999556e-01 4.000000000000000777e-01 4.500000000000001221e-01 3.750000000000000555e-01 3.500000000000000888e-01 4.750000000000001443e-01 4.000000000000000222e-01
1.000000000000000056e-01 1.000000000000000056e-01 1.499999999999999944e-01 1.250000000000000000e-01 1.250000000000000000e-01 2.499999999999999722e-01 1.000000000000000056e-01 2.499999999999999722e-01 2.249999999999999778e-01 2.499999999999999722e-01 3.499999999999999778e-01 2.499999999999999722e-01 3.250000000000000111e-01 2.749999999999999667e-01 2.499999999999999722e-01 2.750000000000000222e-01 3.500000000000000333e-01 4.250000000000000444e-01 4.500000000000000666e-01 6.250000000000002220e-01
1.250000000000000000e-01 1.000000000000000056e-01 1.000000000000000056e-01 1.000000000000000056e-01 1.250000000000000000e-01 1.000000000000000056e-01 3.500000000000000888e-01 2.499999999999999722e-01 2.499999999999999722e-01 3.250000000000000666e-01 3.500000000000000888e-01 3.999999999999999667e-01 2.999999999999999889e-01 4.249999999999999889e-01 2.250000000000000056e-01 3.250000000000000111e-01 3.250000000000000111e-01 4.000000000000000777e-01 3.500000000000000333e-01 3.250000000000000111e-01
0.000000000000000000e+00 2.500000000000000139e-02 7.500000000000001110e-02 1.499999999999999944e-01 1.250000000000000000e-01 1.749999999999999889e-01 1.499999999999999944e-01 2.999999999999999889e-01 1.749999999999999889e-01 2.499999999999999722e-01 1.000000000000000056e-01 1.999999999999999833e-01 1.999999999999999833e-01 1.749999999999999889e-01 3.250000000000000111e-01 2.499999999999999722e-01 4.500000000000000111e-01 3.250000000000000111e-01 3.750000000000000555e-01 2.500000000000000555e-01
2.500000000000000139e-02 1.250000000000000000e-01 2.500000000000000139e-02 2.500000000000000139e-02 5.000000000000000278e-02 1.499999999999999944e-01 1.749999999999999889e-01 2.250000000000000056e-01 3.250000000000000111e-01 1.499999999999999944e-01 1.999999999999999833e-01 1.749999999999999889e-01 2.999999999999999889e-01 2.250000000000000056e-01 2.499999999999999722e-01 3.500000000000000333e-01 2.499999999999999722e-01 4.500000000000000666e-01 3.750000000000001110e-01 4.500000000000001221e-01
5.000000000000000278e-02 7.500000000000001110e-02 2.500000000000000139e-02 5.000000000000000278e-02 7.500000000000001110e-02 1.499999999999999944e-01 2.499999999999999722e-01 1.999999999999999833e-01 2.249999999999999778e-01 1.749999999999999889e-01 2.499999999999999722e-01 2.499999999999999722e-01 1.499999999999999944e-01 1.499999999999999944e-01 3.500000000000000333e-01 2.999999999999999889e-01 2.499999999999999722e-01 3.250000000000000111e-01 2.999999999999999889e-01 1.999999999999999833e-01
2.500000000000000139e-02 2.500000000000000139e-02 1.499999999999999944e-01 1.000000000000000056e-01 7.500000000000001110e-02 7.500000000000001110e-02 1.250000000000000000e-01 1.999999999999999833e-01 1.749999999999999889e-01 1.499999999999999944e-01 2.750000000000000222e-01 2.249999999999999778e-01 2.249999999999999778e-01 3.250000000000000111e-01 2.249999999999999778e-01 1.999999999999999833e-01 2.500000000000000000e-01 1.999999999999999833e-01 3.250000000000000666e-01 5.000000000000001110e-01
2.500000000000000139e-02 0.000000000000000000e+00 2.500000000000000139e-02 7.500000000000001110e-02 1.999999999999999833e-01 2.500000000000000139e-02 5.000000000000000278e-02 1.250000000000000000e-01 2.249999999999999778e-01 3.250000000000000111e-01 1.749999999999999889e-01 1.000000000000000056e-01 2.499999999999999722e-01 2.999999999999999889e-01 2.249999999999999778e-01 1.749999999999999889e-01 2.249999999999999778e-01 2.249999999999999778e-01 1.749999999999999889e-01 1.749999999999999889e-01
2.500000000000000139e-02 0.000000000000000000e+00 0.000000000000000000e+00 2.500000000000000139e-02 1.000000000000000056e-01 1.250000000000000000e-01 1.000000000000000056e-01 5.000000000000000278e-02 1.250000000000000000e-01 2.000000000000000111e-01 1.999999999999999833e-01 2.249999999999999778e-01 2.749999999999999667e-01 2.500000000000000000e-01 1.999999999999999833e-01 1.999999999999999833e-01 2.500000000000000000e-01 2.499999999999999722e-01 2.999999999999999889e-01 2.499999999999999722e-01
5.000000000000000278e-02 0.000000000000000000e+00 5.000000000000000278e-02 1.000000000000000056e-01 0.000000000000000000e+00 7.500000000000001110e-02 1.000000000000000056e-01 1.250000000000000000e-01 2.249999999999999778e-01 1.749999999999999889e-01 1.500000000000000222e-01 2.749999999999999667e-01 1.999999999999999833e-01 1.999999999999999833e-01 2.749999999999999667e-01 2.749999999999999667e-01 1.999999999999999833e-01 1.999999999999999833e-01 1.999999999999999833e-01 2.499999999999999722e-01
0.000000000000000000e+00 5.000000000000000278e-02 5.000000000000000278e-02 7.500000000000001110e-02 0.000000000000000000e+00 7.500000000000001110e-02 2.500000000000000139e-02 2.500000000000000139e-02 1.250000000000000000e-01 1.000000000000000056e-01 2.750000000000000222e-01 2.500000000000000000e-01 2.249999999999999778e-01 7.500000000000001110e-02 1.250000000000000000e-01 1.749999999999999889e-01 1.999999999999999833e-01 1.499999999999999944e-01 2.750000000000000222e-01 1.499999999999999944e-01
0.000000000000000000e+00 0.000000000000000000e+00 2.500000000000000139e-02 2.500000000000000139e-02 7.500000000000001110e-02 5.000000000000000278e-02 5.000000000000000278e-02 2.500000000000000139e-02 2.500000000000000139e-02 1.250000000000000000e-01 1.250000000000000000e-01 7.500000000000001110e-02 2.499999999999999722e-01 2.500000000000000555e-01 2.499999999999999722e-01 5.000000000000000278e-02 1.499999999999999944e-01 1.250000000000000000e-01 1.000000000000000056e-01 1.749999999999999889e-01
2.500000000000000139e-02 0.000000000000000000e+00 0.000000000000000000e+00 0.000000000000000000e+00 2.500000000000000139e-02 2.500000000000000139e-02 0.000000000000000000e+00 5.000000000000000278e-02 1.250000000000000000e-01 2.500000000000000139e-02 1.000000000000000056e-01 2.499999999999999722e-01 1.749999999999999889e-01 1.999999999999999833e-01 2.750000000000000222e-01 2.749999999999999667e-01 2.749999999999999667e-01 1.749999999999999889e-01 1.499999999999999944e-01 3.250000000000000111e-01
0.000000000000000000e+00 0.000000000000000000e+00 0.000000000000000000e+00 0.000000000000000000e+00 2.500000000000000139e-02 2.500000000000000139e-02 1.000000000000000056e-01 1.000000000000000056e-01 2.500000000000000139e-02 1.499999999999999944e-01 1.250000000000000000e-01 1.749999999999999889e-01 7.500000000000001110e-02 7.500000000000001110e-02 1.000000000000000056e-01 2.249999999999999778e-01 1.499999999999999944e-01 2.749999999999999667e-01 1.000000000000000056e-01 1.499999999999999944e-01
0.000000000000000000e+00 2.500000000000000139e-02 2.500000000000000139e-02 0.000000000000000000e+00 2.500000000000000139e-02 0.000000000000000000e+00 5.000000000000000278e-02 1.000000000000000056e-01 1.000000000000000056e-01 5.000000000000000278e-02 7.500000000000001110e-02 7.500000000000001110e-02 1.749999999999999889e-01 1.499999999999999944e-01 7.500000000000001110e-02 1.250000000000000000e-01 1.250000000000000000e-01 1.999999999999999833e-01 1.250000000000000000e-01 7.500000000000001110e-02
0.000000000000000000e+00 0.000000000000000000e+00 0.000000000000000000e+00 0.000000000000000000e+00 0.000000000000000000e+00 1.000000000000000056e-01 2.500000000000000139e-02 5.000000000000000278e-02 2.500000000000000139e-02 1.499999999999999944e-01 7.500000000000001110e-02 1.250000000000000000e-01 1.250000000000000000e-01 1.999999999999999833e-01 1.250000000000000000e-01 1.499999999999999944e-01 1.999999999999999833e-01 1.499999999999999944e-01 2.499999999999999722e-01 7.500000000000001110e-02
2.500000000000000139e-02 0.000000000000000000e+00 0.000000000000000000e+00 2.500000000000000139e-02 0.000000000000000000e+00 2.500000000000000139e-02 5.000000000000000278e-02 2.500000000000000139e-02 5.000000000000000278e-02 7.500000000000001110e-02 5.000000000000000278e-02 2.500000000000000139e-02 7.500000000000001110e-02 1.749999999999999889e-01 2.249999999999999778e-01 2.499999999999999722e-01 1.250000000000000000e-01 1.250000000000000000e-01 2.500000000000000000e-01 1.749999999999999889e-01
0.000000000000000000e+00 2.500000000000000139e-02 0.000000000000000000e+00 0.000000000000000000e+00 2.500000000000000139e-02 0.000000000000000000e+00 2.500000000000000139e-02 2.500000000000000139e-02 0.000000000000000000e+00 2.500000000000000139e-02 1.499999999999999944e-01 1.250000000000000000e-01 1.250000000000000000e-01 1.000000000000000056e-01 1.499999999999999944e-01 1.999999999999999833e-01 1.499999999999999944e-01 1.000000000000000056e-01 1.499999999999999944e-01 1.250000000000000000e-01
0.000000000000000000e+00 0.000000000000000000e+00 0.000000000000000000e+00 0.000000000000000000e+00 0.000000000000000000e+00 0.000000000000000000e+00 2.500000000000000139e-02 0.000000000000000000e+00 5.000000000000000278e-02 0.000000000000000000e+00 7.500000000000001110e-02 7.500000000000001110e-02 2.500000000000000139e-02 7.500000000000001110e-02 5.000000000000000278e-02 1.000000000000000056e-01 2.999999999999999889e-01 2.249999999999999778e-01 7.500000000000001110e-02 2.000000000000000111e-01
0.000000000000000000e+00 0.000000000000000000e+00 0.000000000000000000e+00 0.000000000000000000e+00 0.000000000000000000e+00 0.000000000000000000e+00 2.500000000000000139e-02 2.500000000000000139e-02 2.500000000000000139e-02 0.000000000000000000e+00 5.000000000000000278e-02 5.000000000000000278e-02 1.000000000000000056e-01 7.500000000000001110e-02 7.500000000000001110e-02 5.000000000000000278e-02 1.250000000000000000e-01 1.250000000000000000e-01 1.750000000000000167e-01 1.999999999999999833e-01
0.000000000000000000e+00 0.000000000000000000e+00 0.000000000000000000e+00 0.000000000000000000e+00 0.000000000000000000e+00 0.000000000000000000e+00 0.000000000000000000e+00 0.000000000000000000e+00 2.500000000000000139e-02 0.000000000000000000e+00 5.000000000000000278e-02 2.500000000000000139e-02 7.500000000000001110e-02 1.250000000000000000e-01 1.000000000000000056e-01 1.499999999999999944e-01 1.000000000000000056e-01 1.499999999999999944e-01 1.000000000000000056e-01 1.999999999999999833e-01
0.000000000000000000e+00 0.000000000000000000e+00 2.500000000000000139e-02 0.000000000000000000e+00 0.000000000000000000e+00 0.000000000000000000e+00 0.000000000000000000e+00 5.000000000000000278e-02 2.500000000000000139e-02 5.000000000000000278e-02 5.000000000000000278e-02 1.749999999999999889e-01 1.000000000000000056e-01 1.250000000000000000e-01 1.000000000000000056e-01 5.000000000000000278e-02 2.500000000000000139e-02 1.499999999999999944e-01 1.499999999999999944e-01 1.250000000000000000e-01
0.000000000000000000e+00 0.000000000000000000e+00 0.000000000000000000e+00 0.000000000000000000e+00 0.000000000000000000e+00 0.000000000000000000e+00 0.000000000000000000e+00 0.000000000000000000e+00 2.500000000000000139e-02 5.000000000000000278e-02 0.000000000000000000e+00 7.500000000000001110e-02 2.750000000000000222e-01 7.500000000000001110e-02 7.500000000000001110e-02 5.000000000000000278e-02 5.000000000000000278e-02 2.250000000000000056e-01 1.250000000000000000e-01 7.500000000000001110e-02
0.000000000000000000e+00 0.000000000000000000e+00 0.000000000000000000e+00 0.000000000000000000e+00 0.000000000000000000e+00 0.000000000000000000e+00 0.000000000000000000e+00 0.000000000000000000e+00 0.000000000000000000e+00 2.500000000000000139e-02 2.500000000000000139e-02 0.000000000000000000e+00 2.500000000000000139e-02 1.250000000000000000e-01 1.000000000000000056e-01 5.000000000000000278e-02 5.000000000000000278e-02 5.000000000000000278e-02 3.250000000000000111e-01 2.249999999999999778e-01
0.000000000000000000e+00 0.000000000000000000e+00 0.000000000000000000e+00 0.000000000000000000e+00 0.000000000000000000e+00 0.000000000000000000e+00 0.000000000000000000e+00 0.000000000000000000e+00 2.500000000000000139e-02 0.000000000000000000e+00 0.000000000000000000e+00 0.000000000000000000e+00 0.000000000000000000e+00 5.000000000000000278e-02 1.000000000000000056e-01 1.250000000000000000e-01 5.000000000000000278e-02 5.000000000000000278e-02 1.000000000000000056e-01 5.000000000000000278e-02
0.000000000000000000e+00 0.000000000000000000e+00 0.000000000000000000e+00 2.500000000000000139e-02 2.500000000000000139e-02 0.000000000000000000e+00 0.000000000000000000e+00 0.000000000000000000e+00 2.500000000000000139e-02 0.000000000000000000e+00 0.000000000000000000e+00 0.000000000000000000e+00 0.000000000000000000e+00 5.000000000000000278e-02 7.500000000000001110e-02 2.000000000000000111e-01 5.000000000000000278e-02 7.500000000000001110e-02 1.000000000000000056e-01 1.000000000000000056e-01
0.000000000000000000e+00 0.000000000000000000e+00 0.000000000000000000e+00 0.000000000000000000e+00 0.000000000000000000e+00 0.000000000000000000e+00 0.000000000000000000e+00 2.500000000000000139e-02 2.500000000000000139e-02 2.500000000000000139e-02 2.500000000000000139e-02 7.500000000000001110e-02 2.500000000000000139e-02 2.500000000000000139e-02 1.999999999999999833e-01 1.499999999999999944e-01 1.499999999999999944e-01 2.500000000000000139e-02 2.500000000000000139e-02 7.500000000000001110e-02
0.000000000000000000e+00 0.000000000000000000e+00 0.000000000000000000e+00 0.000000000000000000e+00 0.000000000000000000e+00 0.000000000000000000e+00 0.000000000000000000e+00 0.000000000000000000e+00 0.000000000000000000e+00 2.500000000000000139e-02 2.500000000000000139e-02 0.000000000000000000e+00 7.500000000000001110e-02 2.500000000000000139e-02 7.500000000000001110e-02 1.000000000000000056e-01 7.500000000000001110e-02 2.500000000000000139e-02 7.500000000000001110e-02 7.500000000000001110e-02
0.000000000000000000e+00 0.000000000000000000e+00 0.000000000000000000e+00 0.000000000000000000e+00 0.000000000000000000e+00 2.500000000000000139e-02 0.000000000000000000e+00 0.000000000000000000e+00 0.000000000000000000e+00 2.500000000000000139e-02 0.000000000000000000e+00 0.000000000000000000e+00 0.000000000000000000e+00 1.000000000000000056e-01 0.000000000000000000e+00 2.500000000000000139e-02 2.499999999999999722e-01 7.500000000000001110e-02 7.500000000000001110e-02 1.499999999999999944e-01
0.000000000000000000e+00 0.000000000000000000e+00 0.000000000000000000e+00 0.000000000000000000e+00 0.000000000000000000e+00 0.000000000000000000e+00 0.000000000000000000e+00 0.000000000000000000e+00 0.000000000000000000e+00 5.000000000000000278e-02 2.500000000000000139e-02 2.500000000000000139e-02 0.000000000000000000e+00 5.000000000000000278e-02 0.000000000000000000e+00 5.000000000000000278e-02 0.000000000000000000e+00 1.499999999999999944e-01 1.250000000000000000e-01 2.500000000000000139e-02
0.000000000000000000e+00 0.000000000000000000e+00 0.000000000000000000e+00 0.000000000000000000e+00 0.000000000000000000e+00 0.000000000000000000e+00 0.000000000000000000e+00 0.000000000000000000e+00 0.000000000000000000e+00 0.000000000000000000e+00 0.000000000000000000e+00 0.000000000000000000e+00 0.000000000000000000e+00 2.500000000000000139e-02 5.000000000000000278e-02 5.000000000000000278e-02 1.250000000000000000e-01 7.500000000000001110e-02 7.500000000000001110e-02 1.999999999999999833e-01
0.000000000000000000e+00 0.000000000000000000e+00 0.000000000000000000e+00 0.000000000000000000e+00 0.000000000000000000e+00 0.000000000000000000e+00 0.000000000000000000e+00 0.000000000000000000e+00 0.000000000000000000e+00 0.000000000000000000e+00 0.000000000000000000e+00 0.000000000000000000e+00 0.000000000000000000e+00 0.000000000000000000e+00 2.500000000000000139e-02 5.000000000000000278e-02 5.000000000000000278e-02 1.000000000000000056e-01 2.500000000000000139e-02 2.500000000000000139e-02
0.000000000000000000e+00 0.000000000000000000e+00 0.000000000000000000e+00 0.000000000000000000e+00 0.000000000000000000e+00 0.000000000000000000e+00 2.500000000000000139e-02 0.000000000000000000e+00 0.000000000000000000e+00 0.000000000000000000e+00 0.000000000000000000e+00 0.000000000000000000e+00 0.000000000000000000e+00 0.000000000000000000e+00 0.000000000000000000e+00 2.500000000000000139e-02 1.000000000000000056e-01 0.000000000000000000e+00 2.500000000000000139e-02 1.250000000000000000e-01
0.000000000000000000e+00 0.000000000000000000e+00 0.000000000000000000e+00 0.000000000000000000e+00 0.000000000000000000e+00 0.000000000000000000e+00 0.000000000000000000e+00 0.000000000000000000e+00 0.000000000000000000e+00 0.000000000000000000e+00 0.000000000000000000e+00 0.000000000000000000e+00 0.000000000000000000e+00 0.000000000000000000e+00 7.500000000000001110e-02 5.000000000000000278e-02 5.000000000000000278e-02 1.499999999999999944e-01 7.500000000000001110e-02 7.500000000000001110e-02
0.000000000000000000e+00 0.000000000000000000e+00 0.000000000000000000e+00 0.000000000000000000e+00 0.000000000000000000e+00 0.000000000000000000e+00 0.000000000000000000e+00 2.500000000000000139e-02 0.000000000000000000e+00 0.000000000000000000e+00 2.500000000000000139e-02 0.000000000000000000e+00 0.000000000000000000e+00 0.000000000000000000e+00 5.000000000000000278e-02 0.000000000000000000e+00 7.500000000000001110e-02 5.000000000000000278e-02 5.000000000000000278e-02 2.500000000000000139e-02
0.000000000000000000e+00 0.000000000000000000e+00 0.000000000000000000e+00 0.000000000000000000e+00 0.000000000000000000e+00 0.000000000000000000e+00 0.000000000000000000e+00 0.000000000000000000e+00 0.000000000000000000e+00 0.000000000000000000e+00 2.500000000000000139e-02 0.000000000000000000e+00 0.000000000000000000e+00 0.000000000000000000e+00 0.000000000000000000e+00 0.000000000000000000e+00 0.000000000000000000e+00 7.500000000000001110e-02 7.500000000000001110e-02 2.500000000000000139e-02
0.000000000000000000e+00 0.000000000000000000e+00 0.000000000000000000e+00 0.000000000000000000e+00 0.000000000000000000e+00 0.000000000000000000e+00 0.000000000000000000e+00 0.000000000000000000e+00 2.500000000000000139e-02 0.000000000000000000e+00 2.500000000000000139e-02 2.500000000000000139e-02 0.000000000000000000e+00 0.000000000000000000e+00 0.000000000000000000e+00 2.500000000000000139e-02 2.500000000000000139e-02 1.250000000000000000e-01 1.000000000000000056e-01 1.499999999999999944e-01
0.000000000000000000e+00 0.000000000000000000e+00 0.000000000000000000e+00 0.000000000000000000e+00 0.000000000000000000e+00 0.000000000000000000e+00 0.000000000000000000e+00 0.000000000000000000e+00 0.000000000000000000e+00 0.000000000000000000e+00 0.000000000000000000e+00 0.000000000000000000e+00 0.000000000000000000e+00 0.000000000000000000e+00 0.000000000000000000e+00 5.000000000000000278e-02 0.000000000000000000e+00 7.500000000000001110e-02 1.000000000000000056e-01 0.000000000000000000e+00
0.000000000000000000e+00 0.000000000000000000e+00 0.000000000000000000e+00 0.000000000000000000e+00 0.000000000000000000e+00 0.000000000000000000e+00 0.000000000000000000e+00 0.000000000000000000e+00 0.000000000000000000e+00 0.000000000000000000e+00 0.000000000000000000e+00 0.000000000000000000e+00 2.500000000000000139e-02 0.000000000000000000e+00 0.000000000000000000e+00 0.000000000000000000e+00 0.000000000000000000e+00 0.000000000000000000e+00 2.500000000000000139e-02 2.500000000000000139e-02
0.000000000000000000e+00 0.000000000000000000e+00 0.000000000000000000e+00 0.000000000000000000e+00 0.000000000000000000e+00 0.000000000000000000e+00 0.000000000000000000e+00 0.000000000000000000e+00 0.000000000000000000e+00 0.000000000000000000e+00 0.000000000000000000e+00 0.000000000000000000e+00 0.000000000000000000e+00 2.500000000000000139e-02 0.000000000000000000e+00 2.500000000000000139e-02 7.500000000000001110e-02 0.000000000000000000e+00 5.000000000000000278e-02 2.500000000000000139e-02
0.000000000000000000e+00 0.000000000000000000e+00 0.000000000000000000e+00 0.000000000000000000e+00 0.000000000000000000e+00 0.000000000000000000e+00 0.000000000000000000e+00 0.000000000000000000e+00 0.000000000000000000e+00 0.000000000000000000e+00 0.000000000000000000e+00 0.000000000000000000e+00 0.000000000000000000e+00 2.500000000000000139e-02 2.500000000000000139e-02 0.000000000000000000e+00 2.500000000000000139e-02 0.000000000000000000e+00 7.500000000000001110e-02 7.500000000000001110e-02
0.000000000000000000e+00 0.000000000000000000e+00 0.000000000000000000e+00 0.000000000000000000e+00 0.000000000000000000e+00 0.000000000000000000e+00 0.000000000000000000e+00 0.000000000000000000e+00 0.000000000000000000e+00 0.000000000000000000e+00 0.000000000000000000e+00 0.000000000000000000e+00 0.000000000000000000e+00 0.000000000000000000e+00 0.000000000000000000e+00 5.000000000000000278e-02 5.000000000000000278e-02 2.500000000000000139e-02 5.000000000000000278e-02 7.500000000000001110e-02
0.000000000000000000e+00 0.000000000000000000e+00 0.000000000000000000e+00 0.000000000000000000e+00 0.000000000000000000e+00 0.000000000000000000e+00 0.000000000000000000e+00 0.000000000000000000e+00 0.000000000000000000e+00 0.000000000000000000e+00 0.000000000000000000e+00 0.000000000000000000e+00 2.500000000000000139e-02 0.000000000000000000e+00 0.000000000000000000e+00 0.000000000000000000e+00 0.000000000000000000e+00 5.000000000000000278e-02 2.500000000000000139e-02 7.500000000000001110e-02
0.000000000000000000e+00 0.000000000000000000e+00 0.000000000000000000e+00 0.000000000000000000e+00 0.000000000000000000e+00 0.000000000000000000e+00 0.000000000000000000e+00 0.000000000000000000e+00 0.000000000000000000e+00 0.000000000000000000e+00 0.000000000000000000e+00 2.500000000000000139e-02 0.000000000000000000e+00 0.000000000000000000e+00 0.000000000000000000e+00 0.000000000000000000e+00 2.500000000000000139e-02 5.000000000000000278e-02 2.500000000000000139e-02 7.500000000000001110e-02
0.000000000000000000e+00 0.000000000000000000e+00 0.000000000000000000e+00 0.000000000000000000e+00 0.000000000000000000e+00 0.000000000000000000e+00 0.000000000000000000e+00 0.000000000000000000e+00 0.000000000000000000e+00 2.500000000000000139e-02 0.000000000000000000e+00 2.500000000000000139e-02 0.000000000000000000e+00 0.000000000000000000e+00 0.000000000000000000e+00 0.000000000000000000e+00 0.000000000000000000e+00 2.500000000000000139e-02 0.000000000000000000e+00 7.500000000000001110e-02
0.000000000000000000e+00 0.000000000000000000e+00 0.000000000000000000e+00 0.000000000000000000e+00 0.000000000000000000e+00 0.000000000000000000e+00 0.000000000000000000e+00 0.000000000000000000e+00 0.000000000000000000e+00 0.000000000000000000e+00 0.000000000000000000e+00 0.000000000000000000e+00 0.000000000000000000e+00 0.000000000000000000e+00 0.000000000000000000e+00 0.000000000000000000e+00 0.000000000000000000e+00 0.000000000000000000e+00 2.500000000000000139e-02 5.000000000000000278e-02
0.000000000000000000e+00 0.000000000000000000e+00 0.000000000000000000e+00 0.000000000000000000e+00 0.000000000000000000e+00 0.000000000000000000e+00 0.000000000000000000e+00 0.000000000000000000e+00 0.000000000000000000e+00 0.000000000000000000e+00 0.000000000000000000e+00 0.000000000000000000e+00 0.000000000000000000e+00 0.000000000000000000e+00 0.000000000000000000e+00 0.000000000000000000e+00 0.000000000000000000e+00 2.500000000000000139e-02 2.500000000000000139e-02 5.000000000000000278e-02
0.000000000000000000e+00 0.000000000000000000e+00 0.000000000000000000e+00 0.000000000000000000e+00 0.000000000000000000e+00 0.000000000000000000e+00 0.000000000000000000e+00 0.000000000000000000e+00 0.000000000000000000e+00 0.000000000000000000e+00 2.500000000000000139e-02 0.000000000000000000e+00 0.000000000000000000e+00 0.000000000000000000e+00 0.000000000000000000e+00 0.000000000000000000e+00 0.000000000000000000e+00 2.500000000000000139e-02 2.500000000000000139e-02 0.000000000000000000e+00
0.000000000000000000e+00 0.000000000000000000e+00 0.000000000000000000e+00 0.000000000000000000e+00 0.000000000000000000e+00 0.000000000000000000e+00 0.000000000000000000e+00 0.000000000000000000e+00 0.000000000000000000e+00 0.000000000000000000e+00 0.000000000000000000e+00 0.000000000000000000e+00 0.000000000000000000e+00 0.000000000000000000e+00 0.000000000000000000e+00 0.000000000000000000e+00 0.000000000000000000e+00 0.000000000000000000e+00 2.500000000000000139e-02 2.500000000000000139e-02
0.000000000000000000e+00 0.000000000000000000e+00 0.000000000000000000e+00 0.000000000000000000e+00 0.000000000000000000e+00 0.000000000000000000e+00 0.000000000000000000e+00 0.000000000000000000e+00 0.000000000000000000e+00 0.000000000000000000e+00 0.000000000000000000e+00 2.500000000000000139e-02 2.500000000000000139e-02 0.000000000000000000e+00 0.000000000000000000e+00 0.000000000000000000e+00 0.000000000000000000e+00 0.000000000000000000e+00 2.500000000000000139e-02 2.500000000000000139e-02
0.000000000000000000e+00 0.000000000000000000e+00 0.000000000000000000e+00 0.000000000000000000e+00 0.000000000000000000e+00 0.000000000000000000e+00 0.000000000000000000e+00 0.000000000000000000e+00 0.000000000000000000e+00 0.000000000000000000e+00 0.000000000000000000e+00 0.000000000000000000e+00 2.500000000000000139e-02 0.000000000000000000e+00 0.000000000000000000e+00 0.000000000000000000e+00 0.000000000000000000e+00 0.000000000000000000e+00 5.000000000000000278e-02 0.000000000000000000e+00
0.000000000000000000e+00 0.000000000000000000e+00 0.000000000000000000e+00 0.000000000000000000e+00 0.000000000000000000e+00 0.000000000000000000e+00 0.000000000000000000e+00 0.000000000000000000e+00 0.000000000000000000e+00 0.000000000000000000e+00 0.000000000000000000e+00 0.000000000000000000e+00 0.000000000000000000e+00 0.000000000000000000e+00 0.000000000000000000e+00 0.000000000000000000e+00 0.000000000000000000e+00 0.000000000000000000e+00 0.000000000000000000e+00 5.000000000000000278e-02
0.000000000000000000e+00 0.000000000000000000e+00 0.000000000000000000e+00 0.000000000000000000e+00 0.000000000000000000e+00 0.000000000000000000e+00 0.000000000000000000e+00 0.000000000000000000e+00 0.000000000000000000e+00 0.000000000000000000e+00 0.000000000000000000e+00 0.000000000000000000e+00 0.000000000000000000e+00 2.500000000000000139e-02 0.000000000000000000e+00 0.000000000000000000e+00 0.000000000000000000e+00 0.000000000000000000e+00 0.000000000000000000e+00 2.500000000000000139e-02
0.000000000000000000e+00 0.000000000000000000e+00 0.000000000000000000e+00 0.000000000000000000e+00 0.000000000000000000e+00 0.000000000000000000e+00 0.000000000000000000e+00 0.000000000000000000e+00 0.000000000000000000e+00 0.000000000000000000e+00 0.000000000000000000e+00 0.000000000000000000e+00 0.000000000000000000e+00 0.000000000000000000e+00 2.500000000000000139e-02 0.000000000000000000e+00 0.000000000000000000e+00 0.000000000000000000e+00 0.000000000000000000e+00 0.000000000000000000e+00
0.000000000000000000e+00 0.000000000000000000e+00 0.000000000000000000e+00 0.000000000000000000e+00 0.000000000000000000e+00 0.000000000000000000e+00 0.000000000000000000e+00 0.000000000000000000e+00 0.000000000000000000e+00 0.000000000000000000e+00 0.000000000000000000e+00 0.000000000000000000e+00 0.000000000000000000e+00 0.000000000000000000e+00 2.500000000000000139e-02 0.000000000000000000e+00 0.000000000000000000e+00 0.000000000000000000e+00 0.000000000000000000e+00 0.000000000000000000e+00
0.000000000000000000e+00 0.000000000000000000e+00 0.000000000000000000e+00 0.000000000000000000e+00 0.000000000000000000e+00 0.000000000000000000e+00 0.000000000000000000e+00 0.000000000000000000e+00 0.000000000000000000e+00 0.000000000000000000e+00 0.000000000000000000e+00 0.000000000000000000e+00 0.000000000000000000e+00 0.000000000000000000e+00 0.000000000000000000e+00 0.000000000000000000e+00 2.500000000000000139e-02 2.500000000000000139e-02 0.000000000000000000e+00 0.000000000000000000e+00
0.000000000000000000e+00 0.000000000000000000e+00 0.000000000000000000e+00 0.000000000000000000e+00 0.000000000000000000e+00 0.000000000000000000e+00 0.000000000000000000e+00 0.000000000000000000e+00 0.000000000000000000e+00 0.000000000000000000e+00 0.000000000000000000e+00 0.000000000000000000e+00 0.000000000000000000e+00 2.500000000000000139e-02 0.000000000000000000e+00 0.000000000000000000e+00 0.000000000000000000e+00 0.000000000000000000e+00 2.500000000000000139e-02 0.000000000000000000e+00
0.000000000000000000e+00 0.000000000000000000e+00 0.000000000000000000e+00 0.000000000000000000e+00 0.000000000000000000e+00 0.000000000000000000e+00 0.000000000000000000e+00 0.000000000000000000e+00 0.000000000000000000e+00 0.000000000000000000e+00 0.000000000000000000e+00 0.000000000000000000e+00 0.000000000000000000e+00 0.000000000000000000e+00 0.000000000000000000e+00 0.000000000000000000e+00 0.000000000000000000e+00 0.000000000000000000e+00 0.000000000000000000e+00 5.000000000000000278e-02
0.000000000000000000e+00 0.000000000000000000e+00 0.000000000000000000e+00 0.000000000000000000e+00 0.000000000000000000e+00 0.000000000000000000e+00 0.000000000000000000e+00 0.000000000000000000e+00 0.000000000000000000e+00 0.000000000000000000e+00 0.000000000000000000e+00 0.000000000000000000e+00 0.000000000000000000e+00 0.000000000000000000e+00 0.000000000000000000e+00 0.000000000000000000e+00 0.000000000000000000e+00 0.000000000000000000e+00 0.000000000000000000e+00 0.000000000000000000e+00
0.000000000000000000e+00 0.000000000000000000e+00 0.000000000000000000e+00 0.000000000000000000e+00 0.000000000000000000e+00 0.000000000000000000e+00 0.000000000000000000e+00 0.000000000000000000e+00 0.000000000000000000e+00 0.000000000000000000e+00 0.000000000000000000e+00 0.000000000000000000e+00 0.000000000000000000e+00 0.000000000000000000e+00 0.000000000000000000e+00 0.000000000000000000e+00 0.000000000000000000e+00 2.500000000000000139e-02 2.500000000000000139e-02 0.000000000000000000e+00
0.000000000000000000e+00 0.000000000000000000e+00 0.000000000000000000e+00 0.000000000000000000e+00 0.000000000000000000e+00 0.000000000000000000e+00 0.000000000000000000e+00 0.000000000000000000e+00 0.000000000000000000e+00 0.000000000000000000e+00 0.000000000000000000e+00 0.000000000000000000e+00 0.000000000000000000e+00 0.000000000000000000e+00 0.000000000000000000e+00 2.500000000000000139e-02 2.500000000000000139e-02 0.000000000000000000e+00 0.000000000000000000e+00 0.000000000000000000e+00
0.000000000000000000e+00 0.000000000000000000e+00 0.000000000000000000e+00 0.000000000000000000e+00 0.000000000000000000e+00 0.000000000000000000e+00 0.000000000000000000e+00 0.000000000000000000e+00 0.000000000000000000e+00 0.000000000000000000e+00 0.000000000000000000e+00 0.000000000000000000e+00 0.000000000000000000e+00 0.000000000000000000e+00 0.000000000000000000e+00 0.000000000000000000e+00 0.000000000000000000e+00 0.000000000000000000e+00 0.000000000000000000e+00 2.500000000000000139e-02
0.000000000000000000e+00 0.000000000000000000e+00 0.000000000000000000e+00 0.000000000000000000e+00 0.000000000000000000e+00 0.000000000000000000e+00 0.000000000000000000e+00 0.000000000000000000e+00 0.000000000000000000e+00 0.000000000000000000e+00 0.000000000000000000e+00 0.000000000000000000e+00 0.000000000000000000e+00 0.000000000000000000e+00 0.000000000000000000e+00 0.000000000000000000e+00 0.000000000000000000e+00 0.000000000000000000e+00 0.000000000000000000e+00 0.000000000000000000e+00
0.000000000000000000e+00 0.000000000000000000e+00 0.000000000000000000e+00 0.000000000000000000e+00 0.000000000000000000e+00 0.000000000000000000e+00 0.000000000000000000e+00 0.000000000000000000e+00 0.000000000000000000e+00 0.000000000000000000e+00 0.000000000000000000e+00 0.000000000000000000e+00 0.000000000000000000e+00 0.000000000000000000e+00 0.000000000000000000e+00 0.000000000000000000e+00 0.000000000000000000e+00 0.000000000000000000e+00 0.000000000000000000e+00 0.000000000000000000e+00
0.000000000000000000e+00 0.000000000000000000e+00 0.000000000000000000e+00 0.000000000000000000e+00 0.000000000000000000e+00 0.000000000000000000e+00 0.000000000000000000e+00 0.000000000000000000e+00 0.000000000000000000e+00 0.000000000000000000e+00 0.000000000000000000e+00 0.000000000000000000e+00 0.000000000000000000e+00 0.000000000000000000e+00 0.000000000000000000e+00 2.500000000000000139e-02 0.000000000000000000e+00 0.000000000000000000e+00 0.000000000000000000e+00 0.000000000000000000e+00
