4.427188724235731477e-04 4.997578385556493766e-04 5.641455848280560459e-04 6.368289125805289214e-04 7.188766070412570168e-04 8.114951534738955611e-04 9.160464781598157830e-04 1.034067975091110128e-03 1.167295112860504847e-03 1.317686954175293886e-03 1.487454963251657507e-03 1.679095524692928235e-03 1.895426652031561741e-03 2.139629425722276539e-03 2.415294769918857522e-03 2.726476255872258524e-03 3.077749708407205142e-03 3.474280491971555238e-03 3.921899465678414624e-03 4.427188724235731586e-03
5.673000000000000682e+02 5.458749999999998863e+02 5.242250000000000227e+02 5.029250000000000682e+02 4.830000000000000000e+02 4.622249999999999091e+02 4.435500000000000682e+02 4.242499999999999432e+02 4.055499999999997840e+02 3.876750000000000682e+02 3.702999999999999545e+02 3.550500000000000114e+02 3.376249999999999432e+02 3.216999999999999318e+02 3.057249999999999659e+02 2.892750000000000341e+02 2.746000000000000227e+02 2.598249999999999886e+02 2.455999999999999659e+02 2.308249999999999602e+02
6.819000000000000909e+02 6.787249999999999091e+02 6.777749999999999773e+02 6.744499999999999318e+02 6.714499999999998181e+02 6.686500000000000909e+02 6.643249999999999318e+02 6.606749999999998408e+02 6.564500000000000455e+02 6.536750000000000682e+02 6.492749999999998636e+02 6.443749999999998863e+02 6.398500000000000227e+02 6.345499999999998408e+02 6.299499999999999318e+02 6.240500000000000682e+02 6.156000000000001364e+02 6.104500000000000455e+02 6.038999999999998636e+02 5.979500000000001592e+02
3.755749999999999318e+02 3.817750000000000341e+02 3.862999999999998977e+02 3.919250000000001251e+02 3.967249999999999659e+02 4.021999999999999886e+02 4.061750000000000114e+02 4.128499999999999659e+02 4.178249999999998749e+02 4.220500000000002387e+02 4.246999999999998749e+02 4.269499999999999886e+02 4.309999999999999432e+02 4.340499999999999545e+02 4.372000000000000455e+02 4.422750000000000909e+02 4.464249999999999545e+02 4.486499999999999204e+02 4.520249999999999204e+02 4.545500000000000682e+02
1.710249999999999773e+02 1.777000000000000171e+02 1.836000000000000227e+02 1.897000000000000171e+02 1.945500000000000682e+02 1.988999999999999773e+02 2.051749999999999829e+02 2.086500000000000341e+02 2.148749999999999716e+02 2.184500000000000739e+02 2.233750000000000000e+02 2.276750000000000114e+02 2.332500000000000568e+02 2.376499999999999773e+02 2.419250000000000114e+02 2.461000000000000227e+02 2.517500000000000568e+02 2.558500000000000227e+02 2.597249999999999659e+02 2.628750000000000568e+02
8.002500000000003411e+01 8.254999999999999716e+01 8.542499999999999716e+01 8.907500000000001705e+01 9.302500000000001990e+01 9.772499999999996589e+01 1.014499999999999886e+02 1.048500000000000085e+02 1.068250000000000171e+02 1.094499999999999886e+02 1.141249999999999858e+02 1.188999999999999915e+02 1.211250000000000000e+02 1.249999999999999574e+02 1.277750000000000199e+02 1.306499999999999773e+02 1.338250000000000171e+02 1.375249999999999773e+02 1.407249999999999659e+02 1.459000000000000057e+02
4.392500000000000426e+01 4.572500000000000853e+01 4.757500000000000284e+01 4.989999999999999147e+01 5.225000000000000711e+01 5.380000000000000426e+01 5.554999999999999716e+01 5.724999999999999289e+01 5.937499999999999289e+01 6.197499999999999432e+01 6.317499999999999005e+01 6.447500000000000853e+01 6.652500000000001990e+01 6.827500000000001990e+01 7.130000000000001137e+01 7.372499999999999432e+01 7.522499999999999432e+01 7.672499999999999432e+01 7.970000000000000284e+01 8.100000000000000000e+01
2.315000000000000568e+01 2.432499999999999574e+01 2.632499999999999574e+01 2.750000000000001066e+01 2.875000000000000000e+01 3.137500000000000711e+01 3.272500000000000142e+01 3.482499999999999574e+01 3.587499999999999289e+01 3.685000000000000142e+01 3.852500000000000568e+01 3.975000000000000000e+01 4.179999999999999716e+01 4.329999999999998295e+01 4.379999999999999716e+01 4.527499999999999147e+01 4.777500000000000568e+01 4.932499999999998863e+01 5.097500000000000142e+01 5.254999999999999005e+01
1.512500000000000178e+01 1.634999999999999787e+01 1.694999999999999929e+01 1.817499999999999716e+01 1.860000000000000497e+01 1.832499999999999929e+01 1.980000000000000071e+01 2.082500000000000639e+01 2.234999999999999787e+01 2.365000000000000568e+01 2.424999999999999645e+01 2.534999999999999787e+01 2.640000000000000568e+01 2.719999999999999574e+01 2.887499999999999289e+01 3.029999999999999716e+01 3.127500000000000213e+01 3.304999999999999005e+01 3.325000000000000000e+01 3.434999999999999432e+01
1.072500000000000142e+01 1.105000000000000071e+01 1.192499999999999538e+01 1.260000000000000142e+01 1.375000000000000355e+01 1.392500000000000249e+01 1.412500000000000000e+01 1.449999999999999467e+01 1.590000000000000213e+01 1.710000000000000142e+01 1.890000000000000213e+01 1.912500000000000355e+01 1.967500000000000426e+01 2.095000000000000639e+01 2.142500000000000426e+01 2.140000000000000568e+01 2.152499999999999858e+01 2.252500000000000213e+01 2.345000000000000639e+01 2.434999999999999787e+01
7.224999999999996980e+00 8.799999999999998934e+00 8.299999999999998934e+00 8.774999999999998579e+00 9.125000000000000000e+00 1.020000000000000462e+01 1.097499999999999964e+01 1.139999999999999858e+01 1.127500000000000391e+01 1.150000000000000355e+01 1.187500000000000178e+01 1.267499999999999893e+01 1.272499999999999787e+01 1.290000000000000036e+01 1.407500000000000107e+01 1.525000000000000000e+01 1.639999999999999858e+01 1.609999999999999787e+01 1.687499999999999645e+01 1.747500000000000497e+01
5.650000000000001243e+00 5.724999999999999645e+00 6.374999999999999112e+00 6.524999999999997691e+00 7.550000000000000711e+00 7.424999999999999822e+00 7.299999999999998934e+00 8.474999999999997868e+00 8.925000000000000711e+00 9.450000000000001066e+00 1.002499999999999858e+01 1.007499999999999751e+01 1.094999999999999929e+01 1.175000000000000000e+01 1.187500000000000178e+01 1.179999999999999716e+01 1.179999999999999893e+01 1.242499999999999893e+01 1.280000000000000249e+01 1.332500000000000107e+01
4.225000000000000533e+00 3.925000000000000711e+00 4.650000000000001243e+00 4.575000000000000178e+00 4.600000000000001421e+00 6.050000000000000711e+00 5.950000000000001066e+00 5.650000000000000355e+00 6.274999999999999467e+00 6.999999999999998224e+00 7.149999999999999467e+00 8.525000000000000355e+00 8.774999999999998579e+00 8.625000000000000000e+00 8.599999999999999645e+00 9.150000000000002132e+00 9.600000000000003197e+00 1.012500000000000355e+01 1.000000000000000000e+01 1.042499999999999716e+01
3.999999999999999112e+00 4.175000000000000711e+00 4.099999999999999645e+00 4.225000000000001421e+00 4.450000000000001066e+00 4.700000000000001066e+00 5.375000000000001776e+00 4.974999999999997868e+00 5.300000000000000711e+00 5.174999999999999822e+00 5.799999999999998934e+00 5.549999999999999822e+00 5.875000000000000000e+00 6.999999999999999112e+00 6.624999999999999112e+00 6.925000000000000711e+00 7.099999999999998757e+00 7.675000000000001599e+00 8.349999999999999645e+00 8.624999999999998224e+00
2.024999999999999911e+00 2.900000000000000799e+00 3.299999999999999378e+00 3.700000000000000622e+00 3.449999999999999734e+00 3.449999999999999734e+00 3.849999999999999645e+00 4.475000000000000533e+00 4.125000000000000000e+00 4.599999999999999645e+00 4.400000000000000355e+00 5.124999999999998224e+00 5.025000000000000355e+00 4.950000000000000178e+00 6.074999999999998401e+00 6.425000000000001599e+00 6.875000000000000000e+00 6.574999999999998401e+00 6.025000000000001243e+00 6.375000000000000888e+00
1.774999999999999689e+00 1.924999999999999822e+00 2.275000000000000355e+00 2.824999999999999734e+00 2.875000000000000000e+00 2.724999999999999645e+00 3.024999999999999467e+00 3.674999999999999378e+00 3.700000000000000622e+00 3.850000000000000977e+00 3.975000000000000533e+00 3.649999999999999467e+00 4.275000000000000355e+00 4.399999999999999467e+00 4.849999999999998757e+00 5.199999999999999289e+00 5.224999999999998757e+00 6.024999999999999467e+00 6.075000000000001066e+00 6.250000000000000888e+00
1.599999999999999645e+00 1.425000000000000044e+00 2.000000000000000000e+00 1.700000000000000178e+00 2.300000000000000266e+00 2.599999999999999645e+00 2.549999999999998934e+00 2.749999999999999556e+00 3.100000000000000533e+00 2.875000000000000444e+00 3.249999999999999112e+00 3.375000000000000000e+00 3.975000000000000089e+00 3.774999999999999467e+00 3.649999999999999467e+00 4.074999999999999289e+00 4.699999999999999289e+00 4.125000000000000000e+00 5.250000000000000888e+00 5.150000000000001243e+00
1.350000000000000533e+00 1.850000000000000089e+00 1.750000000000000222e+00 1.825000000000000622e+00 1.799999999999999378e+00 2.099999999999999645e+00 2.374999999999999556e+00 1.899999999999999689e+00 2.450000000000000178e+00 2.575000000000000178e+00 2.574999999999999734e+00 2.999999999999999112e+00 2.974999999999999201e+00 3.524999999999999467e+00 3.550000000000000266e+00 2.999999999999999556e+00 3.400000000000000355e+00 4.200000000000000178e+00 4.100000000000000533e+00 4.625000000000000000e+00
1.050000000000000044e+00 1.475000000000000533e+00 1.374999999999999778e+00 1.725000000000000311e+00 1.875000000000000000e+00 1.599999999999999645e+00 1.800000000000000044e+00 2.474999999999999201e+00 1.849999999999999423e+00 2.374999999999999556e+00 2.599999999999998312e+00 2.449999999999999734e+00 2.349999999999999645e+00 2.449999999999999734e+00 2.499999999999999112e+00 3.149999999999999023e+00 2.675000000000000266e+00 3.024999999999999911e+00 3.549999999999998934e+00 3.649999999999999911e+00
8.000000000000002665e-01 1.050000000000000266e+00 1.224999999999999867e+00 1.375000000000000000e+00 1.750000000000000222e+00 1.374999999999999778e+00 1.375000000000000222e+00 1.350000000000000311e+00 1.799999999999999822e+00 2.200000000000000178e+00 2.049999999999999378e+00 2.550000000000000266e+00 2.624999999999999556e+00 2.500000000000000000e+00 2.875000000000000000e+00 2.600000000000000089e+00 2.850000000000000089e+00 2.624999999999999112e+00 2.524999999999999911e+00 2.599999999999999645e+00
3.750000000000000555e-01 6.750000000000002665e-01 1.199999999999999956e+00 1.149999999999999689e+00 1.075000000000000178e+00 1.274999999999999911e+00 1.574999999999999512e+00 1.450000000000000178e+00 1.724999999999999645e+00 1.574999999999999734e+00 1.724999999999999645e+00 1.675000000000000266e+00 1.900000000000000133e+00 2.300000000000000266e+00 2.074999999999999734e+00 2.250000000000000000e+00 2.475000000000000089e+00 2.675000000000001155e+00 2.550000000000000266e+00 2.724999999999999645e+00
4.750000000000001443e-01 6.250000000000001110e-01 8.500000000000001998e-01 7.750000000000002442e-01 1.199999999999999734e+00 1.475000000000000089e+00 1.249999999999999556e+00 1.150000000000000355e+00 1.475000000000000089e+00 1.349999999999999867e+00 1.650000000000000133e+00 1.699999999999999734e+00 1.475000000000000089e+00 1.649999999999999689e+00 2.324999999999999734e+00 2.250000000000000444e+00 2.099999999999999201e+00 1.874999999999999778e+00 1.974999999999999867e+00 1.875000000000000000e+00
1.999999999999999833e-01 5.250000000000000222e-01 6.000000000000001998e-01 1.250000000000000000e+00 9.500000000000002887e-01 1.100000000000000311e+00 1.149999999999999911e+00 1.199999999999999734e+00 9.250000000000003775e-01 1.150000000000000355e+00 1.349999999999999867e+00 1.350000000000000089e+00 1.750000000000000000e+00 1.924999999999999822e+00 1.574999999999999734e+00 1.574999999999999734e+00 2.050000000000000266e+00 1.974999999999999423e+00 2.100000000000000089e+00 2.349999999999999645e+00
2.499999999999999722e-01 3.000000000000000444e-01 5.000000000000000000e-01 5.250000000000000222e-01 1.050000000000000266e+00 1.074999999999999956e+00 1.025000000000000355e+00 1.075000000000000400e+00 9.750000000000003109e-01 1.175000000000000044e+00 1.125000000000000000e+00 1.300000000000000044e+00 1.424999999999999600e+00 1.375000000000000000e+00 1.549999999999999822e+00 1.775000000000000355e+00 1.824999999999999512e+00 1.874999999999999778e+00 2.125000000000000000e+00 2.099999999999999645e+00
1.000000000000000056e-01 1.999999999999999833e-01 4.250000000000000999e-01 6.750000000000001554e-01 5.500000000000000444e-01 9.250000000000004885e-01 1.025000000000000577e+00 1.225000000000000089e+00 1.125000000000000222e+00 1.025000000000000355e+00 1.150000000000000355e+00 1.150000000000000355e+00 9.500000000000002887e-01 1.125000000000000222e+00 1.324999999999999956e+00 1.650000000000000133e+00 1.275000000000000133e+00 1.750000000000000000e+00 1.574999999999999734e+00 1.649999999999999689e+00
2.500000000000000139e-02 5.000000000000000278e-02 4.000000000000001332e-01 5.750000000000001776e-01 6.250000000000002220e-01 7.000000000000000666e-01 6.500000000000000222e-01 9.750000000000003109e-01 8.750000000000004441e-01 8.000000000000000444e-01 1.025000000000000355e+00 1.075000000000000178e+00 1.100000000000000089e+00 1.000000000000000444e+00 1.125000000000000444e+00 1.224999999999999867e+00 1.374999999999999778e+00 1.025000000000000133e+00 1.300000000000000044e+00 1.674999999999999378e+00
7.500000000000001110e-02 1.250000000000000000e-01 1.999999999999999833e-01 4.249999999999999889e-01 5.500000000000001554e-01 7.000000000000002887e-01 9.250000000000002665e-01 7.250000000000003109e-01 1.000000000000000444e+00 9.000000000000003553e-01 8.000000000000003775e-01 1.050000000000000044e+00 1.425000000000000488e+00 1.375000000000000000e+00 1.324999999999999956e+00 1.075000000000000178e+00 1.500000000000000222e+00 1.425000000000000044e+00 1.575000000000000178e+00 1.225000000000000089e+00
2.500000000000000139e-02 2.500000000000000139e-02 5.000000000000000278e-02 2.749999999999999667e-01 3.750000000000000555e-01 4.000000000000000222e-01 7.500000000000001110e-01 5.500000000000000444e-01 7.000000000000002887e-01 9.500000000000002887e-01 8.000000000000001554e-01 8.250000000000003997e-01 7.250000000000001998e-01 8.000000000000002665e-01 1.100000000000000311e+00 1.100000000000000311e+00 1.175000000000000266e+00 1.450000000000000178e+00 1.325000000000000178e+00 1.524999999999999689e+00
0.000000000000000000e+00 5.000000000000000278e-02 1.250000000000000000e-01 2.500000000000000000e-01 3.750000000000001110e-01 6.000000000000000888e-01 5.250000000000001332e-01 6.250000000000002220e-01 9.000000000000002442e-01 7.250000000000001998e-01 7.000000000000002887e-01 6.500000000000001332e-01 7.250000000000003109e-01 9.250000000000003775e-01 7.000000000000001776e-01 1.124999999999999778e+00 1.199999999999999956e+00 1.225000000000000089e+00 1.425000000000000044e+00 1.200000000000000178e+00
0.000000000000000000e+00 0.000000000000000000e+00 5.000000000000000278e-02 1.250000000000000000e-01 2.999999999999999889e-01 4.000000000000000777e-01 6.000000000000000888e-01 7.500000000000002220e-01 7.500000000000003331e-01 6.500000000000001332e-01 6.250000000000000000e-01 6.250000000000001110e-01 6.500000000000001332e-01 7.500000000000002220e-01 7.750000000000002442e-01 9.000000000000001332e-01 9.250000000000001554e-01 9.750000000000003109e-01 1.099999999999999867e+00 1.349999999999999645e+00
0.000000000000000000e+00 7.500000000000001110e-02 2.500000000000000139e-02 1.499999999999999944e-01 1.749999999999999889e-01 4.250000000000000999e-01 5.000000000000001110e-01 4.750000000000000888e-01 5.250000000000001332e-01 6.500000000000001332e-01 5.500000000000000444e-01 6.500000000000002442e-01 7.500000000000003331e-01 6.750000000000002665e-01 1.025000000000000355e+00 8.000000000000001554e-01 7.750000000000000222e-01 1.024999999999999911e+00 1.025000000000000355e+00 1.199999999999999956e+00
0.000000000000000000e+00 0.000000000000000000e+00 2.500000000000000139e-02 1.000000000000000056e-01 2.499999999999999722e-01 2.249999999999999778e-01 4.250000000000000999e-01 6.250000000000001110e-01 4.500000000000000111e-01 6.500000000000001332e-01 6.500000000000001332e-01 6.500000000000000222e-01 4.000000000000000777e-01 7.000000000000002887e-01 6.500000000000002442e-01 7.750000000000003553e-01 6.000000000000000888e-01 8.000000000000002665e-01 8.750000000000003331e-01 9.000000000000003553e-01
0.000000000000000000e+00 0.000000000000000000e+00 5.000000000000000278e-02 1.000000000000000056e-01 1.999999999999999833e-01 2.999999999999999889e-01 2.999999999999999889e-01 3.250000000000000111e-01 6.250000000000001110e-01 5.000000000000001110e-01 7.250000000000001998e-01 6.750000000000002665e-01 5.750000000000000666e-01 6.500000000000001332e-01 5.250000000000000222e-01 5.750000000000001776e-01 7.000000000000003997e-01 8.250000000000001776e-01 9.000000000000003553e-01 7.750000000000000222e-01
2.500000000000000139e-02 0.000000000000000000e+00 0.000000000000000000e+00 5.000000000000000278e-02 1.499999999999999944e-01 1.499999999999999944e-01 2.750000000000000222e-01 5.000000000000000000e-01 3.250000000000000111e-01 3.500000000000000333e-01 6.500000000000003553e-01 5.250000000000000222e-01 5.500000000000002665e-01 4.750000000000001443e-01 4.750000000000001443e-01 5.500000000000001554e-01 6.500000000000002442e-01 5.250000000000001332e-01 6.000000000000001998e-01 1.000000000000000222e+00
0.000000000000000000e+00 2.500000000000000139e-02 5.000000000000000278e-02 2.500000000000000139e-02 1.000000000000000056e-01 1.499999999999999944e-01 2.749999999999999667e-01 3.500000000000000888e-01 3.500000000000000333e-01 3.750000000000000000e-01 2.749999999999999667e-01 5.500000000000000444e-01 6.500000000000001332e-01 5.750000000000001776e-01 6.750000000000001554e-01 7.250000000000001998e-01 6.500000000000001332e-01 6.250000000000002220e-01 6.250000000000002220e-01 5.250000000000000222e-01
0.000000000000000000e+00 0.000000000000000000e+00 0.000000000000000000e+00 0.000000000000000000e+00 7.500000000000001110e-02 1.999999999999999833e-01 2.249999999999999778e-01 2.999999999999999889e-01 3.500000000000000333e-01 3.750000000000000000e-01 5.000000000000001110e-01 4.250000000000000444e-01 6.750000000000000444e-01 4.750000000000000333e-01 3.499999999999999778e-01 4.250000000000000444e-01 6.000000000000003109e-01 4.500000000000001221e-01 4.000000000000000777e-01 5.750000000000001776e-01
0.000000000000000000e+00 0.000000000000000000e+00 0.000000000000000000e+00 0.000000000000000000e+00 7.500000000000001110e-02 1.999999999999999833e-01 2.000000000000000111e-01 3.500000000000000333e-01 4.000000000000000777e-01 2.749999999999999667e-01 2.999999999999999889e-01 3.249999999999999556e-01 4.750000000000000888e-01 4.250000000000000999e-01 4.249999999999999889e-01 4.250000000000000999e-01 5.500000000000001554e-01 6.250000000000003331e-01 6.250000000000002220e-01 5.500000000000001554e-01
0.000000000000000000e+00 0.000000000000000000e+00 0.000000000000000000e+00 2.500000000000000139e-02 2.500000000000000139e-02 1.000000000000000056e-01 1.250000000000000000e-01 1.999999999999999833e-01 4.249999999999999889e-01 4.500000000000001221e-01 4.000000000000000222e-01 4.250000000000000999e-01 2.500000000000000000e-01 5.500000000000001554e-01 3.250000000000000666e-01 2.499999999999999722e-01 4.750000000000000888e-01 3.750000000000000000e-01 5.000000000000001110e-01 5.500000000000001554e-01
0.000000000000000000e+00 0.000000000000000000e+00 0.000000000000000000e+00 0.000000000000000000e+00 0.000000000000000000e+00 5.000000000000000278e-02 2.249999999999999778e-01 7.500000000000001110e-02 2.749999999999999667e-01 4.750000000000000888e-01 5.000000000000001110e-01 2.749999999999999667e-01 4.500000000000000111e-01 4.000000000000000222e-01 5.000000000000000000e-01 3.500000000000000888e-01 3.000000000000000444e-01 5.250000000000000222e-01 5.000000000000001110e-01 5.500000000000001554e-01
0.000000000000000000e+00 0.000000000000000000e+00 0.000000000000000000e+00 0.000000000000000000e+00 0.000000000000000000e+00 5.000000000000000278e-02 7.500000000000001110e-02 1.999999999999999833e-01 4.000000000000000777e-01 2.249999999999999778e-01 3.500000000000000333e-01 5.250000000000000222e-01 4.500000000000000666e-01 4.500000000000001221e-01 6.000000000000000888e-01 5.250000000000000222e-01 3.250000000000000111e-01 6.000000000000001998e-01 4.750000000000001443e-01 5.250000000000001332e-01
0.000000000000000000e+00 0.000000000000000000e+00 0.000000000000000000e+00 0.000000000000000000e+00 0.000000000000000000e+00 5.000000000000000278e-02 7.500000000000001110e-02 7.500000000000001110e-02 1.000000000000000056e-01 3.750000000000000555e-01 2.249999999999999778e-01 3.750000000000001110e-01 4.000000000000001332e-01 5.000000000000000000e-01 4.750000000000001443e-01 3.499999999999999778e-01 3.499999999999999778e-01 3.750000000000000000e-01 4.000000000000000777e-01 4.500000000000000666e-01
0.000000000000000000e+00 0.000000000000000000e+00 0.000000000000000000e+00 0.000000000000000000e+00 0.000000000000000000e+00 5.000000000000000278e-02 7.500000000000001110e-02 1.999999999999999833e-01 5.000000000000000278e-02 2.000000000000000111e-01 4.500000000000000666e-01 3.250000000000000111e-01 2.750000000000000222e-01 3.250000000000000111e-01 5.000000000000001110e-01 5.750000000000001776e-01 3.750000000000001110e-01 4.500000000000000666e-01 3.500000000000000333e-01 2.999999999999999889e-01
0.000000000000000000e+00 0.000000000000000000e+00 0.000000000000000000e+00 0.000000000000000000e+00 0.000000000000000000e+00 2.500000000000000139e-02 1.000000000000000056e-01 1.999999999999999833e-01 2.749999999999999667e-01 2.749999999999999667e-01 2.000000000000000111e-01 2.500000000000000000e-01 3.500000000000000333e-01 2.000000000000000111e-01 2.749999999999999667e-01 3.250000000000000111e-01 4.249999999999999889e-01 3.250000000000000666e-01 6.000000000000000888e-01 4.750000000000001443e-01
0.000000000000000000e+00 0.000000000000000000e+00 0.000000000000000000e+00 0.000000000000000000e+00 0.000000000000000000e+00 0.000000000000000000e+00 7.500000000000001110e-02 1.250000000000000000e-01 1.000000000000000056e-01 2.249999999999999778e-01 2.999999999999999889e-01 3.250000000000000111e-01 1.500000000000000222e-01 2.749999999999999667e-01 2.999999999999999889e-01 4.250000000000000444e-01 3.750000000000000555e-01 1.250000000000000000e-01 2.749999999999999667e-01 2.749999999999999667e-01
0.000000000000000000e+00 0.000000000000000000e+00 0.000000000000000000e+00 2.500000000000000139e-02 0.000000000000000000e+00 0.000000000000000000e+00 7.500000000000001110e-02 1.749999999999999889e-01 1.000000000000000056e-01 1.499999999999999944e-01 1.499999999999999944e-01 2.749999999999999667e-01 1.749999999999999889e-01 2.749999999999999667e-01 2.499999999999999722e-01 4.000000000000000222e-01 2.499999999999999722e-01 3.250000000000000111e-01 3.750000000000000555e-01 4.500000000000001221e-01
0.000000000000000000e+00 0.000000000000000000e+00 0.000000000000000000e+00 0.000000000000000000e+00 2.500000000000000139e-02 0.000000000000000000e+00 0.000000000000000000e+00 1.250000000000000000e-01 1.250000000000000000e-01 1.749999999999999889e-01 2.249999999999999778e-01 3.750000000000000555e-01 4.000000000000000222e-01 3.249999999999999556e-01 3.250000000000000666e-01 3.500000000000000333e-01 4.749999999999999778e-01 4.250000000000000999e-01 3.250000000000000111e-01 3.500000000000000333e-01
0.000000000000000000e+00 0.000000000000000000e+00 0.000000000000000000e+00 0.000000000000000000e+00 0.000000000000000000e+00 2.500000000000000139e-02 2.500000000000000139e-02 7.500000000000001110e-02 1.250000000000000000e-01 1.749999999999999889e-01 1.250000000000000000e-01 1.499999999999999944e-01 1.999999999999999833e-01 3.000000000000000444e-01 2.499999999999999722e-01 1.749999999999999889e-01 2.499999999999999722e-01 1.750000000000000167e-01 3.250000000000000111e-01 4.500000000000000111e-01
0.000000000000000000e+00 0.000000000000000000e+00 0.000000000000000000e+00 0.000000000000000000e+00 0.000000000000000000e+00 0.000000000000000000e+00 2.500000000000000139e-02 0.000000000000000000e+00 2.499999999999999722e-01 2.249999999999999778e-01 1.749999999999999889e-01 1.999999999999999833e-01 2.499999999999999722e-01 1.000000000000000056e-01 1.749999999999999889e-01 3.250000000000000111e-01 3.250000000000000111e-01 3.750000000000000555e-01 3.500000000000000888e-01 3.250000000000000111e-01
0.000000000000000000e+00 0.000000000000000000e+00 0.000000000000000000e+00 0.000000000000000000e+00 0.000000000000000000e+00 0.000000000000000000e+00 0.000000000000000000e+00 5.000000000000000278e-02 1.499999999999999944e-01 1.250000000000000000e-01 1.999999999999999833e-01 2.250000000000000056e-01 1.999999999999999833e-01 2.249999999999999778e-01 2.750000000000000222e-01 2.500000000000000000e-01 1.500000000000000222e-01 4.250000000000000999e-01 3.000000000000000444e-01 1.999999999999999833e-01
0.000000000000000000e+00 0.000000000000000000e+00 0.000000000000000000e+00 0.000000000000000000e+00 0.000000000000000000e+00 0.000000000000000000e+00 0.000000000000000000e+00 0.000000000000000000e+00 5.000000000000000278e-02 1.749999999999999889e-01 1.250000000000000000e-01 1.999999999999999833e-01 3.250000000000000111e-01 1.749999999999999889e-01 2.749999999999999667e-01 2.249999999999999778e-01 2.249999999999999778e-01 2.249999999999999778e-01 2.999999999999999889e-01 2.249999999999999778e-01
0.000000000000000000e+00 0.000000000000000000e+00 0.000000000000000000e+00 0.000000000000000000e+00 0.000000000000000000e+00 0.000000000000000000e+00 0.000000000000000000e+00 0.000000000000000000e+00 5.000000000000000278e-02 1.000000000000000056e-01 2.999999999999999889e-01 1.250000000000000000e-01 3.000000000000000444e-01 1.000000000000000056e-01 2.000000000000000111e-01 1.749999999999999889e-01 3.500000000000000333e-01 2.000000000000000111e-01 2.499999999999999722e-01 3.500000000000000888e-01
0.000000000000000000e+00 0.000000000000000000e+00 0.000000000000000000e+00 0.000000000000000000e+00 0.000000000000000000e+00 0.000000000000000000e+00 0.000000000000000000e+00 0.000000000000000000e+00 1.000000000000000056e-01 1.500000000000000222e-01 1.749999999999999889e-01 1.000000000000000056e-01 1.250000000000000000e-01 1.999999999999999833e-01 2.250000000000000056e-01 2.500000000000000000e-01 3.499999999999999778e-01 2.999999999999999889e-01 3.250000000000000111e-01 2.250000000000000056e-01
0.000000000000000000e+00 0.000000000000000000e+00 0.000000000000000000e+00 0.000000000000000000e+00 0.000000000000000000e+00 0.000000000000000000e+00 0.000000000000000000e+00 2.500000000000000139e-02 7.500000000000001110e-02 1.499999999999999944e-01 5.000000000000000278e-02 1.499999999999999944e-01 2.249999999999999778e-01 3.250000000000000111e-01 1.750000000000000167e-01 3.750000000000000555e-01 2.499999999999999722e-01 3.500000000000000333e-01 2.249999999999999778e-01 2.749999999999999667e-01
0.000000000000000000e+00 0.000000000000000000e+00 0.000000000000000000e+00 0.000000000000000000e+00 0.000000000000000000e+00 0.000000000000000000e+00 0.000000000000000000e+00 2.500000000000000139e-02 2.500000000000000139e-02 7.500000000000001110e-02 1.499999999999999944e-01 1.750000000000000167e-01 1.000000000000000056e-01 3.250000000000000666e-01 1.250000000000000000e-01 1.000000000000000056e-01 2.000000000000000111e-01 2.999999999999999889e-01 1.499999999999999944e-01 2.499999999999999722e-01
0.000000000000000000e+00 0.000000000000000000e+00 0.000000000000000000e+00 0.000000000000000000e+00 0.000000000000000000e+00 0.000000000000000000e+00 0.000000000000000000e+00 0.000000000000000000e+00 0.000000000000000000e+00 2.500000000000000139e-02 1.000000000000000056e-01 2.249999999999999778e-01 1.250000000000000000e-01 2.999999999999999889e-01 1.000000000000000056e-01 5.000000000000000278e-02 1.000000000000000056e-01 1.499999999999999944e-01 2.750000000000000222e-01 2.750000000000000222e-01
0.000000000000000000e+00 0.000000000000000000e+00 0.000000000000000000e+00 0.000000000000000000e+00 0.000000000000000000e+00 0.000000000000000000e+00 0.000000000000000000e+00 0.000000000000000000e+00 0.000000000000000000e+00 1.250000000000000000e-01 1.499999999999999944e-01 1.000000000000000056e-01 1.250000000000000000e-01 1.250000000000000000e-01 2.749999999999999667e-01 1.749999999999999889e-01 2.000000000000000111e-01 1.500000000000000222e-01 1.250000000000000000e-01 1.749999999999999889e-01
0.000000000000000000e+00 0.000000000000000000e+00 0.000000000000000000e+00 0.000000000000000000e+00 0.000000000000000000e+00 0.000000000000000000e+00 0.000000000000000000e+00 0.000000000000000000e+00 0.000000000000000000e+00 1.250000000000000000e-01 1.749999999999999889e-01 1.749999999999999889e-01 1.499999999999999944e-01 1.250000000000000000e-01 2.500000000000000000e-01 1.749999999999999889e-01 2.500000000000000139e-02 2.249999999999999778e-01 2.749999999999999667e-01 3.750000000000000000e-01
0.000000000000000000e+00 0.000000000000000000e+00 0.000000000000000000e+00 0.000000000000000000e+00 0.000000000000000000e+00 0.000000000000000000e+00 0.000000000000000000e+00 0.000000000000000000e+00 0.000000000000000000e+00 0.000000000000000000e+00 1.250000000000000000e-01 7.500000000000001110e-02 1.250000000000000000e-01 1.250000000000000000e-01 2.249999999999999778e-01 1.000000000000000056e-01 3.000000000000000444e-01 1.499999999999999944e-01 1.999999999999999833e-01 2.249999999999999778e-01
0.000000000000000000e+00 0.000000000000000000e+00 0.000000000000000000e+00 0.000000000000000000e+00 0.000000000000000000e+00 0.000000000000000000e+00 0.000000000000000000e+00 0.000000000000000000e+00 0.000000000000000000e+00 0.000000000000000000e+00 1.000000000000000056e-01 1.999999999999999833e-01 1.749999999999999889e-01 1.499999999999999944e-01 2.749999999999999667e-01 2.499999999999999722e-01 1.250000000000000000e-01 2.250000000000000056e-01 1.999999999999999833e-01 1.500000000000000222e-01
0.000000000000000000e+00 0.000000000000000000e+00 0.000000000000000000e+00 0.000000000000000000e+00 0.000000000000000000e+00 0.000000000000000000e+00 0.000000000000000000e+00 0.000000000000000000e+00 2.500000000000000139e-02 2.500000000000000139e-02 1.250000000000000000e-01 1.250000000000000000e-01 2.500000000000000000e-01 1.749999999999999889e-01 1.749999999999999889e-01 1.499999999999999944e-01 7.500000000000001110e-02 2.500000000000000139e-02 1.250000000000000000e-01 1.000000000000000056e-01
0.000000000000000000e+00 0.000000000000000000e+00 0.000000000000000000e+00 0.000000000000000000e+00 0.000000000000000000e+00 0.000000000000000000e+00 0.000000000000000000e+00 0.000000000000000000e+00 0.000000000000000000e+00 0.000000000000000000e+00 5.000000000000000278e-02 5.000000000000000278e-02 7.500000000000001110e-02 1.250000000000000000e-01 1.250000000000000000e-01 2.499999999999999722e-01 1.749999999999999889e-01 1.250000000000000000e-01 7.500000000000001110e-02 2.749999999999999667e-01
0.000000000000000000e+00 0.000000000000000000e+00 0.000000000000000000e+00 0.000000000000000000e+00 0.000000000000000000e+00 0.000000000000000000e+00 0.000000000000000000e+00 0.000000000000000000e+00 0.000000000000000000e+00 0.000000000000000000e+00 0.000000000000000000e+00 1.749999999999999889e-01 7.500000000000001110e-02 2.249999999999999778e-01 5.000000000000000278e-02 1.749999999999999889e-01 1.999999999999999833e-01 1.000000000000000056e-01 2.500000000000000000e-01 1.250000000000000000e-01
0.000000000000000000e+00 0.000000000000000000e+00 0.000000000000000000e+00 0.000000000000000000e+00 0.000000000000000000e+00 0.000000000000000000e+00 0.000000000000000000e+00 0.000000000000000000e+00 0.000000000000000000e+00 0.000000000000000000e+00 5.000000000000000278e-02 1.000000000000000056e-01 1.499999999999999944e-01 5.000000000000000278e-02 1.000000000000000056e-01 2.999999999999999889e-01 1.499999999999999944e-01 1.499999999999999944e-01 1.999999999999999833e-01 1.999999999999999833e-01
0.000000000000000000e+00 0.000000000000000000e+00 0.000000000000000000e+00 0.000000000000000000e+00 0.000000000000000000e+00 0.000000000000000000e+00 0.000000000000000000e+00 0.000000000000000000e+00 0.000000000000000000e+00 0.000000000000000000e+00 0.000000000000000000e+00 1.000000000000000056e-01 1.250000000000000000e-01 1.000000000000000056e-01 1.999999999999999833e-01 2.249999999999999778e-01 1.000000000000000056e-01 3.250000000000000111e-01 5.000000000000000278e-02 1.000000000000000056e-01
0.000000000000000000e+00 0.000000000000000000e+00 0.000000000000000000e+00 0.000000000000000000e+00 0.000000000000000000e+00 0.000000000000000000e+00 0.000000000000000000e+00 0.000000000000000000e+00 0.000000000000000000e+00 0.000000000000000000e+00 2.500000000000000139e-02 5.000000000000000278e-02 7.500000000000001110e-02 1.499999999999999944e-01 1.250000000000000000e-01 1.000000000000000056e-01 2.249999999999999778e-01 7.500000000000001110e-02 2.000000000000000111e-01 1.499999999999999944e-01
0.000000000000000000e+00 0.000000000000000000e+00 0.000000000000000000e+00 0.000000000000000000e+00 0.000000000000000000e+00 0.000000000000000000e+00 0.000000000000000000e+00 0.000000000000000000e+00 0.000000000000000000e+00 2.500000000000000139e-02 0.000000000000000000e+00 7.500000000000001110e-02 7.500000000000001110e-02 1.749999999999999889e-01 1.000000000000000056e-01 0.000000000000000000e+00 1.999999999999999833e-01 1.499999999999999944e-01 7.500000000000001110e-02 1.749999999999999889e-01
0.000000000000000000e+00 0.000000000000000000e+00 0.000000000000000000e+00 0.000000000000000000e+00 0.000000000000000000e+00 0.000000000000000000e+00 0.000000000000000000e+00 0.000000000000000000e+00 0.000000000000000000e+00 0.000000000000000000e+00 5.000000000000000278e-02 2.500000000000000139e-02 1.250000000000000000e-01 1.749999999999999889e-01 5.000000000000000278e-02 2.249999999999999778e-01 1.999999999999999833e-01 1.499999999999999944e-01 1.499999999999999944e-01 1.749999999999999889e-01
0.000000000000000000e+00 0.000000000000000000e+00 0.000000000000000000e+00 0.000000000000000000e+00 0.000000000000000000e+00 0.000000000000000000e+00 0.000000000000000000e+00 0.000000000000000000e+00 0.000000000000000000e+00 0.000000000000000000e+00 0.000000000000000000e+00 2.500000000000000139e-02 7.500000000000001110e-02 2.500000000000000139e-02 1.999999999999999833e-01 1.000000000000000056e-01 1.749999999999999889e-01 1.500000000000000222e-01 5.000000000000000278e-02 1.749999999999999889e-01
0.000000000000000000e+00 0.000000000000000000e+00 0.000000000000000000e+00 0.000000000000000000e+00 0.000000000000000000e+00 0.000000000000000000e+00 0.000000000000000000e+00 0.000000000000000000e+00 0.000000000000000000e+00 0.000000000000000000e+00 2.500000000000000139e-02 2.500000000000000139e-02 5.000000000000000278e-02 7.500000000000001110e-02 5.000000000000000278e-02 7.500000000000001110e-02 1.250000000000000000e-01 1.000000000000000056e-01 1.749999999999999889e-01 2.500000000000000139e-02
0.000000000000000000e+00 0.000000000000000000e+00 0.000000000000000000e+00 0.000000000000000000e+00 0.000000000000000000e+00 0.000000000000000000e+00 0.000000000000000000e+00 0.000000000000000000e+00 0.000000000000000000e+00 0.000000000000000000e+00 0.000000000000000000e+00 2.500000000000000139e-02 2.500000000000000139e-02 7.500000000000001110e-02 1.250000000000000000e-01 7.500000000000001110e-02 7.500000000000001110e-02 1.250000000000000000e-01 1.000000000000000056e-01 7.500000000000001110e-02
0.000000000000000000e+00 0.000000000000000000e+00 0.000000000000000000e+00 0.000000000000000000e+00 0.000000000000000000e+00 0.000000000000000000e+00 0.000000000000000000e+00 0.000000000000000000e+00 0.000000000000000000e+00 0.000000000000000000e+00 0.000000000000000000e+00 5.000000000000000278e-02 1.499999999999999944e-01 7.500000000000001110e-02 1.000000000000000056e-01 5.000000000000000278e-02 1.250000000000000000e-01 1.499999999999999944e-01 1.499999999999999944e-01 1.250000000000000000e-01
0.000000000000000000e+00 0.000000000000000000e+00 0.000000000000000000e+00 0.000000000000000000e+00 0.000000000000000000e+00 0.000000000000000000e+00 0.000000000000000000e+00 0.000000000000000000e+00 0.000000000000000000e+00 0.000000000000000000e+00 0.000000000000000000e+00 0.000000000000000000e+00 7.500000000000001110e-02 7.500000000000001110e-02 7.500000000000001110e-02 1.499999999999999944e-01 1.250000000000000000e-01 1.000000000000000056e-01 2.249999999999999778e-01 1.250000000000000000e-01
0.000000000000000000e+00 0.000000000000000000e+00 0.000000000000000000e+00 0.000000000000000000e+00 0.000000000000000000e+00 0.000000000000000000e+00 0.000000000000000000e+00 0.000000000000000000e+00 0.000000000000000000e+00 0.000000000000000000e+00 0.000000000000000000e+00 2.500000000000000139e-02 7.500000000000001110e-02 7.500000000000001110e-02 1.000000000000000056e-01 7.500000000000001110e-02 1.749999999999999889e-01 1.999999999999999833e-01 1.000000000000000056e-01 7.500000000000001110e-02
0.000000000000000000e+00 0.000000000000000000e+00 0.000000000000000000e+00 0.000000000000000000e+00 0.000000000000000000e+00 0.000000000000000000e+00 0.000000000000000000e+00 0.000000000000000000e+00 0.000000000000000000e+00 0.000000000000000000e+00 0.000000000000000000e+00 5.000000000000000278e-02 0.000000000000000000e+00 7.500000000000001110e-02 1.250000000000000000e-01 1.000000000000000056e-01 1.000000000000000056e-01 5.000000000000000278e-02 1.749999999999999889e-01 7.500000000000001110e-02
0.000000000000000000e+00 0.000000000000000000e+00 0.000000000000000000e+00 0.000000000000000000e+00 0.000000000000000000e+00 0.000000000000000000e+00 0.000000000000000000e+00 0.000000000000000000e+00 0.000000000000000000e+00 0.000000000000000000e+00 0.000000000000000000e+00 0.000000000000000000e+00 5.000000000000000278e-02 1.250000000000000000e-01 1.000000000000000056e-01 5.000000000000000278e-02 1.250000000000000000e-01 1.250000000000000000e-01 1.000000000000000056e-01 1.000000000000000056e-01
0.000000000000000000e+00 0.000000000000000000e+00 0.000000000000000000e+00 0.000000000000000000e+00 0.000000000000000000e+00 0.000000000000000000e+00 0.000000000000000000e+00 0.000000000000000000e+00 0.000000000000000000e+00 0.000000000000000000e+00 0.000000000000000000e+00 2.500000000000000139e-02 1.000000000000000056e-01 5.000000000000000278e-02 1.000000000000000056e-01 5.000000000000000278e-02 7.500000000000001110e-02 1.499999999999999944e-01 5.000000000000000278e-02 7.500000000000001110e-02
0.000000000000000000e+00 0.000000000000000000e+00 0.000000000000000000e+00 0.000000000000000000e+00 0.000000000000000000e+00 0.000000000000000000e+00 0.000000000000000000e+00 0.000000000000000000e+00 0.000000000000000000e+00 0.000000000000000000e+00 0.000000000000000000e+00 0.000000000000000000e+00 2.500000000000000139e-02 5.000000000000000278e-02 0.000000000000000000e+00 1.999999999999999833e-01 7.500000000000001110e-02 1.000000000000000056e-01 1.000000000000000056e-01 1.499999999999999944e-01
0.000000000000000000e+00 0.000000000000000000e+00 0.000000000000000000e+00 0.000000000000000000e+00 0.000000000000000000e+00 0.000000000000000000e+00 0.000000000000000000e+00 0.000000000000000000e+00 0.000000000000000000e+00 0.000000000000000000e+00 0.000000000000000000e+00 0.000000000000000000e+00 2.500000000000000139e-02 0.000000000000000000e+00 2.500000000000000139e-02 5.000000000000000278e-02 5.000000000000000278e-02 1.999999999999999833e-01 1.250000000000000000e-01 1.499999999999999944e-01
0.000000000000000000e+00 0.000000000000000000e+00 0.000000000000000000e+00 0.000000000000000000e+00 0.000000000000000000e+00 0.000000000000000000e+00 0.000000000000000000e+00 0.000000000000000000e+00 0.000000000000000000e+00 0.000000000000000000e+00 0.000000000000000000e+00 0.000000000000000000e+00 2.500000000000000139e-02 5.000000000000000278e-02 1.499999999999999944e-01 1.250000000000000000e-01 2.500000000000000139e-02 1.250000000000000000e-01 1.250000000000000000e-01 1.250000000000000000e-01
0.000000000000000000e+00 0.000000000000000000e+00 0.000000000000000000e+00 0.000000000000000000e+00 0.000000000000000000e+00 0.000000000000000000e+00 0.000000000000000000e+00 0.000000000000000000e+00 0.000000000000000000e+00 0.000000000000000000e+00 0.000000000000000000e+00 0.000000000000000000e+00 0.000000000000000000e+00 1.499999999999999944e-01 5.000000000000000278e-02 5.000000000000000278e-02 1.000000000000000056e-01 5.000000000000000278e-02 2.500000000000000139e-02 1.000000000000000056e-01
0.000000000000000000e+00 0.000000000000000000e+00 0.000000000000000000e+00 0.000000000000000000e+00 0.000000000000000000e+00 0.000000000000000000e+00 0.000000000000000000e+00 0.000000000000000000e+00 0.000000000000000000e+00 0.000000000000000000e+00 0.000000000000000000e+00 0.000000000000000000e+00 0.000000000000000000e+00 2.500000000000000139e-02 1.000000000000000056e-01 1.000000000000000056e-01 1.250000000000000000e-01 1.000000000000000056e-01 5.000000000000000278e-02 1.749999999999999889e-01
0.000000000000000000e+00 0.000000000000000000e+00 0.000000000000000000e+00 0.000000000000000000e+00 0.000000000000000000e+00 0.000000000000000000e+00 0.000000000000000000e+00 0.000000000000000000e+00 0.000000000000000000e+00 0.000000000000000000e+00 0.000000000000000000e+00 0.000000000000000000e+00 0.000000000000000000e+00 1.250000000000000000e-01 2.500000000000000139e-02 1.749999999999999889e-01 7.500000000000001110e-02 7.500000000000001110e-02 7.500000000000001110e-02 2.500000000000000139e-02
0.000000000000000000e+00 0.000000000000000000e+00 0.000000000000000000e+00 0.000000000000000000e+00 0.000000000000000000e+00 0.000000000000000000e+00 0.000000000000000000e+00 0.000000000000000000e+00 0.000000000000000000e+00 0.000000000000000000e+00 0.000000000000000000e+00 0.000000000000000000e+00 2.500000000000000139e-02 5.000000000000000278e-02 1.749999999999999889e-01 2.500000000000000139e-02 1.499999999999999944e-01 5.000000000000000278e-02 1.750000000000000167e-01 7.500000000000001110e-02
0.000000000000000000e+00 0.000000000000000000e+00 0.000000000000000000e+00 0.000000000000000000e+00 0.000000000000000000e+00 0.000000000000000000e+00 0.000000000000000000e+00 0.000000000000000000e+00 0.000000000000000000e+00 0.000000000000000000e+00 0.000000000000000000e+00 0.000000000000000000e+00 2.500000000000000139e-02 0.000000000000000000e+00 5.000000000000000278e-02 5.000000000000000278e-02 5.000000000000000278e-02 7.500000000000001110e-02 1.000000000000000056e-01 1.499999999999999944e-01
0.000000000000000000e+00 0.000000000000000000e+00 0.000000000000000000e+00 0.000000000000000000e+00 0.000000000000000000e+00 0.000000000000000000e+00 0.000000000000000000e+00 0.000000000000000000e+00 0.000000000000000000e+00 0.000000000000000000e+00 0.000000000000000000e+00 0.000000000000000000e+00 0.000000000000000000e+00 2.500000000000000139e-02 2.500000000000000139e-02 7.500000000000001110e-02 7.500000000000001110e-02 0.000000000000000000e+00 2.500000000000000139e-02 2.500000000000000139e-02
0.000000000000000000e+00 0.000000000000000000e+00 0.000000000000000000e+00 0.000000000000000000e+00 0.000000000000000000e+00 0.000000000000000000e+00 0.000000000000000000e+00 0.000000000000000000e+00 0.000000000000000000e+00 0.000000000000000000e+00 0.000000000000000000e+00 0.000000000000000000e+00 0.000000000000000000e+00 0.000000000000000000e+00 1.250000000000000000e-01 7.500000000000001110e-02 7.500000000000001110e-02 1.250000000000000000e-01 2.999999999999999889e-01 5.000000000000000278e-02
0.000000000000000000e+00 0.000000000000000000e+00 0.000000000000000000e+00 0.000000000000000000e+00 0.000000000000000000e+00 0.000000000000000000e+00 0.000000000000000000e+00 0.000000000000000000e+00 0.000000000000000000e+00 0.000000000000000000e+00 0.000000000000000000e+00 0.000000000000000000e+00 0.000000000000000000e+00 0.000000000000000000e+00 2.500000000000000139e-02 5.000000000000000278e-02 5.000000000000000278e-02 7.500000000000001110e-02 5.000000000000000278e-02 1.499999999999999944e-01
0.000000000000000000e+00 0.000000000000000000e+00 0.000000000000000000e+00 0.000000000000000000e+00 0.000000000000000000e+00 0.000000000000000000e+00 0.000000000000000000e+00 0.000000000000000000e+00 0.000000000000000000e+00 0.000000000000000000e+00 0.000000000000000000e+00 0.000000000000000000e+00 0.000000000000000000e+00 2.500000000000000139e-02 5.000000000000000278e-02 1.250000000000000000e-01 1.000000000000000056e-01 7.500000000000001110e-02 7.500000000000001110e-02 1.250000000000000000e-01
0.000000000000000000e+00 0.000000000000000000e+00 0.000000000000000000e+00 0.000000000000000000e+00 0.000000000000000000e+00 0.000000000000000000e+00 0.000000000000000000e+00 0.000000000000000000e+00 0.000000000000000000e+00 0.000000000000000000e+00 0.000000000000000000e+00 0.000000000000000000e+00 0.000000000000000000e+00 0.000000000000000000e+00 5.000000000000000278e-02 2.500000000000000139e-02 0.000000000000000000e+00 1.250000000000000000e-01 2.500000000000000139e-02 1.000000000000000056e-01
0.000000000000000000e+00 0.000000000000000000e+00 0.000000000000000000e+00 0.000000000000000000e+00 0.000000000000000000e+00 0.000000000000000000e+00 0.000000000000000000e+00 0.000000000000000000e+00 0.000000000000000000e+00 0.000000000000000000e+00 0.000000000000000000e+00 0.000000000000000000e+00 0.000000000000000000e+00 0.000000000000000000e+00 5.000000000000000278e-02 5.000000000000000278e-02 1.250000000000000000e-01 7.500000000000001110e-02 7.500000000000001110e-02 5.000000000000000278e-02
0.000000000000000000e+00 0.000000000000000000e+00 0.000000000000000000e+00 0.000000000000000000e+00 0.000000000000000000e+00 0.000000000000000000e+00 0.000000000000000000e+00 0.000000000000000000e+00 0.000000000000000000e+00 0.000000000000000000e+00 0.000000000000000000e+00 0.000000000000000000e+00 0.000000000000000000e+00 2.500000000000000139e-02 5.000000000000000278e-02 1.000000000000000056e-01 1.000000000000000056e-01 5.000000000000000278e-02 7.500000000000001110e-02 1.000000000000000056e-01
0.000000000000000000e+00 0.000000000000000000e+00 0.000000000000000000e+00 0.000000000000000000e+00 0.000000000000000000e+00 0.000000000000000000e+00 0.000000000000000000e+00 0.000000000000000000e+00 0.000000000000000000e+00 0.000000000000000000e+00 0.000000000000000000e+00 0.000000000000000000e+00 0.000000000000000000e+00 0.000000000000000000e+00 2.500000000000000139e-02 2.500000000000000139e-02 5.000000000000000278e-02 1.000000000000000056e-01 5.000000000000000278e-02 2.500000000000000139e-02
0.000000000000000000e+00 0.000000000000000000e+00 0.000000000000000000e+00 0.000000000000000000e+00 0.000000000000000000e+00 0.000000000000000000e+00 0.000000000000000000e+00 0.000000000000000000e+00 0.000000000000000000e+00 0.000000000000000000e+00 0.000000000000000000e+00 0.000000000000000000e+00 0.000000000000000000e+00 0.000000000000000000e+00 2.500000000000000139e-02 2.500000000000000139e-02 5.000000000000000278e-02 2.500000000000000139e-02 7.500000000000001110e-02 1.000000000000000056e-01
0.000000000000000000e+00 0.000000000000000000e+00 0.000000000000000000e+00 0.000000000000000000e+00 0.000000000000000000e+00 0.000000000000000000e+00 0.000000000000000000e+00 0.000000000000000000e+00 0.000000000000000000e+00 0.000000000000000000e+00 0.000000000000000000e+00 0.000000000000000000e+00 0.000000000000000000e+00 0.000000000000000000e+00 2.500000000000000139e-02 2.500000000000000139e-02 1.250000000000000000e-01 5.000000000000000278e-02 7.500000000000001110e-02 5.000000000000000278e-02
0.000000000000000000e+00 0.000000000000000000e+00 0.000000000000000000e+00 0.000000000000000000e+00 0.000000000000000000e+00 0.000000000000000000e+00 0.000000000000000000e+00 0.000000000000000000e+00 0.000000000000000000e+00 0.000000000000000000e+00 0.000000000000000000e+00 0.000000000000000000e+00 0.000000000000000000e+00 2.500000000000000139e-02 0.000000000000000000e+00 2.500000000000000139e-02 5.000000000000000278e-02 5.000000000000000278e-02 2.500000000000000139e-02 1.250000000000000000e-01
0.000000000000000000e+00 0.000000000000000000e+00 0.000000000000000000e+00 0.000000000000000000e+00 0.000000000000000000e+00 0.000000000000000000e+00 0.000000000000000000e+00 0.000000000000000000e+00 0.000000000000000000e+00 0.000000000000000000e+00 0.000000000000000000e+00 0.000000000000000000e+00 0.000000000000000000e+00 0.000000000000000000e+00 2.500000000000000139e-02 1.250000000000000000e-01 5.000000000000000278e-02 1.499999999999999944e-01 7.500000000000001110e-02 7.500000000000001110e-02
0.000000000000000000e+00 0.000000000000000000e+00 0.000000000000000000e+00 0.000000000000000000e+00 0.000000000000000000e+00 0.000000000000000000e+00 0.000000000000000000e+00 0.000000000000000000e+00 0.000000000000000000e+00 0.000000000000000000e+00 0.000000000000000000e+00 0.000000000000000000e+00 0.000000000000000000e+00 0.000000000000000000e+00 0.000000000000000000e+00 1.000000000000000056e-01 5.000000000000000278e-02 7.500000000000001110e-02 5.000000000000000278e-02 5.000000000000000278e-02
0.000000000000000000e+00 0.000000000000000000e+00 0.000000000000000000e+00 0.000000000000000000e+00 0.000000000000000000e+00 0.000000000000000000e+00 0.000000000000000000e+00 0.000000000000000000e+00 0.000000000000000000e+00 0.000000000000000000e+00 0.000000000000000000e+00 0.000000000000000000e+00 0.000000000000000000e+00 0.000000000000000000e+00 0.000000000000000000e+00 5.000000000000000278e-02 1.250000000000000000e-01 7.500000000000001110e-02 5.000000000000000278e-02 7.500000000000001110e-02
0.000000000000000000e+00 0.000000000000000000e+00 0.000000000000000000e+00 0.000000000000000000e+00 0.000000000000000000e+00 0.000000000000000000e+00 0.000000000000000000e+00 0.000000000000000000e+00 0.000000000000000000e+00 0.000000000000000000e+00 0.000000000000000000e+00 0.000000000000000000e+00 0.000000000000000000e+00 0.000000000000000000e+00 2.500000000000000139e-02 2.500000000000000139e-02 5.000000000000000278e-02 5.000000000000000278e-02 1.000000000000000056e-01 5.000000000000000278e-02
0.000000000000000000e+00 0.000000000000000000e+00 0.000000000000000000e+00 0.000000000000000000e+00 0.000000000000000000e+00 0.000000000000000000e+00 0.000000000000000000e+00 0.000000000000000000e+00 0.000000000000000000e+00 0.000000000000000000e+00 0.000000000000000000e+00 0.000000000000000000e+00 0.000000000000000000e+00 0.000000000000000000e+00 0.000000000000000000e+00 5.000000000000000278e-02 0.000000000000000000e+00 7.500000000000001110e-02 5.000000000000000278e-02 1.250000000000000000e-01
0.000000000000000000e+00 0.000000000000000000e+00 0.000000000000000000e+00 0.000000000000000000e+00 0.000000000000000000e+00 0.000000000000000000e+00 0.000000000000000000e+00 0.000000000000000000e+00 0.000000000000000000e+00 0.000000000000000000e+00 0.000000000000000000e+00 0.000000000000000000e+00 0.000000000000000000e+00 0.000000000000000000e+00 0.000000000000000000e+00 2.500000000000000139e-02 2.500000000000000139e-02 1.000000000000000056e-01 5.000000000000000278e-02 5.000000000000000278e-02
0.000000000000000000e+00 0.000000000000000000e+00 0.000000000000000000e+00 0.000000000000000000e+00 0.000000000000000000e+00 0.000000000000000000e+00 0.000000000000000000e+00 0.000000000000000000e+00 0.000000000000000000e+00 0.000000000000000000e+00 0.000000000000000000e+00 0.000000000000000000e+00 0.000000000000000000e+00 0.000000000000000000e+00 0.000000000000000000e+00 0.000000000000000000e+00 2.500000000000000139e-02 0.000000000000000000e+00 1.250000000000000000e-01 1.000000000000000056e-01
0.000000000000000000e+00 0.000000000000000000e+00 0.000000000000000000e+00 0.000000000000000000e+00 0.000000000000000000e+00 0.000000000000000000e+00 0.000000000000000000e+00 0.000000000000000000e+00 0.000000000000000000e+00 0.000000000000000000e+00 0.000000000000000000e+00 0.000000000000000000e+00 0.000000000000000000e+00 0.000000000000000000e+00 0.000000000000000000e+00 5.000000000000000278e-02 5.000000000000000278e-02 1.000000000000000056e-01 5.000000000000000278e-02 2.500000000000000139e-02
0.000000000000000000e+00 0.000000000000000000e+00 0.000000000000000000e+00 0.000000000000000000e+00 0.000000000000000000e+00 0.000000000000000000e+00 0.000000000000000000e+00 0.000000000000000000e+00 0.000000000000000000e+00 0.000000000000000000e+00 0.000000000000000000e+00 0.000000000000000000e+00 0.000000000000000000e+00 0.000000000000000000e+00 0.000000000000000000e+00 0.000000000000000000e+00 7.500000000000001110e-02 5.000000000000000278e-02 7.500000000000001110e-02 7.500000000000001110e-02
0.000000000000000000e+00 0.000000000000000000e+00 0.000000000000000000e+00 0.000000000000000000e+00 0.000000000000000000e+00 0.000000000000000000e+00 0.000000000000000000e+00 0.000000000000000000e+00 0.000000000000000000e+00 0.000000000000000000e+00 0.000000000000000000e+00 0.000000000000000000e+00 0.000000000000000000e+00 0.000000000000000000e+00 0.000000000000000000e+00 2.500000000000000139e-02 5.000000000000000278e-02 7.500000000000001110e-02 2.500000000000000139e-02 5.000000000000000278e-02
0.000000000000000000e+00 0.000000000000000000e+00 0.000000000000000000e+00 0.000000000000000000e+00 0.000000000000000000e+00 0.000000000000000000e+00 0.000000000000000000e+00 0.000000000000000000e+00 0.000000000000000000e+00 0.000000000000000000e+00 0.000000000000000000e+00 0.000000000000000000e+00 0.000000000000000000e+00 0.000000000000000000e+00 0.000000000000000000e+00 2.500000000000000139e-02 7.500000000000001110e-02 0.000000000000000000e+00 1.000000000000000056e-01 7.500000000000001110e-02
0.000000000000000000e+00 0.000000000000000000e+00 0.000000000000000000e+00 0.000000000000000000e+00 0.000000000000000000e+00 0.000000000000000000e+00 0.000000000000000000e+00 0.000000000000000000e+00 0.000000000000000000e+00 0.000000000000000000e+00 0.000000000000000000e+00 0.000000000000000000e+00 0.000000000000000000e+00 0.000000000000000000e+00 0.000000000000000000e+00 0.000000000000000000e+00 0.000000000000000000e+00 5.000000000000000278e-02 7.500000000000001110e-02 5.000000000000000278e-02
0.000000000000000000e+00 0.000000000000000000e+00 0.000000000000000000e+00 0.000000000000000000e+00 0.000000000000000000e+00 0.000000000000000000e+00 0.000000000000000000e+00 0.000000000000000000e+00 0.000000000000000000e+00 0.000000000000000000e+00 0.000000000000000000e+00 0.000000000000000000e+00 0.000000000000000000e+00 0.000000000000000000e+00 0.000000000000000000e+00 0.000000000000000000e+00 2.500000000000000139e-02 5.000000000000000278e-02 5.000000000000000278e-02 5.000000000000000278e-02
0.000000000000000000e+00 0.000000000000000000e+00 0.000000000000000000e+00 0.000000000000000000e+00 0.000000000000000000e+00 0.000000000000000000e+00 0.000000000000000000e+00 0.000000000000000000e+00 0.000000000000000000e+00 0.000000000000000000e+00 0.000000000000000000e+00 0.000000000000000000e+00 0.000000000000000000e+00 0.000000000000000000e+00 0.000000000000000000e+00 0.000000000000000000e+00 2.500000000000000139e-02 2.500000000000000139e-02 7.500000000000001110e-02 5.000000000000000278e-02
0.000000000000000000e+00 0.000000000000000000e+00 0.000000000000000000e+00 0.000000000000000000e+00 0.000000000000000000e+00 0.000000000000000000e+00 0.000000000000000000e+00 0.000000000000000000e+00 0.000000000000000000e+00 0.000000000000000000e+00 0.000000000000000000e+00 0.000000000000000000e+00 0.000000000000000000e+00 0.000000000000000000e+00 0.000000000000000000e+00 0.000000000000000000e+00 1.000000000000000056e-01 7.500000000000001110e-02 7.500000000000001110e-02 5.000000000000000278e-02
0.000000000000000000e+00 0.000000000000000000e+00 0.000000000000000000e+00 0.000000000000000000e+00 0.000000000000000000e+00 0.000000000000000000e+00 0.000000000000000000e+00 0.000000000000000000e+00 0.000000000000000000e+00 0.000000000000000000e+00 0.000000000000000000e+00 0.000000000000000000e+00 0.000000000000000000e+00 0.000000000000000000e+00 0.000000000000000000e+00 0.000000000000000000e+00 2.500000000000000139e-02 7.500000000000001110e-02 2.500000000000000139e-02 5.000000000000000278e-02
0.000000000000000000e+00 0.000000000000000000e+00 0.000000000000000000e+00 0.000000000000000000e+00 0.000000000000000000e+00 0.000000000000000000e+00 0.000000000000000000e+00 0.000000000000000000e+00 0.000000000000000000e+00 0.000000000000000000e+00 0.000000000000000000e+00 0.000000000000000000e+00 0.000000000000000000e+00 0.000000000000000000e+00 0.000000000000000000e+00 0.000000000000000000e+00 0.000000000000000000e+00 5.000000000000000278e-02 1.000000000000000056e-01 7.500000000000001110e-02
0.000000000000000000e+00 0.000000000000000000e+00 0.000000000000000000e+00 0.000000000000000000e+00 0.000000000000000000e+00 0.000000000000000000e+00 0.000000000000000000e+00 0.000000000000000000e+00 0.000000000000000000e+00 0.000000000000000000e+00 0.000000000000000000e+00 0.000000000000000000e+00 0.000000000000000000e+00 0.000000000000000000e+00 0.000000000000000000e+00 0.000000000000000000e+00 2.500000000000000139e-02 0.000000000000000000e+00 2.500000000000000139e-02 2.500000000000000139e-02
0.000000000000000000e+00 0.000000000000000000e+00 0.000000000000000000e+00 0.000000000000000000e+00 0.000000000000000000e+00 0.000000000000000000e+00 0.000000000000000000e+00 0.000000000000000000e+00 0.000000000000000000e+00 0.000000000000000000e+00 0.000000000000000000e+00 0.000000000000000000e+00 0.000000000000000000e+00 0.000000000000000000e+00 0.000000000000000000e+00 0.000000000000000000e+00 2.500000000000000139e-02 7.500000000000001110e-02 2.500000000000000139e-02 2.500000000000000139e-02
0.000000000000000000e+00 0.000000000000000000e+00 0.000000000000000000e+00 0.000000000000000000e+00 0.000000000000000000e+00 0.000000000000000000e+00 0.000000000000000000e+00 0.000000000000000000e+00 0.000000000000000000e+00 0.000000000000000000e+00 0.000000000000000000e+00 0.000000000000000000e+00 0.000000000000000000e+00 0.000000000000000000e+00 0.000000000000000000e+00 0.000000000000000000e+00 2.500000000000000139e-02 2.500000000000000139e-02 5.000000000000000278e-02 2.500000000000000139e-02
0.000000000000000000e+00 0.000000000000000000e+00 0.000000000000000000e+00 0.000000000000000000e+00 0.000000000000000000e+00 0.000000000000000000e+00 0.000000000000000000e+00 0.000000000000000000e+00 0.000000000000000000e+00 0.000000000000000000e+00 0.000000000000000000e+00 0.000000000000000000e+00 0.000000000000000000e+00 0.000000000000000000e+00 0.000000000000000000e+00 0.000000000000000000e+00 2.500000000000000139e-02 0.000000000000000000e+00 1.000000000000000056e-01 5.000000000000000278e-02
0.000000000000000000e+00 0.000000000000000000e+00 0.000000000000000000e+00 0.000000000000000000e+00 0.000000000000000000e+00 0.000000000000000000e+00 0.000000000000000000e+00 0.000000000000000000e+00 0.000000000000000000e+00 0.000000000000000000e+00 0.000000000000000000e+00 0.000000000000000000e+00 0.000000000000000000e+00 0.000000000000000000e+00 0.000000000000000000e+00 0.000000000000000000e+00 2.500000000000000139e-02 0.000000000000000000e+00 7.500000000000001110e-02 5.000000000000000278e-02
0.000000000000000000e+00 0.000000000000000000e+00 0.000000000000000000e+00 0.000000000000000000e+00 0.000000000000000000e+00 0.000000000000000000e+00 0.000000000000000000e+00 0.000000000000000000e+00 0.000000000000000000e+00 0.000000000000000000e+00 0.000000000000000000e+00 0.000000000000000000e+00 0.000000000000000000e+00 0.000000000000000000e+00 0.000000000000000000e+00 0.000000000000000000e+00 0.000000000000000000e+00 5.000000000000000278e-02 5.000000000000000278e-02 5.000000000000000278e-02
0.000000000000000000e+00 0.000000000000000000e+00 0.000000000000000000e+00 0.000000000000000000e+00 0.000000000000000000e+00 0.000000000000000000e+00 0.000000000000000000e+00 0.000000000000000000e+00 0.000000000000000000e+00 0.000000000000000000e+00 0.000000000000000000e+00 0.000000000000000000e+00 0.000000000000000000e+00 0.000000000000000000e+00 0.000000000000000000e+00 0.000000000000000000e+00 0.000000000000000000e+00 2.500000000000000139e-02 7.500000000000001110e-02 1.250000000000000000e-01
0.000000000000000000e+00 0.000000000000000000e+00 0.000000000000000000e+00 0.000000000000000000e+00 0.000000000000000000e+00 0.000000000000000000e+00 0.000000000000000000e+00 0.000000000000000000e+00 0.000000000000000000e+00 0.000000000000000000e+00 0.000000000000000000e+00 0.000000000000000000e+00 0.000000000000000000e+00 0.000000000000000000e+00 0.000000000000000000e+00 0.000000000000000000e+00 0.000000000000000000e+00 0.000000000000000000e+00 0.000000000000000000e+00 2.500000000000000139e-02
0.000000000000000000e+00 0.000000000000000000e+00 0.000000000000000000e+00 0.000000000000000000e+00 0.000000000000000000e+00 0.000000000000000000e+00 0.000000000000000000e+00 0.000000000000000000e+00 0.000000000000000000e+00 0.000000000000000000e+00 0.000000000000000000e+00 0.000000000000000000e+00 0.000000000000000000e+00 0.000000000000000000e+00 0.000000000000000000e+00 0.000000000000000000e+00 0.000000000000000000e+00 5.000000000000000278e-02 5.000000000000000278e-02 2.500000000000000139e-02
0.000000000000000000e+00 0.000000000000000000e+00 0.000000000000000000e+00 0.000000000000000000e+00 0.000000000000000000e+00 0.000000000000000000e+00 0.000000000000000000e+00 0.000000000000000000e+00 0.000000000000000000e+00 0.000000000000000000e+00 0.000000000000000000e+00 0.000000000000000000e+00 0.000000000000000000e+00 0.000000000000000000e+00 0.000000000000000000e+00 0.000000000000000000e+00 0.000000000000000000e+00 0.000000000000000000e+00 0.000000000000000000e+00 1.250000000000000000e-01
0.000000000000000000e+00 0.000000000000000000e+00 0.000000000000000000e+00 0.000000000000000000e+00 0.000000000000000000e+00 0.000000000000000000e+00 0.000000000000000000e+00 0.000000000000000000e+00 0.000000000000000000e+00 0.000000000000000000e+00 0.000000000000000000e+00 0.000000000000000000e+00 0.000000000000000000e+00 0.000000000000000000e+00 0.000000000000000000e+00 0.000000000000000000e+00 0.000000000000000000e+00 0.000000000000000000e+00 0.000000000000000000e+00 5.000000000000000278e-02
0.000000000000000000e+00 0.000000000000000000e+00 0.000000000000000000e+00 0.000000000000000000e+00 0.000000000000000000e+00 0.000000000000000000e+00 0.000000000000000000e+00 0.000000000000000000e+00 0.000000000000000000e+00 0.000000000000000000e+00 0.000000000000000000e+00 0.000000000000000000e+00 0.000000000000000000e+00 0.000000000000000000e+00 0.000000000000000000e+00 0.000000000000000000e+00 0.000000000000000000e+00 2.500000000000000139e-02 0.000000000000000000e+00 7.500000000000001110e-02
0.000000000000000000e+00 0.000000000000000000e+00 0.000000000000000000e+00 0.000000000000000000e+00 0.000000000000000000e+00 0.000000000000000000e+00 0.000000000000000000e+00 0.000000000000000000e+00 0.000000000000000000e+00 0.000000000000000000e+00 0.000000000000000000e+00 0.000000000000000000e+00 0.000000000000000000e+00 0.000000000000000000e+00 0.000000000000000000e+00 0.000000000000000000e+00 0.000000000000000000e+00 0.000000000000000000e+00 5.000000000000000278e-02 5.000000000000000278e-02
0.000000000000000000e+00 0.000000000000000000e+00 0.000000000000000000e+00 0.000000000000000000e+00 0.000000000000000000e+00 0.000000000000000000e+00 0.000000000000000000e+00 0.000000000000000000e+00 0.000000000000000000e+00 0.000000000000000000e+00 0.000000000000000000e+00 0.000000000000000000e+00 0.000000000000000000e+00 0.000000000000000000e+00 0.000000000000000000e+00 0.000000000000000000e+00 0.000000000000000000e+00 2.500000000000000139e-02 0.000000000000000000e+00 5.000000000000000278e-02
0.000000000000000000e+00 0.000000000000000000e+00 0.000000000000000000e+00 0.000000000000000000e+00 0.000000000000000000e+00 0.000000000000000000e+00 0.000000000000000000e+00 0.000000000000000000e+00 0.000000000000000000e+00 0.000000000000000000e+00 0.000000000000000000e+00 0.000000000000000000e+00 0.000000000000000000e+00 0.000000000000000000e+00 0.000000000000000000e+00 0.000000000000000000e+00 0.000000000000000000e+00 7.500000000000001110e-02 2.500000000000000139e-02 2.500000000000000139e-02
0.000000000000000000e+00 0.000000000000000000e+00 0.000000000000000000e+00 0.000000000000000000e+00 0.000000000000000000e+00 0.000000000000000000e+00 0.000000000000000000e+00 0.000000000000000000e+00 0.000000000000000000e+00 0.000000000000000000e+00 0.000000000000000000e+00 0.000000000000000000e+00 0.000000000000000000e+00 0.000000000000000000e+00 0.000000000000000000e+00 0.000000000000000000e+00 0.000000000000000000e+00 2.500000000000000139e-02 0.000000000000000000e+00 7.500000000000001110e-02
0.000000000000000000e+00 0.000000000000000000e+00 0.000000000000000000e+00 0.000000000000000000e+00 0.000000000000000000e+00 0.000000000000000000e+00 0.000000000000000000e+00 0.000000000000000000e+00 0.000000000000000000e+00 0.000000000000000000e+00 0.000000000000000000e+00 0.000000000000000000e+00 0.000000000000000000e+00 0.000000000000000000e+00 0.000000000000000000e+00 0.000000000000000000e+00 0.000000000000000000e+00 0.000000000000000000e+00 0.000000000000000000e+00 2.500000000000000139e-02
0.000000000000000000e+00 0.000000000000000000e+00 0.000000000000000000e+00 0.000000000000000000e+00 0.000000000000000000e+00 0.000000000000000000e+00 0.000000000000000000e+00 0.000000000000000000e+00 0.000000000000000000e+00 0.000000000000000000e+00 0.000000000000000000e+00 0.000000000000000000e+00 0.000000000000000000e+00 0.000000000000000000e+00 0.000000000000000000e+00 0.000000000000000000e+00 0.000000000000000000e+00 2.500000000000000139e-02 2.500000000000000139e-02 2.500000000000000139e-02
0.000000000000000000e+00 0.000000000000000000e+00 0.000000000000000000e+00 0.000000000000000000e+00 0.000000000000000000e+00 0.000000000000000000e+00 0.000000000000000000e+00 0.000000000000000000e+00 0.000000000000000000e+00 0.000000000000000000e+00 0.000000000000000000e+00 0.000000000000000000e+00 0.000000000000000000e+00 0.000000000000000000e+00 0.000000000000000000e+00 0.000000000000000000e+00 0.000000000000000000e+00 2.500000000000000139e-02 2.500000000000000139e-02 2.500000000000000139e-02
0.000000000000000000e+00 0.000000000000000000e+00 0.000000000000000000e+00 0.000000000000000000e+00 0.000000000000000000e+00 0.000000000000000000e+00 0.000000000000000000e+00 0.000000000000000000e+00 0.000000000000000000e+00 0.000000000000000000e+00 0.000000000000000000e+00 0.000000000000000000e+00 0.000000000000000000e+00 0.000000000000000000e+00 0.000000000000000000e+00 0.000000000000000000e+00 0.000000000000000000e+00 0.000000000000000000e+00 2.500000000000000139e-02 5.000000000000000278e-02
0.000000000000000000e+00 0.000000000000000000e+00 0.000000000000000000e+00 0.000000000000000000e+00 0.000000000000000000e+00 0.000000000000000000e+00 0.000000000000000000e+00 0.000000000000000000e+00 0.000000000000000000e+00 0.000000000000000000e+00 0.000000000000000000e+00 0.000000000000000000e+00 0.000000000000000000e+00 0.000000000000000000e+00 0.000000000000000000e+00 0.000000000000000000e+00 0.000000000000000000e+00 0.000000000000000000e+00 2.500000000000000139e-02 7.500000000000001110e-02
0.000000000000000000e+00 0.000000000000000000e+00 0.000000000000000000e+00 0.000000000000000000e+00 0.000000000000000000e+00 0.000000000000000000e+00 0.000000000000000000e+00 0.000000000000000000e+00 0.000000000000000000e+00 0.000000000000000000e+00 0.000000000000000000e+00 0.000000000000000000e+00 0.000000000000000000e+00 0.000000000000000000e+00 0.000000000000000000e+00 0.000000000000000000e+00 0.000000000000000000e+00 0.000000000000000000e+00 5.000000000000000278e-02 0.000000000000000000e+00
0.000000000000000000e+00 0.000000000000000000e+00 0.000000000000000000e+00 0.000000000000000000e+00 0.000000000000000000e+00 0.000000000000000000e+00 0.000000000000000000e+00 0.000000000000000000e+00 0.000000000000000000e+00 0.000000000000000000e+00 0.000000000000000000e+00 0.000000000000000000e+00 0.000000000000000000e+00 0.000000000000000000e+00 0.000000000000000000e+00 0.000000000000000000e+00 0.000000000000000000e+00 0.000000000000000000e+00 0.000000000000000000e+00 0.000000000000000000e+00
0.000000000000000000e+00 0.000000000000000000e+00 0.000000000000000000e+00 0.000000000000000000e+00 0.000000000000000000e+00 0.000000000000000000e+00 0.000000000000000000e+00 0.000000000000000000e+00 0.000000000000000000e+00 0.000000000000000000e+00 0.000000000000000000e+00 0.000000000000000000e+00 0.000000000000000000e+00 0.000000000000000000e+00 0.000000000000000000e+00 0.000000000000000000e+00 0.000000000000000000e+00 0.000000000000000000e+00 2.500000000000000139e-02 2.500000000000000139e-02
0.000000000000000000e+00 0.000000000000000000e+00 0.000000000000000000e+00 0.000000000000000000e+00 0.000000000000000000e+00 0.000000000000000000e+00 0.000000000000000000e+00 0.000000000000000000e+00 0.000000000000000000e+00 0.000000000000000000e+00 0.000000000000000000e+00 0.000000000000000000e+00 0.000000000000000000e+00 0.000000000000000000e+00 0.000000000000000000e+00 0.000000000000000000e+00 0.000000000000000000e+00 0.000000000000000000e+00 0.000000000000000000e+00 0.000000000000000000e+00
0.000000000000000000e+00 0.000000000000000000e+00 0.000000000000000000e+00 0.000000000000000000e+00 0.000000000000000000e+00 0.000000000000000000e+00 0.000000000000000000e+00 0.000000000000000000e+00 0.000000000000000000e+00 0.000000000000000000e+00 0.000000000000000000e+00 0.000000000000000000e+00 0.000000000000000000e+00 0.000000000000000000e+00 0.000000000000000000e+00 0.000000000000000000e+00 0.000000000000000000e+00 0.000000000000000000e+00 2.500000000000000139e-02 2.500000000000000139e-02
0.000000000000000000e+00 0.000000000000000000e+00 0.000000000000000000e+00 0.000000000000000000e+00 0.000000000000000000e+00 0.000000000000000000e+00 0.000000000000000000e+00 0.000000000000000000e+00 0.000000000000000000e+00 0.000000000000000000e+00 0.000000000000000000e+00 0.000000000000000000e+00 0.000000000000000000e+00 0.000000000000000000e+00 0.000000000000000000e+00 0.000000000000000000e+00 0.000000000000000000e+00 0.000000000000000000e+00 2.500000000000000139e-02 2.500000000000000139e-02
0.000000000000000000e+00 0.000000000000000000e+00 0.000000000000000000e+00 0.000000000000000000e+00 0.000000000000000000e+00 0.000000000000000000e+00 0.000000000000000000e+00 0.000000000000000000e+00 0.000000000000000000e+00 0.000000000000000000e+00 0.000000000000000000e+00 0.000000000000000000e+00 0.000000000000000000e+00 0.000000000000000000e+00 0.000000000000000000e+00 0.000000000000000000e+00 0.000000000000000000e+00 0.000000000000000000e+00 0.000000000000000000e+00 0.000000000000000000e+00
0.000000000000000000e+00 0.000000000000000000e+00 0.000000000000000000e+00 0.000000000000000000e+00 0.000000000000000000e+00 0.000000000000000000e+00 0.000000000000000000e+00 0.000000000000000000e+00 0.000000000000000000e+00 0.000000000000000000e+00 0.000000000000000000e+00 0.000000000000000000e+00 0.000000000000000000e+00 0.000000000000000000e+00 0.000000000000000000e+00 0.000000000000000000e+00 0.000000000000000000e+00 0.000000000000000000e+00 2.500000000000000139e-02 2.500000000000000139e-02
0.000000000000000000e+00 0.000000000000000000e+00 0.000000000000000000e+00 0.000000000000000000e+00 0.000000000000000000e+00 0.000000000000000000e+00 0.000000000000000000e+00 0.000000000000000000e+00 0.000000000000000000e+00 0.000000000000000000e+00 0.000000000000000000e+00 0.000000000000000000e+00 0.000000000000000000e+00 0.000000000000000000e+00 0.000000000000000000e+00 0.000000000000000000e+00 0.000000000000000000e+00 0.000000000000000000e+00 0.000000000000000000e+00 0.000000000000000000e+00
0.000000000000000000e+00 0.000000000000000000e+00 0.000000000000000000e+00 0.000000000000000000e+00 0.000000000000000000e+00 0.000000000000000000e+00 0.000000000000000000e+00 0.000000000000000000e+00 0.000000000000000000e+00 0.000000000000000000e+00 0.000000000000000000e+00 0.000000000000000000e+00 0.000000000000000000e+00 0.000000000000000000e+00 0.000000000000000000e+00 0.000000000000000000e+00 0.000000000000000000e+00 0.000000000000000000e+00 5.000000000000000278e-02 2.500000000000000139e-02
0.000000000000000000e+00 0.000000000000000000e+00 0.000000000000000000e+00 0.000000000000000000e+00 0.000000000000000000e+00 0.000000000000000000e+00 0.000000000000000000e+00 0.000000000000000000e+00 0.000000000000000000e+00 0.000000000000000000e+00 0.000000000000000000e+00 0.000000000000000000e+00 0.000000000000000000e+00 0.000000000000000000e+00 0.000000000000000000e+00 0.000000000000000000e+00 0.000000000000000000e+00 0.000000000000000000e+00 2.500000000000000139e-02 2.500000000000000139e-02
0.000000000000000000e+00 0.000000000000000000e+00 0.000000000000000000e+00 0.000000000000000000e+00 0.000000000000000000e+00 0.000000000000000000e+00 0.000000000000000000e+00 0.000000000000000000e+00 0.000000000000000000e+00 0.000000000000000000e+00 0.000000000000000000e+00 0.000000000000000000e+00 0.000000000000000000e+00 0.000000000000000000e+00 0.000000000000000000e+00 0.000000000000000000e+00 0.000000000000000000e+00 0.000000000000000000e+00 0.000000000000000000e+00 2.500000000000000139e-02
0.000000000000000000e+00 0.000000000000000000e+00 0.000000000000000000e+00 0.000000000000000000e+00 0.000000000000000000e+00 0.000000000000000000e+00 0.000000000000000000e+00 0.000000000000000000e+00 0.000000000000000000e+00 0.000000000000000000e+00 0.000000000000000000e+00 0.000000000000000000e+00 0.000000000000000000e+00 0.000000000000000000e+00 0.000000000000000000e+00 0.000000000000000000e+00 0.000000000000000000e+00 0.000000000000000000e+00 0.000000000000000000e+00 0.000000000000000000e+00
0.000000000000000000e+00 0.000000000000000000e+00 0.000000000000000000e+00 0.000000000000000000e+00 0.000000000000000000e+00 0.000000000000000000e+00 0.000000000000000000e+00 0.000000000000000000e+00 0.000000000000000000e+00 0.000000000000000000e+00 0.000000000000000000e+00 0.000000000000000000e+00 0.000000000000000000e+00 0.000000000000000000e+00 0.000000000000000000e+00 0.000000000000000000e+00 0.000000000000000000e+00 0.000000000000000000e+00 0.000000000000000000e+00 2.500000000000000139e-02
0.000000000000000000e+00 0.000000000000000000e+00 0.000000000000000000e+00 0.000000000000000000e+00 0.000000000000000000e+00 0.000000000000000000e+00 0.000000000000000000e+00 0.000000000000000000e+00 0.000000000000000000e+00 0.000000000000000000e+00 0.000000000000000000e+00 0.000000000000000000e+00 0.000000000000000000e+00 0.000000000000000000e+00 0.000000000000000000e+00 0.000000000000000000e+00 0.000000000000000000e+00 0.000000000000000000e+00 0.000000000000000000e+00 0.000000000000000000e+00
0.000000000000000000e+00 0.000000000000000000e+00 0.000000000000000000e+00 0.000000000000000000e+00 0.000000000000000000e+00 0.000000000000000000e+00 0.000000000000000000e+00 0.000000000000000000e+00 0.000000000000000000e+00 0.000000000000000000e+00 0.000000000000000000e+00 0.000000000000000000e+00 0.000000000000000000e+00 0.000000000000000000e+00 0.000000000000000000e+00 0.000000000000000000e+00 0.000000000000000000e+00 0.000000000000000000e+00 0.000000000000000000e+00 5.000000000000000278e-02
0.000000000000000000e+00 0.000000000000000000e+00 0.000000000000000000e+00 0.000000000000000000e+00 0.000000000000000000e+00 0.000000000000000000e+00 0.000000000000000000e+00 0.000000000000000000e+00 0.000000000000000000e+00 0.000000000000000000e+00 0.000000000000000000e+00 0.000000000000000000e+00 0.000000000000000000e+00 0.000000000000000000e+00 0.000000000000000000e+00 0.000000000000000000e+00 0.000000000000000000e+00 0.000000000000000000e+00 0.000000000000000000e+00 0.000000000000000000e+00
0.000000000000000000e+00 0.000000000000000000e+00 0.000000000000000000e+00 0.000000000000000000e+00 0.000000000000000000e+00 0.000000000000000000e+00 0.000000000000000000e+00 0.000000000000000000e+00 0.000000000000000000e+00 0.000000000000000000e+00 0.000000000000000000e+00 0.000000000000000000e+00 0.000000000000000000e+00 0.000000000000000000e+00 0.000000000000000000e+00 0.000000000000000000e+00 0.000000000000000000e+00 0.000000000000000000e+00 2.500000000000000139e-02 0.000000000000000000e+00
0.000000000000000000e+00 0.000000000000000000e+00 0.000000000000000000e+00 0.000000000000000000e+00 0.000000000000000000e+00 0.000000000000000000e+00 0.000000000000000000e+00 0.000000000000000000e+00 0.000000000000000000e+00 0.000000000000000000e+00 0.000000000000000000e+00 0.000000000000000000e+00 0.000000000000000000e+00 0.000000000000000000e+00 0.000000000000000000e+00 0.000000000000000000e+00 0.000000000000000000e+00 0.000000000000000000e+00 0.000000000000000000e+00 5.000000000000000278e-02
0.000000000000000000e+00 0.000000000000000000e+00 0.000000000000000000e+00 0.000000000000000000e+00 0.000000000000000000e+00 0.000000000000000000e+00 0.000000000000000000e+00 0.000000000000000000e+00 0.000000000000000000e+00 0.000000000000000000e+00 0.000000000000000000e+00 0.000000000000000000e+00 0.000000000000000000e+00 0.000000000000000000e+00 0.000000000000000000e+00 0.000000000000000000e+00 0.000000000000000000e+00 0.000000000000000000e+00 0.000000000000000000e+00 0.000000000000000000e+00
0.000000000000000000e+00 0.000000000000000000e+00 0.000000000000000000e+00 0.000000000000000000e+00 0.000000000000000000e+00 0.000000000000000000e+00 0.000000000000000000e+00 0.000000000000000000e+00 0.000000000000000000e+00 0.000000000000000000e+00 0.000000000000000000e+00 0.000000000000000000e+00 0.000000000000000000e+00 0.000000000000000000e+00 0.000000000000000000e+00 0.000000000000000000e+00 0.000000000000000000e+00 0.000000000000000000e+00 0.000000000000000000e+00 0.000000000000000000e+00
0.000000000000000000e+00 0.000000000000000000e+00 0.000000000000000000e+00 0.000000000000000000e+00 0.000000000000000000e+00 0.000000000000000000e+00 0.000000000000000000e+00 0.000000000000000000e+00 0.000000000000000000e+00 0.000000000000000000e+00 0.000000000000000000e+00 0.000000000000000000e+00 0.000000000000000000e+00 0.000000000000000000e+00 0.000000000000000000e+00 0.000000000000000000e+00 0.000000000000000000e+00 0.000000000000000000e+00 0.000000000000000000e+00 0.000000000000000000e+00
0.000000000000000000e+00 0.000000000000000000e+00 0.000000000000000000e+00 0.000000000000000000e+00 0.000000000000000000e+00 0.000000000000000000e+00 0.000000000000000000e+00 0.000000000000000000e+00 0.000000000000000000e+00 0.000000000000000000e+00 0.000000000000000000e+00 0.000000000000000000e+00 0.000000000000000000e+00 0.000000000000000000e+00 0.000000000000000000e+00 0.000000000000000000e+00 0.000000000000000000e+00 0.000000000000000000e+00 0.000000000000000000e+00 0.000000000000000000e+00
0.000000000000000000e+00 0.000000000000000000e+00 0.000000000000000000e+00 0.000000000000000000e+00 0.000000000000000000e+00 0.000000000000000000e+00 0.000000000000000000e+00 0.000000000000000000e+00 0.000000000000000000e+00 0.000000000000000000e+00 0.000000000000000000e+00 0.000000000000000000e+00 0.000000000000000000e+00 0.000000000000000000e+00 0.000000000000000000e+00 0.000000000000000000e+00 0.000000000000000000e+00 0.000000000000000000e+00 0.000000000000000000e+00 0.000000000000000000e+00
0.000000000000000000e+00 0.000000000000000000e+00 0.000000000000000000e+00 0.000000000000000000e+00 0.000000000000000000e+00 0.000000000000000000e+00 0.000000000000000000e+00 0.000000000000000000e+00 0.000000000000000000e+00 0.000000000000000000e+00 0.000000000000000000e+00 0.000000000000000000e+00 0.000000000000000000e+00 0.000000000000000000e+00 0.000000000000000000e+00 0.000000000000000000e+00 0.000000000000000000e+00 0.000000000000000000e+00 0.000000000000000000e+00 2.500000000000000139e-02
0.000000000000000000e+00 0.000000000000000000e+00 0.000000000000000000e+00 0.000000000000000000e+00 0.000000000000000000e+00 0.000000000000000000e+00 0.000000000000000000e+00 0.000000000000000000e+00 0.000000000000000000e+00 0.000000000000000000e+00 0.000000000000000000e+00 0.000000000000000000e+00 0.000000000000000000e+00 0.000000000000000000e+00 0.000000000000000000e+00 0.000000000000000000e+00 0.000000000000000000e+00 0.000000000000000000e+00 0.000000000000000000e+00 2.500000000000000139e-02
0.000000000000000000e+00 0.000000000000000000e+00 0.000000000000000000e+00 0.000000000000000000e+00 0.000000000000000000e+00 0.000000000000000000e+00 0.000000000000000000e+00 0.000000000000000000e+00 0.000000000000000000e+00 0.000000000000000000e+00 0.000000000000000000e+00 0.000000000000000000e+00 0.000000000000000000e+00 0.000000000000000000e+00 0.000000000000000000e+00 0.000000000000000000e+00 0.000000000000000000e+00 0.000000000000000000e+00 0.000000000000000000e+00 0.000000000000000000e+00
0.000000000000000000e+00 0.000000000000000000e+00 0.000000000000000000e+00 0.000000000000000000e+00 0.000000000000000000e+00 0.000000000000000000e+00 0.000000000000000000e+00 0.000000000000000000e+00 0.000000000000000000e+00 0.000000000000000000e+00 0.000000000000000000e+00 0.000000000000000000e+00 0.000000000000000000e+00 0.000000000000000000e+00 0.000000000000000000e+00 0.000000000000000000e+00 0.000000000000000000e+00 0.000000000000000000e+00 0.000000000000000000e+00 0.000000000000000000e+00
0.000000000000000000e+00 0.000000000000000000e+00 0.000000000000000000e+00 0.000000000000000000e+00 0.000000000000000000e+00 0.000000000000000000e+00 0.000000000000000000e+00 0.000000000000000000e+00 0.000000000000000000e+00 0.000000000000000000e+00 0.000000000000000000e+00 0.000000000000000000e+00 0.000000000000000000e+00 0.000000000000000000e+00 0.000000000000000000e+00 0.000000000000000000e+00 0.000000000000000000e+00 0.000000000000000000e+00 0.000000000000000000e+00 0.000000000000000000e+00
0.000000000000000000e+00 0.000000000000000000e+00 0.000000000000000000e+00 0.000000000000000000e+00 0.000000000000000000e+00 0.000000000000000000e+00 0.000000000000000000e+00 0.000000000000000000e+00 0.000000000000000000e+00 0.000000000000000000e+00 0.000000000000000000e+00 0.000000000000000000e+00 0.000000000000000000e+00 0.000000000000000000e+00 0.000000000000000000e+00 0.000000000000000000e+00 0.000000000000000000e+00 0.000000000000000000e+00 0.000000000000000000e+00 0.000000000000000000e+00
0.000000000000000000e+00 0.000000000000000000e+00 0.000000000000000000e+00 0.000000000000000000e+00 0.000000000000000000e+00 0.000000000000000000e+00 0.000000000000000000e+00 0.000000000000000000e+00 0.000000000000000000e+00 0.000000000000000000e+00 0.000000000000000000e+00 0.000000000000000000e+00 0.000000000000000000e+00 0.000000000000000000e+00 0.000000000000000000e+00 0.000000000000000000e+00 0.000000000000000000e+00 0.000000000000000000e+00 0.000000000000000000e+00 0.000000000000000000e+00
0.000000000000000000e+00 0.000000000000000000e+00 0.000000000000000000e+00 0.000000000000000000e+00 0.000000000000000000e+00 0.000000000000000000e+00 0.000000000000000000e+00 0.000000000000000000e+00 0.000000000000000000e+00 0.000000000000000000e+00 0.000000000000000000e+00 0.000000000000000000e+00 0.000000000000000000e+00 0.000000000000000000e+00 0.000000000000000000e+00 0.000000000000000000e+00 0.000000000000000000e+00 0.000000000000000000e+00 0.000000000000000000e+00 0.000000000000000000e+00
0.000000000000000000e+00 0.000000000000000000e+00 0.000000000000000000e+00 0.000000000000000000e+00 0.000000000000000000e+00 0.000000000000000000e+00 0.000000000000000000e+00 0.000000000000000000e+00 0.000000000000000000e+00 0.000000000000000000e+00 0.000000000000000000e+00 0.000000000000000000e+00 0.000000000000000000e+00 0.000000000000000000e+00 0.000000000000000000e+00 0.000000000000000000e+00 0.000000000000000000e+00 0.000000000000000000e+00 0.000000000000000000e+00 2.500000000000000139e-02
0.000000000000000000e+00 0.000000000000000000e+00 0.000000000000000000e+00 0.000000000000000000e+00 0.000000000000000000e+00 0.000000000000000000e+00 0.000000000000000000e+00 0.000000000000000000e+00 0.000000000000000000e+00 0.000000000000000000e+00 0.000000000000000000e+00 0.000000000000000000e+00 0.000000000000000000e+00 0.000000000000000000e+00 0.000000000000000000e+00 0.000000000000000000e+00 0.000000000000000000e+00 0.000000000000000000e+00 0.000000000000000000e+00 0.000000000000000000e+00
0.000000000000000000e+00 0.000000000000000000e+00 0.000000000000000000e+00 0.000000000000000000e+00 0.000000000000000000e+00 0.000000000000000000e+00 0.000000000000000000e+00 0.000000000000000000e+00 0.000000000000000000e+00 0.000000000000000000e+00 0.000000000000000000e+00 0.000000000000000000e+00 0.000000000000000000e+00 0.000000000000000000e+00 0.000000000000000000e+00 0.000000000000000000e+00 0.000000000000000000e+00 0.000000000000000000e+00 0.000000000000000000e+00 0.000000000000000000e+00
0.000000000000000000e+00 0.000000000000000000e+00 0.000000000000000000e+00 0.000000000000000000e+00 0.000000000000000000e+00 0.000000000000000000e+00 0.000000000000000000e+00 0.000000000000000000e+00 0.000000000000000000e+00 0.000000000000000000e+00 0.000000000000000000e+00 0.000000000000000000e+00 0.000000000000000000e+00 0.000000000000000000e+00 0.000000000000000000e+00 0.000000000000000000e+00 0.000000000000000000e+00 0.000000000000000000e+00 0.000000000000000000e+00 0.000000000000000000e+00
0.000000000000000000e+00 0.000000000000000000e+00 0.000000000000000000e+00 0.000000000000000000e+00 0.000000000000000000e+00 0.000000000000000000e+00 0.000000000000000000e+00 0.000000000000000000e+00 0.000000000000000000e+00 0.000000000000000000e+00 0.000000000000000000e+00 0.000000000000000000e+00 0.000000000000000000e+00 0.000000000000000000e+00 0.000000000000000000e+00 0.000000000000000000e+00 0.000000000000000000e+00 0.000000000000000000e+00 0.000000000000000000e+00 0.000000000000000000e+00
0.000000000000000000e+00 0.000000000000000000e+00 0.000000000000000000e+00 0.000000000000000000e+00 0.000000000000000000e+00 0.000000000000000000e+00 0.000000000000000000e+00 0.000000000000000000e+00 0.000000000000000000e+00 0.000000000000000000e+00 0.000000000000000000e+00 0.000000000000000000e+00 0.000000000000000000e+00 0.000000000000000000e+00 0.000000000000000000e+00 0.000000000000000000e+00 0.000000000000000000e+00 0.000000000000000000e+00 0.000000000000000000e+00 2.500000000000000139e-02
