7.016621270781815602e-04 7.365134246351720234e-04 7.730957732130631400e-04 8.114951534738963201e-04 8.518018167072998912e-04 8.941104969509800849e-04 9.385206336471497036e-04 9.851366053582289936e-04 1.034067975091111430e-03 1.085429747806598713e-03 1.139342640719231579e-03 1.195933367022817455e-03 1.255334933708490610e-03 1.317686954175293886e-03 1.383135976368009192e-03 1.451835827213469876e-03 1.523947974164901846e-03 1.599641904704031696e-03 1.679095524692928235e-03 1.762495576511834573e-03
4.776250000000000000e+02 4.695000000000000000e+02 4.613249999999998749e+02 4.525999999999999091e+02 4.448999999999999204e+02 4.361000000000000227e+02 4.281999999999999886e+02 4.202249999999999659e+02 4.122500000000000568e+02 4.043750000000000568e+02 3.974750000000000227e+02 3.903000000000000114e+02 3.833000000000000114e+02 3.769250000000000682e+02 3.699249999999998977e+02 3.628999999999999204e+02 3.555000000000000000e+02 3.485749999999999318e+02 3.426499999999999773e+02 3.357500000000000000e+02
6.724000000000000909e+02 6.706999999999998181e+02 6.697749999999999773e+02 6.693749999999997726e+02 6.671750000000000682e+02 6.666999999999999318e+02 6.656499999999999773e+02 6.642999999999998408e+02 6.634750000000000227e+02 6.627249999999997954e+02 6.609500000000001592e+02 6.587499999999998863e+02 6.567500000000001137e+02 6.538749999999998863e+02 6.525500000000000682e+02 6.504249999999999545e+02 6.481499999999999773e+02 6.467250000000002501e+02 6.440999999999997954e+02 6.425750000000000455e+02
4.019250000000001819e+02 4.050000000000000000e+02 4.065999999999999659e+02 4.088750000000000000e+02 4.110749999999999886e+02 4.124749999999999659e+02 4.138999999999999204e+02 4.159499999999999886e+02 4.166999999999999886e+02 4.181499999999999204e+02 4.201250000000000000e+02 4.224249999999999545e+02 4.240250000000000341e+02 4.257749999999999773e+02 4.268749999999999432e+02 4.289750000000000796e+02 4.323249999999999318e+02 4.331500000000000341e+02 4.348999999999999773e+02 4.355750000000001023e+02
1.952750000000000057e+02 1.961500000000000057e+02 1.985250000000000341e+02 2.001750000000000114e+02 2.026750000000000114e+02 2.051749999999999829e+02 2.080249999999999488e+02 2.103750000000000568e+02 2.127750000000000057e+02 2.144999999999999432e+02 2.164499999999999602e+02 2.184749999999999375e+02 2.204250000000000114e+02 2.225749999999999318e+02 2.245500000000000114e+02 2.261499999999999773e+02 2.266000000000000227e+02 2.283249999999999886e+02 2.295749999999999886e+02 2.324749999999999943e+02
9.342499999999999716e+01 9.532500000000003126e+01 9.660000000000000853e+01 9.785000000000000853e+01 9.877500000000003411e+01 1.001749999999999687e+02 1.011250000000000000e+02 1.020750000000000028e+02 1.037250000000000085e+02 1.057249999999999801e+02 1.069499999999999744e+02 1.074499999999999886e+02 1.085500000000000256e+02 1.097500000000000000e+02 1.109999999999999858e+02 1.126250000000000142e+02 1.147500000000000142e+02 1.165250000000000057e+02 1.172999999999999687e+02 1.182249999999999659e+02
5.054999999999999716e+01 5.120000000000000284e+01 5.254999999999998295e+01 5.312500000000001421e+01 5.379999999999999716e+01 5.432500000000000995e+01 5.494999999999999574e+01 5.574999999999998579e+01 5.667499999999999005e+01 5.682499999999998153e+01 5.750000000000000711e+01 5.874999999999998579e+01 5.965000000000001279e+01 6.037499999999999289e+01 6.165000000000000568e+01 6.242500000000001137e+01 6.277500000000000568e+01 6.392499999999998295e+01 6.512500000000000000e+01 6.597499999999999432e+01
2.895000000000000284e+01 2.970000000000000639e+01 2.962500000000000355e+01 3.060000000000000497e+01 3.134999999999999076e+01 3.222500000000000142e+01 3.325000000000000000e+01 3.400000000000000000e+01 3.429999999999999716e+01 3.495000000000000284e+01 3.572500000000000142e+01 3.647499999999998721e+01 3.729999999999999005e+01 3.792499999999999716e+01 3.764999999999999858e+01 3.842500000000000426e+01 3.927499999999999858e+01 3.970000000000000995e+01 4.059999999999999432e+01 4.072499999999999432e+01
1.869999999999999929e+01 1.967499999999999716e+01 1.997499999999999787e+01 2.062500000000000000e+01 2.124999999999999289e+01 2.194999999999999574e+01 2.174999999999999289e+01 2.190000000000000213e+01 2.240000000000000213e+01 2.330000000000000071e+01 2.324999999999999645e+01 2.367499999999999716e+01 2.384999999999999432e+01 2.402499999999999147e+01 2.494999999999999929e+01 2.502499999999999858e+01 2.470000000000000639e+01 2.487499999999999645e+01 2.510000000000000497e+01 2.617500000000000426e+01
1.302499999999999858e+01 1.287499999999999822e+01 1.340000000000000213e+01 1.369999999999999929e+01 1.427499999999999858e+01 1.407499999999999929e+01 1.432500000000000462e+01 1.487499999999999645e+01 1.559999999999999609e+01 1.527499999999999503e+01 1.587500000000000178e+01 1.605000000000000071e+01 1.685000000000000497e+01 1.764999999999999858e+01 1.752499999999999858e+01 1.797499999999999432e+01 1.860000000000000497e+01 1.882500000000000284e+01 1.887500000000000000e+01 1.887499999999999645e+01
9.000000000000000000e+00 8.875000000000000000e+00 8.974999999999999645e+00 9.124999999999998224e+00 9.299999999999997158e+00 1.007499999999999929e+01 1.064999999999999858e+01 1.082499999999999751e+01 1.089999999999999680e+01 1.145000000000000107e+01 1.107499999999999929e+01 1.147500000000000497e+01 1.144999999999999751e+01 1.200000000000000178e+01 1.275000000000000178e+01 1.252499999999999858e+01 1.290000000000000036e+01 1.339999999999999858e+01 1.402499999999999680e+01 1.414999999999999858e+01
7.149999999999999467e+00 7.474999999999998757e+00 7.500000000000000000e+00 7.275000000000000355e+00 7.500000000000002665e+00 7.175000000000000711e+00 7.300000000000001599e+00 7.625000000000000888e+00 7.774999999999998579e+00 8.099999999999999645e+00 8.550000000000002487e+00 8.474999999999999645e+00 8.824999999999999289e+00 8.650000000000002132e+00 8.774999999999998579e+00 9.525000000000000355e+00 9.950000000000001066e+00 1.009999999999999964e+01 1.034999999999999964e+01 1.085000000000000142e+01
5.524999999999999467e+00 5.500000000000000000e+00 6.024999999999999467e+00 6.175000000000000711e+00 5.900000000000000355e+00 6.374999999999999112e+00 6.250000000000000000e+00 6.199999999999999289e+00 6.074999999999999289e+00 6.100000000000001421e+00 6.475000000000000533e+00 6.650000000000000355e+00 6.625000000000000888e+00 7.024999999999999467e+00 7.125000000000000000e+00 6.975000000000001421e+00 7.150000000000001243e+00 7.324999999999999289e+00 7.450000000000000178e+00 7.500000000000000000e+00
4.725000000000001421e+00 4.975000000000001421e+00 4.750000000000000000e+00 4.774999999999999467e+00 5.024999999999999467e+00 4.975000000000000533e+00 5.275000000000000355e+00 5.125000000000000000e+00 5.474999999999998757e+00 5.425000000000000711e+00 5.375000000000000000e+00 5.375000000000000888e+00 5.325000000000000178e+00 5.199999999999999289e+00 5.224999999999999645e+00 5.375000000000000888e+00 5.600000000000000533e+00 5.775000000000001243e+00 6.275000000000000355e+00 6.375000000000000888e+00
3.549999999999999378e+00 3.800000000000000266e+00 3.874999999999999556e+00 3.800000000000000711e+00 3.950000000000000178e+00 4.225000000000000533e+00 4.075000000000001066e+00 4.274999999999999467e+00 4.324999999999999289e+00 4.450000000000000178e+00 4.375000000000000888e+00 4.550000000000000711e+00 4.725000000000002309e+00 4.625000000000000888e+00 4.850000000000001421e+00 4.699999999999999289e+00 4.574999999999999289e+00 4.425000000000000711e+00 4.324999999999999289e+00 4.700000000000000178e+00
2.650000000000000355e+00 2.750000000000000000e+00 2.999999999999999556e+00 3.324999999999999734e+00 3.349999999999998757e+00 3.324999999999999289e+00 3.449999999999998845e+00 3.649999999999999467e+00 3.625000000000000888e+00 3.624999999999999112e+00 3.750000000000000000e+00 3.774999999999999023e+00 3.974999999999999645e+00 4.074999999999999289e+00 3.999999999999999556e+00 4.375000000000000888e+00 4.250000000000000888e+00 4.450000000000000178e+00 4.375000000000001776e+00 4.150000000000000355e+00
2.574999999999999734e+00 2.825000000000000178e+00 2.900000000000000355e+00 2.949999999999999289e+00 2.850000000000000089e+00 2.625000000000000000e+00 2.999999999999999556e+00 3.349999999999999201e+00 3.099999999999999201e+00 3.474999999999999201e+00 3.524999999999999911e+00 3.550000000000000266e+00 3.725000000000000089e+00 3.650000000000000355e+00 3.575000000000000178e+00 3.450000000000000178e+00 3.775000000000000355e+00 3.600000000000000089e+00 3.475000000000000089e+00 3.525000000000000355e+00
1.674999999999999822e+00 1.649999999999999911e+00 1.875000000000000222e+00 2.050000000000000266e+00 2.474999999999999645e+00 2.699999999999999734e+00 2.425000000000000711e+00 2.325000000000000622e+00 2.850000000000000977e+00 2.550000000000000266e+00 2.649999999999999023e+00 2.750000000000000000e+00 2.774999999999999911e+00 2.775000000000000355e+00 3.075000000000000178e+00 3.250000000000000000e+00 3.100000000000000089e+00 3.300000000000000266e+00 3.300000000000000266e+00 3.249999999999999112e+00
1.699999999999999734e+00 1.699999999999999734e+00 1.725000000000000311e+00 1.799999999999999822e+00 1.749999999999999778e+00 1.774999999999999689e+00 2.024999999999999911e+00 2.124999999999999556e+00 1.925000000000000044e+00 2.199999999999999734e+00 2.424999999999999378e+00 2.600000000000000089e+00 2.549999999999999378e+00 2.774999999999999023e+00 2.699999999999999734e+00 2.524999999999999911e+00 2.799999999999999822e+00 2.849999999999999645e+00 2.874999999999999556e+00 2.775000000000000355e+00
1.574999999999999734e+00 1.524999999999999911e+00 1.300000000000000044e+00 1.524999999999999689e+00 1.725000000000000089e+00 1.799999999999999822e+00 1.650000000000000133e+00 1.674999999999999600e+00 1.874999999999999778e+00 1.599999999999999645e+00 1.749999999999999112e+00 2.024999999999999911e+00 1.975000000000000533e+00 2.249999999999999556e+00 2.550000000000000266e+00 2.600000000000000089e+00 2.399999999999999911e+00 2.625000000000000000e+00 2.625000000000000000e+00 2.525000000000000355e+00
1.250000000000000000e+00 1.425000000000000266e+00 1.574999999999999956e+00 1.300000000000000044e+00 1.275000000000000133e+00 1.375000000000000000e+00 1.525000000000000133e+00 1.475000000000000089e+00 1.574999999999999734e+00 1.799999999999999822e+00 1.750000000000000000e+00 1.450000000000000400e+00 1.824999999999999512e+00 1.625000000000000000e+00 1.624999999999999778e+00 1.999999999999999334e+00 2.225000000000000089e+00 2.124999999999999112e+00 2.525000000000000355e+00 2.549999999999999822e+00
1.074999999999999956e+00 1.075000000000000178e+00 1.275000000000000133e+00 1.425000000000000266e+00 1.274999999999999689e+00 1.125000000000000222e+00 1.525000000000000133e+00 1.524999999999999911e+00 1.374999999999999778e+00 1.400000000000000133e+00 1.325000000000000178e+00 1.474999999999999645e+00 1.325000000000000178e+00 1.324999999999999956e+00 1.299999999999999822e+00 1.375000000000000222e+00 1.449999999999999734e+00 1.599999999999999645e+00 1.699999999999999512e+00 2.074999999999999734e+00
9.500000000000003997e-01 9.750000000000004219e-01 1.025000000000000577e+00 1.050000000000000266e+00 1.100000000000000089e+00 1.199999999999999956e+00 1.125000000000000000e+00 1.050000000000000044e+00 1.099999999999999867e+00 1.274999999999999689e+00 1.374999999999999778e+00 1.449999999999999734e+00 1.524999999999999467e+00 1.674999999999999822e+00 1.449999999999999734e+00 1.225000000000000311e+00 1.350000000000000311e+00 1.349999999999999867e+00 1.549999999999999822e+00 1.799999999999999822e+00
1.000000000000000222e+00 8.750000000000002220e-01 7.500000000000002220e-01 9.000000000000004663e-01 1.050000000000000044e+00 1.125000000000000222e+00 9.250000000000002665e-01 1.075000000000000400e+00 1.425000000000000044e+00 1.375000000000000000e+00 1.175000000000000044e+00 1.175000000000000044e+00 1.250000000000000222e+00 1.424999999999999822e+00 1.700000000000000178e+00 1.599999999999999867e+00 1.225000000000000089e+00 1.249999999999999778e+00 8.500000000000001998e-01 1.025000000000000355e+00
5.250000000000001332e-01 8.250000000000003997e-01 1.000000000000000222e+00 9.250000000000002665e-01 9.750000000000004219e-01 1.075000000000000400e+00 1.249999999999999778e+00 1.324999999999999956e+00 7.750000000000003553e-01 9.250000000000002665e-01 1.100000000000000089e+00 1.250000000000000000e+00 9.750000000000004219e-01 1.050000000000000488e+00 9.000000000000001332e-01 1.224999999999999867e+00 1.275000000000000133e+00 1.099999999999999867e+00 1.324999999999999734e+00 1.025000000000000355e+00
5.250000000000001332e-01 6.000000000000000888e-01 5.250000000000001332e-01 7.500000000000002220e-01 7.750000000000001332e-01 6.750000000000002665e-01 7.750000000000002442e-01 8.500000000000004219e-01 1.224999999999999867e+00 1.000000000000000444e+00 7.750000000000001332e-01 9.750000000000001998e-01 1.050000000000000266e+00 9.250000000000002665e-01 9.500000000000005107e-01 1.075000000000000178e+00 1.399999999999999689e+00 1.399999999999999689e+00 1.275000000000000133e+00 1.149999999999999911e+00
4.250000000000000444e-01 5.250000000000000222e-01 5.500000000000000444e-01 5.750000000000000666e-01 6.500000000000002442e-01 8.250000000000001776e-01 7.000000000000001776e-01 5.500000000000000444e-01 8.750000000000002220e-01 8.500000000000005329e-01 1.225000000000000311e+00 9.250000000000003775e-01 1.175000000000000266e+00 1.125000000000000222e+00 9.500000000000001776e-01 9.000000000000002442e-01 9.000000000000002442e-01 1.274999999999999911e+00 1.350000000000000089e+00 1.424999999999999600e+00
4.250000000000000444e-01 3.499999999999999778e-01 5.000000000000000000e-01 4.750000000000000888e-01 6.250000000000002220e-01 6.000000000000001998e-01 6.500000000000001332e-01 6.500000000000002442e-01 5.000000000000001110e-01 8.500000000000003109e-01 5.749999999999999556e-01 6.750000000000002665e-01 7.000000000000002887e-01 8.000000000000000444e-01 1.100000000000000089e+00 8.750000000000003331e-01 9.500000000000001776e-01 9.000000000000000222e-01 1.075000000000000178e+00 9.750000000000003109e-01
3.500000000000000333e-01 2.999999999999999889e-01 3.750000000000000000e-01 5.500000000000000444e-01 4.249999999999999889e-01 4.750000000000000888e-01 4.500000000000001776e-01 6.000000000000000888e-01 7.000000000000002887e-01 6.750000000000001554e-01 7.500000000000003331e-01 7.750000000000003553e-01 5.750000000000001776e-01 6.500000000000001332e-01 6.750000000000000444e-01 9.500000000000001776e-01 6.750000000000002665e-01 6.000000000000000888e-01 6.750000000000002665e-01 8.250000000000001776e-01
3.250000000000000111e-01 3.999999999999999667e-01 3.500000000000000333e-01 2.749999999999999667e-01 5.250000000000000222e-01 6.250000000000000000e-01 5.250000000000001332e-01 6.000000000000001998e-01 4.750000000000001443e-01 5.750000000000000666e-01 6.750000000000002665e-01 5.750000000000000666e-01 7.250000000000001998e-01 7.750000000000001332e-01 7.750000000000001332e-01 8.500000000000001998e-01 7.500000000000003331e-01 7.000000000000001776e-01 8.000000000000001554e-01 9.250000000000001554e-01
1.999999999999999833e-01 3.500000000000000333e-01 3.500000000000000888e-01 3.500000000000000888e-01 2.499999999999999722e-01 2.999999999999999889e-01 5.250000000000000222e-01 4.249999999999999889e-01 3.750000000000001110e-01 4.000000000000000777e-01 6.000000000000000888e-01 8.000000000000002665e-01 7.250000000000001998e-01 6.750000000000002665e-01 7.000000000000001776e-01 6.250000000000002220e-01 9.750000000000005329e-01 9.750000000000001998e-01 7.000000000000001776e-01 6.750000000000001554e-01
2.249999999999999778e-01 2.249999999999999778e-01 2.999999999999999889e-01 3.500000000000000888e-01 4.000000000000000222e-01 3.499999999999999778e-01 4.249999999999999889e-01 4.500000000000000666e-01 4.500000000000000666e-01 3.000000000000000444e-01 4.000000000000001332e-01 5.500000000000001554e-01 7.250000000000003109e-01 7.250000000000001998e-01 6.250000000000001110e-01 5.999999999999999778e-01 6.500000000000001332e-01 6.500000000000001332e-01 7.500000000000001110e-01 6.250000000000002220e-01
1.999999999999999833e-01 1.499999999999999944e-01 1.749999999999999889e-01 1.999999999999999833e-01 1.999999999999999833e-01 3.500000000000000888e-01 2.499999999999999722e-01 4.000000000000000222e-01 4.249999999999999889e-01 5.250000000000001332e-01 5.000000000000000000e-01 4.750000000000000333e-01 3.250000000000000666e-01 5.250000000000001332e-01 7.250000000000001998e-01 7.000000000000001776e-01 7.250000000000000888e-01 7.500000000000002220e-01 6.750000000000001554e-01 7.000000000000001776e-01
1.250000000000000000e-01 1.499999999999999944e-01 2.249999999999999778e-01 1.000000000000000056e-01 1.749999999999999889e-01 2.750000000000000222e-01 4.500000000000001776e-01 3.500000000000000333e-01 3.499999999999999778e-01 2.749999999999999667e-01 1.749999999999999889e-01 2.499999999999999722e-01 4.750000000000001998e-01 5.250000000000001332e-01 5.250000000000001332e-01 5.250000000000001332e-01 5.250000000000001332e-01 5.500000000000000444e-01 6.750000000000002665e-01 5.500000000000001554e-01
1.250000000000000000e-01 1.499999999999999944e-01 1.000000000000000056e-01 2.000000000000000111e-01 2.749999999999999667e-01 1.749999999999999889e-01 2.249999999999999778e-01 3.500000000000000333e-01 5.250000000000001332e-01 4.750000000000000888e-01 4.250000000000000444e-01 2.749999999999999667e-01 3.499999999999999778e-01 3.250000000000000111e-01 3.500000000000000888e-01 5.250000000000000222e-01 6.000000000000001998e-01 5.500000000000001554e-01 5.250000000000000222e-01 5.750000000000000666e-01
5.000000000000000278e-02 1.499999999999999944e-01 1.749999999999999889e-01 2.500000000000000000e-01 1.499999999999999944e-01 1.999999999999999833e-01 1.749999999999999889e-01 2.500000000000000000e-01 2.250000000000000056e-01 3.750000000000001110e-01 2.499999999999999722e-01 2.499999999999999722e-01 2.750000000000000222e-01 3.000000000000000444e-01 3.500000000000000333e-01 4.000000000000000777e-01 4.000000000000000777e-01 6.250000000000001110e-01 6.250000000000001110e-01 7.500000000000003331e-01
7.500000000000001110e-02 7.500000000000001110e-02 1.250000000000000000e-01 1.000000000000000056e-01 1.749999999999999889e-01 1.999999999999999833e-01 1.250000000000000000e-01 2.249999999999999778e-01 1.749999999999999889e-01 2.499999999999999722e-01 4.749999999999999778e-01 4.500000000000001221e-01 1.999999999999999833e-01 2.999999999999999889e-01 3.250000000000000111e-01 2.749999999999999667e-01 3.500000000000000333e-01 2.249999999999999778e-01 4.500000000000001221e-01 5.000000000000000000e-01
0.000000000000000000e+00 2.500000000000000139e-02 1.250000000000000000e-01 1.000000000000000056e-01 5.000000000000000278e-02 2.249999999999999778e-01 1.499999999999999944e-01 1.749999999999999889e-01 1.749999999999999889e-01 2.499999999999999722e-01 2.500000000000000000e-01 4.000000000000001332e-01 4.249999999999999889e-01 2.249999999999999778e-01 2.250000000000000056e-01 2.999999999999999889e-01 4.000000000000000222e-01 2.749999999999999667e-01 2.749999999999999667e-01 2.999999999999999889e-01
2.500000000000000139e-02 2.500000000000000139e-02 2.500000000000000139e-02 1.000000000000000056e-01 1.000000000000000056e-01 7.500000000000001110e-02 2.249999999999999778e-01 1.000000000000000056e-01 2.000000000000000111e-01 7.500000000000001110e-02 3.000000000000000444e-01 2.249999999999999778e-01 4.000000000000000222e-01 3.750000000000000000e-01 4.500000000000001221e-01 3.500000000000000888e-01 1.999999999999999833e-01 3.500000000000000333e-01 1.499999999999999944e-01 3.500000000000000333e-01
0.000000000000000000e+00 0.000000000000000000e+00 0.000000000000000000e+00 5.000000000000000278e-02 1.000000000000000056e-01 5.000000000000000278e-02 1.000000000000000056e-01 1.999999999999999833e-01 1.999999999999999833e-01 2.250000000000000056e-01 7.500000000000001110e-02 2.999999999999999889e-01 1.999999999999999833e-01 2.499999999999999722e-01 2.999999999999999889e-01 2.000000000000000111e-01 2.999999999999999889e-01 4.250000000000001554e-01 3.500000000000000333e-01 3.500000000000000888e-01
2.500000000000000139e-02 2.500000000000000139e-02 2.500000000000000139e-02 2.500000000000000139e-02 7.500000000000001110e-02 1.000000000000000056e-01 7.500000000000001110e-02 2.500000000000000139e-02 1.999999999999999833e-01 2.249999999999999778e-01 1.250000000000000000e-01 1.999999999999999833e-01 2.249999999999999778e-01 1.999999999999999833e-01 1.750000000000000167e-01 2.999999999999999889e-01 3.750000000000001110e-01 4.250000000000000999e-01 3.250000000000000666e-01 2.250000000000000056e-01
2.500000000000000139e-02 0.000000000000000000e+00 2.500000000000000139e-02 5.000000000000000278e-02 2.500000000000000139e-02 5.000000000000000278e-02 1.000000000000000056e-01 7.500000000000001110e-02 7.500000000000001110e-02 1.250000000000000000e-01 3.250000000000000666e-01 1.250000000000000000e-01 2.499999999999999722e-01 2.499999999999999722e-01 1.749999999999999889e-01 2.249999999999999778e-01 2.249999999999999778e-01 3.250000000000000111e-01 4.249999999999999889e-01 3.499999999999999778e-01
0.000000000000000000e+00 5.000000000000000278e-02 0.000000000000000000e+00 2.500000000000000139e-02 5.000000000000000278e-02 5.000000000000000278e-02 1.499999999999999944e-01 1.749999999999999889e-01 1.499999999999999944e-01 1.749999999999999889e-01 1.250000000000000000e-01 1.499999999999999944e-01 1.749999999999999889e-01 1.749999999999999889e-01 1.749999999999999889e-01 1.999999999999999833e-01 1.749999999999999889e-01 7.500000000000001110e-02 4.250000000000000444e-01 3.749999999999999445e-01
0.000000000000000000e+00 0.000000000000000000e+00 2.500000000000000139e-02 0.000000000000000000e+00 2.500000000000000139e-02 5.000000000000000278e-02 7.500000000000001110e-02 7.500000000000001110e-02 1.499999999999999944e-01 1.000000000000000056e-01 2.500000000000000139e-02 1.750000000000000167e-01 1.000000000000000056e-01 1.999999999999999833e-01 1.999999999999999833e-01 1.250000000000000000e-01 2.000000000000000111e-01 2.249999999999999778e-01 2.249999999999999778e-01 4.000000000000000777e-01
2.500000000000000139e-02 0.000000000000000000e+00 2.500000000000000139e-02 2.500000000000000139e-02 2.500000000000000139e-02 2.500000000000000139e-02 0.000000000000000000e+00 2.500000000000000139e-02 7.500000000000001110e-02 1.250000000000000000e-01 1.999999999999999833e-01 1.000000000000000056e-01 1.749999999999999889e-01 1.750000000000000167e-01 2.249999999999999778e-01 2.749999999999999667e-01 1.250000000000000000e-01 1.749999999999999889e-01 2.249999999999999778e-01 3.000000000000000444e-01
0.000000000000000000e+00 2.500000000000000139e-02 0.000000000000000000e+00 5.000000000000000278e-02 5.000000000000000278e-02 5.000000000000000278e-02 7.500000000000001110e-02 1.000000000000000056e-01 2.500000000000000139e-02 1.000000000000000056e-01 5.000000000000000278e-02 1.000000000000000056e-01 1.000000000000000056e-01 2.499999999999999722e-01 1.999999999999999833e-01 1.749999999999999889e-01 1.499999999999999944e-01 1.749999999999999889e-01 1.250000000000000000e-01 2.000000000000000111e-01
5.000000000000000278e-02 0.000000000000000000e+00 2.500000000000000139e-02 2.500000000000000139e-02 2.500000000000000139e-02 2.500000000000000139e-02 2.500000000000000139e-02 5.000000000000000278e-02 1.000000000000000056e-01 7.500000000000001110e-02 2.000000000000000111e-01 1.499999999999999944e-01 7.500000000000001110e-02 1.000000000000000056e-01 1.000000000000000056e-01 2.249999999999999778e-01 1.250000000000000000e-01 1.499999999999999944e-01 1.000000000000000056e-01 1.500000000000000222e-01
0.000000000000000000e+00 0.000000000000000000e+00 0.000000000000000000e+00 0.000000000000000000e+00 2.500000000000000139e-02 2.500000000000000139e-02 0.000000000000000000e+00 7.500000000000001110e-02 2.500000000000000139e-02 5.000000000000000278e-02 1.000000000000000056e-01 1.000000000000000056e-01 1.250000000000000000e-01 5.000000000000000278e-02 1.499999999999999944e-01 1.999999999999999833e-01 2.999999999999999889e-01 1.750000000000000167e-01 1.999999999999999833e-01 1.499999999999999944e-01
0.000000000000000000e+00 5.000000000000000278e-02 5.000000000000000278e-02 2.500000000000000139e-02 2.500000000000000139e-02 0.000000000000000000e+00 0.000000000000000000e+00 0.000000000000000000e+00 7.500000000000001110e-02 1.000000000000000056e-01 5.000000000000000278e-02 1.499999999999999944e-01 3.500000000000000333e-01 1.999999999999999833e-01 2.500000000000000555e-01 1.749999999999999889e-01 1.500000000000000222e-01 1.749999999999999889e-01 1.999999999999999833e-01 1.999999999999999833e-01
0.000000000000000000e+00 0.000000000000000000e+00 0.000000000000000000e+00 0.000000000000000000e+00 0.000000000000000000e+00 2.500000000000000139e-02 5.000000000000000278e-02 5.000000000000000278e-02 2.500000000000000139e-02 0.000000000000000000e+00 0.000000000000000000e+00 7.500000000000001110e-02 2.500000000000000139e-02 1.499999999999999944e-01 1.000000000000000056e-01 5.000000000000000278e-02 1.999999999999999833e-01 1.000000000000000056e-01 1.250000000000000000e-01 1.499999999999999944e-01
0.000000000000000000e+00 0.000000000000000000e+00 0.000000000000000000e+00 2.500000000000000139e-02 0.000000000000000000e+00 2.500000000000000139e-02 5.000000000000000278e-02 5.000000000000000278e-02 2.500000000000000139e-02 5.000000000000000278e-02 5.000000000000000278e-02 2.500000000000000139e-02 5.000000000000000278e-02 1.749999999999999889e-01 1.499999999999999944e-01 7.500000000000001110e-02 1.250000000000000000e-01 2.499999999999999722e-01 7.500000000000001110e-02 5.000000000000000278e-02
0.000000000000000000e+00 0.000000000000000000e+00 0.000000000000000000e+00 0.000000000000000000e+00 0.000000000000000000e+00 0.000000000000000000e+00 0.000000000000000000e+00 0.000000000000000000e+00 0.000000000000000000e+00 7.500000000000001110e-02 5.000000000000000278e-02 2.500000000000000139e-02 7.500000000000001110e-02 7.500000000000001110e-02 1.499999999999999944e-01 2.749999999999999667e-01 1.999999999999999833e-01 2.750000000000000222e-01 2.249999999999999778e-01 1.000000000000000056e-01
0.000000000000000000e+00 0.000000000000000000e+00 0.000000000000000000e+00 0.000000000000000000e+00 2.500000000000000139e-02 0.000000000000000000e+00 0.000000000000000000e+00 2.500000000000000139e-02 5.000000000000000278e-02 0.000000000000000000e+00 1.000000000000000056e-01 7.500000000000001110e-02 2.500000000000000139e-02 7.500000000000001110e-02 5.000000000000000278e-02 1.749999999999999889e-01 1.999999999999999833e-01 1.499999999999999944e-01 1.999999999999999833e-01 1.999999999999999833e-01
0.000000000000000000e+00 0.000000000000000000e+00 0.000000000000000000e+00 0.000000000000000000e+00 0.000000000000000000e+00 2.500000000000000139e-02 0.000000000000000000e+00 2.500000000000000139e-02 0.000000000000000000e+00 0.000000000000000000e+00 2.500000000000000139e-02 0.000000000000000000e+00 0.000000000000000000e+00 2.500000000000000139e-02 7.500000000000001110e-02 1.000000000000000056e-01 1.000000000000000056e-01 1.000000000000000056e-01 1.250000000000000000e-01 1.000000000000000056e-01
0.000000000000000000e+00 0.000000000000000000e+00 0.000000000000000000e+00 0.000000000000000000e+00 0.000000000000000000e+00 0.000000000000000000e+00 2.500000000000000139e-02 0.000000000000000000e+00 2.500000000000000139e-02 5.000000000000000278e-02 5.000000000000000278e-02 2.500000000000000139e-02 7.500000000000001110e-02 5.000000000000000278e-02 7.500000000000001110e-02 1.250000000000000000e-01 1.000000000000000056e-01 2.500000000000000139e-02 1.749999999999999889e-01 1.749999999999999889e-01
0.000000000000000000e+00 0.000000000000000000e+00 0.000000000000000000e+00 0.000000000000000000e+00 0.000000000000000000e+00 0.000000000000000000e+00 0.000000000000000000e+00 0.000000000000000000e+00 2.500000000000000139e-02 0.000000000000000000e+00 5.000000000000000278e-02 5.000000000000000278e-02 2.500000000000000139e-02 5.000000000000000278e-02 5.000000000000000278e-02 2.500000000000000139e-02 1.000000000000000056e-01 1.250000000000000000e-01 1.000000000000000056e-01 1.749999999999999889e-01
0.000000000000000000e+00 0.000000000000000000e+00 0.000000000000000000e+00 0.000000000000000000e+00 0.000000000000000000e+00 0.000000000000000000e+00 0.000000000000000000e+00 0.000000000000000000e+00 2.500000000000000139e-02 5.000000000000000278e-02 0.000000000000000000e+00 7.500000000000001110e-02 7.500000000000001110e-02 0.000000000000000000e+00 2.500000000000000139e-02 2.500000000000000139e-02 7.500000000000001110e-02 1.250000000000000000e-01 1.250000000000000000e-01 1.749999999999999889e-01
0.000000000000000000e+00 0.000000000000000000e+00 0.000000000000000000e+00 0.000000000000000000e+00 0.000000000000000000e+00 0.000000000000000000e+00 0.000000000000000000e+00 0.000000000000000000e+00 0.000000000000000000e+00 0.000000000000000000e+00 0.000000000000000000e+00 2.500000000000000139e-02 5.000000000000000278e-02 5.000000000000000278e-02 7.500000000000001110e-02 2.500000000000000139e-02 7.500000000000001110e-02 1.250000000000000000e-01 7.500000000000001110e-02 1.000000000000000056e-01
0.000000000000000000e+00 0.000000000000000000e+00 0.000000000000000000e+00 0.000000000000000000e+00 0.000000000000000000e+00 0.000000000000000000e+00 0.000000000000000000e+00 0.000000000000000000e+00 0.000000000000000000e+00 0.000000000000000000e+00 0.000000000000000000e+00 5.000000000000000278e-02 5.000000000000000278e-02 0.000000000000000000e+00 0.000000000000000000e+00 5.000000000000000278e-02 2.500000000000000139e-02 7.500000000000001110e-02 1.000000000000000056e-01 1.000000000000000056e-01
0.000000000000000000e+00 0.000000000000000000e+00 0.000000000000000000e+00 0.000000000000000000e+00 0.000000000000000000e+00 0.000000000000000000e+00 0.000000000000000000e+00 0.000000000000000000e+00 0.000000000000000000e+00 0.000000000000000000e+00 0.000000000000000000e+00 0.000000000000000000e+00 2.500000000000000139e-02 7.500000000000001110e-02 7.500000000000001110e-02 2.500000000000000139e-02 7.500000000000001110e-02 5.000000000000000278e-02 5.000000000000000278e-02 1.000000000000000056e-01
0.000000000000000000e+00 0.000000000000000000e+00 0.000000000000000000e+00 0.000000000000000000e+00 0.000000000000000000e+00 0.000000000000000000e+00 0.000000000000000000e+00 0.000000000000000000e+00 0.000000000000000000e+00 0.000000000000000000e+00 2.500000000000000139e-02 2.500000000000000139e-02 5.000000000000000278e-02 2.500000000000000139e-02 5.000000000000000278e-02 7.500000000000001110e-02 2.500000000000000139e-02 7.500000000000001110e-02 2.249999999999999778e-01 1.000000000000000056e-01
0.000000000000000000e+00 0.000000000000000000e+00 0.000000000000000000e+00 0.000000000000000000e+00 0.000000000000000000e+00 0.000000000000000000e+00 0.000000000000000000e+00 0.000000000000000000e+00 0.000000000000000000e+00 0.000000000000000000e+00 2.500000000000000139e-02 0.000000000000000000e+00 2.500000000000000139e-02 5.000000000000000278e-02 0.000000000000000000e+00 7.500000000000001110e-02 0.000000000000000000e+00 2.500000000000000139e-02 2.500000000000000139e-02 7.500000000000001110e-02
0.000000000000000000e+00 0.000000000000000000e+00 0.000000000000000000e+00 0.000000000000000000e+00 0.000000000000000000e+00 0.000000000000000000e+00 0.000000000000000000e+00 0.000000000000000000e+00 0.000000000000000000e+00 2.500000000000000139e-02 0.000000000000000000e+00 2.500000000000000139e-02 0.000000000000000000e+00 7.500000000000001110e-02 2.500000000000000139e-02 0.000000000000000000e+00 7.500000000000001110e-02 5.000000000000000278e-02 0.000000000000000000e+00 1.000000000000000056e-01
0.000000000000000000e+00 0.000000000000000000e+00 0.000000000000000000e+00 0.000000000000000000e+00 0.000000000000000000e+00 0.000000000000000000e+00 0.000000000000000000e+00 0.000000000000000000e+00 0.000000000000000000e+00 0.000000000000000000e+00 0.000000000000000000e+00 0.000000000000000000e+00 0.000000000000000000e+00 0.000000000000000000e+00 5.000000000000000278e-02 2.500000000000000139e-02 1.000000000000000056e-01 5.000000000000000278e-02 1.000000000000000056e-01 7.500000000000001110e-02
0.000000000000000000e+00 0.000000000000000000e+00 0.000000000000000000e+00 0.000000000000000000e+00 0.000000000000000000e+00 0.000000000000000000e+00 0.000000000000000000e+00 0.000000000000000000e+00 0.000000000000000000e+00 0.000000000000000000e+00 0.000000000000000000e+00 0.000000000000000000e+00 0.000000000000000000e+00 0.000000000000000000e+00 5.000000000000000278e-02 5.000000000000000278e-02 2.500000000000000139e-02 5.000000000000000278e-02 2.500000000000000139e-02 5.000000000000000278e-02
0.000000000000000000e+00 0.000000000000000000e+00 0.000000000000000000e+00 0.000000000000000000e+00 0.000000000000000000e+00 0.000000000000000000e+00 0.000000000000000000e+00 0.000000000000000000e+00 0.000000000000000000e+00 0.000000000000000000e+00 0.000000000000000000e+00 0.000000000000000000e+00 0.000000000000000000e+00 2.500000000000000139e-02 0.000000000000000000e+00 5.000000000000000278e-02 5.000000000000000278e-02 5.000000000000000278e-02 0.000000000000000000e+00 5.000000000000000278e-02
0.000000000000000000e+00 0.000000000000000000e+00 0.000000000000000000e+00 0.000000000000000000e+00 0.000000000000000000e+00 0.000000000000000000e+00 0.000000000000000000e+00 0.000000000000000000e+00 0.000000000000000000e+00 0.000000000000000000e+00 0.000000000000000000e+00 0.000000000000000000e+00 0.000000000000000000e+00 0.000000000000000000e+00 2.500000000000000139e-02 0.000000000000000000e+00 0.000000000000000000e+00 5.000000000000000278e-02 7.500000000000001110e-02 2.500000000000000139e-02
0.000000000000000000e+00 0.000000000000000000e+00 0.000000000000000000e+00 0.000000000000000000e+00 0.000000000000000000e+00 0.000000000000000000e+00 0.000000000000000000e+00 0.000000000000000000e+00 0.000000000000000000e+00 0.000000000000000000e+00 0.000000000000000000e+00 0.000000000000000000e+00 0.000000000000000000e+00 0.000000000000000000e+00 0.000000000000000000e+00 0.000000000000000000e+00 2.500000000000000139e-02 5.000000000000000278e-02 7.500000000000001110e-02 7.500000000000001110e-02
0.000000000000000000e+00 0.000000000000000000e+00 0.000000000000000000e+00 0.000000000000000000e+00 0.000000000000000000e+00 0.000000000000000000e+00 0.000000000000000000e+00 0.000000000000000000e+00 0.000000000000000000e+00 0.000000000000000000e+00 0.000000000000000000e+00 0.000000000000000000e+00 0.000000000000000000e+00 0.000000000000000000e+00 2.500000000000000139e-02 5.000000000000000278e-02 2.500000000000000139e-02 2.500000000000000139e-02 5.000000000000000278e-02 5.000000000000000278e-02
0.000000000000000000e+00 0.000000000000000000e+00 0.000000000000000000e+00 0.000000000000000000e+00 0.000000000000000000e+00 0.000000000000000000e+00 0.000000000000000000e+00 0.000000000000000000e+00 0.000000000000000000e+00 0.000000000000000000e+00 0.000000000000000000e+00 0.000000000000000000e+00 0.000000000000000000e+00 0.000000000000000000e+00 0.000000000000000000e+00 0.000000000000000000e+00 2.500000000000000139e-02 5.000000000000000278e-02 2.500000000000000139e-02 0.000000000000000000e+00
0.000000000000000000e+00 0.000000000000000000e+00 0.000000000000000000e+00 0.000000000000000000e+00 0.000000000000000000e+00 0.000000000000000000e+00 0.000000000000000000e+00 0.000000000000000000e+00 0.000000000000000000e+00 0.000000000000000000e+00 0.000000000000000000e+00 0.000000000000000000e+00 0.000000000000000000e+00 0.000000000000000000e+00 0.000000000000000000e+00 0.000000000000000000e+00 2.500000000000000139e-02 0.000000000000000000e+00 7.500000000000001110e-02 1.000000000000000056e-01
0.000000000000000000e+00 0.000000000000000000e+00 0.000000000000000000e+00 0.000000000000000000e+00 0.000000000000000000e+00 0.000000000000000000e+00 0.000000000000000000e+00 0.000000000000000000e+00 0.000000000000000000e+00 0.000000000000000000e+00 0.000000000000000000e+00 0.000000000000000000e+00 0.000000000000000000e+00 0.000000000000000000e+00 0.000000000000000000e+00 0.000000000000000000e+00 0.000000000000000000e+00 2.500000000000000139e-02 2.500000000000000139e-02 0.000000000000000000e+00
0.000000000000000000e+00 0.000000000000000000e+00 0.000000000000000000e+00 0.000000000000000000e+00 0.000000000000000000e+00 0.000000000000000000e+00 0.000000000000000000e+00 0.000000000000000000e+00 0.000000000000000000e+00 0.000000000000000000e+00 0.000000000000000000e+00 0.000000000000000000e+00 0.000000000000000000e+00 0.000000000000000000e+00 0.000000000000000000e+00 2.500000000000000139e-02 0.000000000000000000e+00 2.500000000000000139e-02 2.500000000000000139e-02 1.250000000000000000e-01
0.000000000000000000e+00 0.000000000000000000e+00 0.000000000000000000e+00 0.000000000000000000e+00 0.000000000000000000e+00 0.000000000000000000e+00 0.000000000000000000e+00 0.000000000000000000e+00 0.000000000000000000e+00 0.000000000000000000e+00 0.000000000000000000e+00 0.000000000000000000e+00 0.000000000000000000e+00 0.000000000000000000e+00 0.000000000000000000e+00 0.000000000000000000e+00 2.500000000000000139e-02 0.000000000000000000e+00 0.000000000000000000e+00 2.500000000000000139e-02
0.000000000000000000e+00 0.000000000000000000e+00 0.000000000000000000e+00 0.000000000000000000e+00 0.000000000000000000e+00 0.000000000000000000e+00 0.000000000000000000e+00 0.000000000000000000e+00 0.000000000000000000e+00 0.000000000000000000e+00 0.000000000000000000e+00 0.000000000000000000e+00 0.000000000000000000e+00 0.000000000000000000e+00 0.000000000000000000e+00 0.000000000000000000e+00 0.000000000000000000e+00 0.000000000000000000e+00 2.500000000000000139e-02 0.000000000000000000e+00
0.000000000000000000e+00 0.000000000000000000e+00 0.000000000000000000e+00 0.000000000000000000e+00 0.000000000000000000e+00 0.000000000000000000e+00 0.000000000000000000e+00 0.000000000000000000e+00 0.000000000000000000e+00 0.000000000000000000e+00 0.000000000000000000e+00 0.000000000000000000e+00 0.000000000000000000e+00 0.000000000000000000e+00 0.000000000000000000e+00 0.000000000000000000e+00 0.000000000000000000e+00 2.500000000000000139e-02 0.000000000000000000e+00 0.000000000000000000e+00
0.000000000000000000e+00 0.000000000000000000e+00 0.000000000000000000e+00 0.000000000000000000e+00 0.000000000000000000e+00 0.000000000000000000e+00 0.000000000000000000e+00 0.000000000000000000e+00 0.000000000000000000e+00 0.000000000000000000e+00 0.000000000000000000e+00 0.000000000000000000e+00 0.000000000000000000e+00 0.000000000000000000e+00 0.000000000000000000e+00 0.000000000000000000e+00 0.000000000000000000e+00 0.000000000000000000e+00 2.500000000000000139e-02 2.500000000000000139e-02
0.000000000000000000e+00 0.000000000000000000e+00 0.000000000000000000e+00 0.000000000000000000e+00 0.000000000000000000e+00 0.000000000000000000e+00 0.000000000000000000e+00 0.000000000000000000e+00 0.000000000000000000e+00 0.000000000000000000e+00 0.000000000000000000e+00 0.000000000000000000e+00 0.000000000000000000e+00 0.000000000000000000e+00 0.000000000000000000e+00 0.000000000000000000e+00 0.000000000000000000e+00 0.000000000000000000e+00 0.000000000000000000e+00 5.000000000000000278e-02
