7.016621270781815602e-04 7.365134246351720234e-04 7.730957732130631400e-04 8.114951534738963201e-04 8.518018167072998912e-04 8.941104969509800849e-04 9.385206336471497036e-04 9.851366053582289936e-04 1.034067975091111430e-03 1.085429747806598713e-03 1.139342640719231579e-03 1.195933367022817455e-03 1.255334933708490610e-03 1.317686954175293886e-03 1.383135976368009192e-03 1.451835827213469876e-03 1.523947974164901846e-03 1.599641904704031696e-03 1.679095524692928235e-03 1.762495576511834573e-03
4.624500000000000455e+02 4.549750000000000796e+02 4.480750000000001023e+02 4.393249999999999318e+02 4.319000000000000341e+02 4.231750000000000682e+02 4.145499999999998977e+02 4.064750000000001933e+02 3.995499999999999545e+02 3.921250000000000568e+02 3.852749999999999204e+02 3.792500000000000568e+02 3.722749999999999773e+02 3.653499999999999659e+02 3.588750000000000000e+02 3.516750000000000114e+02 3.449500000000000455e+02 3.377250000000000227e+02 3.322999999999999545e+02 3.255250000000000341e+02
6.717500000000000000e+02 6.695499999999999545e+02 6.659750000000001364e+02 6.657500000000000000e+02 6.639500000000000455e+02 6.643750000000000000e+02 6.638499999999999091e+02 6.623999999999999773e+02 6.613750000000000000e+02 6.604499999999999318e+02 6.578499999999997954e+02 6.552500000000001137e+02 6.535499999999999545e+02 6.519249999999999545e+02 6.497000000000000455e+02 6.477749999999999773e+02 6.455000000000000000e+02 6.441249999999997726e+02 6.415750000000000455e+02 6.400000000000001137e+02
4.053499999999999091e+02 4.074249999999998977e+02 4.111749999999999545e+02 4.123250000000000455e+02 4.144999999999999432e+02 4.150749999999999318e+02 4.168500000000000227e+02 4.195500000000000114e+02 4.194250000000000114e+02 4.203999999999999773e+02 4.235500000000000682e+02 4.249499999999999318e+02 4.265999999999999659e+02 4.270749999999999318e+02 4.294500000000000455e+02 4.322500000000000568e+02 4.343749999999999432e+02 4.360000000000000000e+02 4.378999999999999204e+02 4.379750000000001364e+02
1.978750000000000568e+02 1.996999999999999886e+02 2.024999999999999716e+02 2.050250000000000057e+02 2.065000000000000000e+02 2.087499999999999716e+02 2.121499999999999488e+02 2.134000000000000341e+02 2.162250000000000512e+02 2.176499999999999488e+02 2.199999999999999432e+02 2.211999999999999886e+02 2.231750000000000398e+02 2.269749999999999943e+02 2.274999999999999432e+02 2.288750000000000000e+02 2.300750000000000171e+02 2.306750000000000114e+02 2.305000000000000568e+02 2.352750000000000625e+02
9.580000000000001137e+01 9.765000000000001990e+01 9.772500000000003695e+01 9.984999999999998010e+01 1.009249999999999972e+02 1.022250000000000227e+02 1.028000000000000114e+02 1.043750000000000000e+02 1.060249999999999915e+02 1.084749999999999943e+02 1.089500000000000171e+02 1.103500000000000227e+02 1.109249999999999972e+02 1.115250000000000341e+02 1.128500000000000369e+02 1.145499999999999972e+02 1.165499999999999972e+02 1.183749999999999858e+02 1.200500000000000114e+02 1.197499999999999716e+02
5.242500000000000426e+01 5.287500000000000000e+01 5.437500000000000711e+01 5.379999999999998295e+01 5.535000000000000853e+01 5.610000000000001563e+01 5.654999999999999716e+01 5.737500000000000000e+01 5.762500000000000711e+01 5.814999999999999858e+01 5.852499999999998437e+01 6.040000000000001279e+01 6.100000000000000000e+01 6.162500000000000711e+01 6.312500000000000000e+01 6.322499999999998721e+01 6.350000000000000000e+01 6.572500000000000853e+01 6.657500000000000284e+01 6.710000000000000853e+01
3.002500000000000213e+01 3.115000000000000213e+01 3.052500000000001279e+01 3.192500000000000071e+01 3.212500000000000000e+01 3.277500000000000568e+01 3.454999999999999716e+01 3.487500000000000000e+01 3.560000000000000142e+01 3.569999999999999574e+01 3.739999999999999147e+01 3.730000000000001137e+01 3.807500000000000284e+01 3.817499999999999005e+01 3.939999999999999858e+01 3.949999999999999289e+01 3.967500000000000426e+01 4.044999999999999574e+01 4.100000000000000000e+01 4.185000000000000142e+01
1.982499999999999574e+01 1.997499999999999076e+01 2.065000000000000568e+01 2.179999999999999716e+01 2.185000000000000142e+01 2.280000000000000426e+01 2.167499999999998650e+01 2.255000000000000426e+01 2.322500000000000497e+01 2.375000000000000711e+01 2.334999999999998721e+01 2.407499999999999929e+01 2.500000000000000000e+01 2.504999999999999716e+01 2.500000000000000000e+01 2.524999999999999645e+01 2.644999999999999929e+01 2.580000000000000071e+01 2.650000000000000000e+01 2.609999999999999787e+01
1.344999999999999929e+01 1.379999999999999893e+01 1.442499999999999538e+01 1.412500000000000355e+01 1.509999999999999432e+01 1.472500000000000497e+01 1.489999999999999858e+01 1.562500000000000000e+01 1.577500000000000036e+01 1.615000000000000213e+01 1.660000000000000142e+01 1.604999999999999361e+01 1.667499999999999716e+01 1.792500000000000426e+01 1.760000000000000142e+01 1.857500000000000284e+01 1.864999999999999858e+01 1.884999999999999432e+01 1.867499999999999361e+01 1.955000000000000071e+01
9.550000000000002487e+00 9.900000000000000355e+00 1.009999999999999787e+01 9.675000000000000711e+00 1.027500000000000213e+01 1.077499999999999858e+01 1.142499999999999893e+01 1.119999999999999929e+01 1.102500000000000036e+01 1.169999999999999929e+01 1.162500000000000178e+01 1.237500000000000000e+01 1.202500000000000036e+01 1.300000000000000000e+01 1.340000000000000391e+01 1.302500000000000036e+01 1.327500000000000036e+01 1.369999999999999751e+01 1.442500000000000071e+01 1.472499999999999787e+01
7.500000000000000000e+00 7.524999999999999467e+00 7.074999999999998401e+00 7.599999999999999645e+00 7.350000000000002309e+00 7.374999999999997335e+00 7.700000000000001954e+00 7.674999999999998046e+00 8.875000000000000000e+00 8.899999999999998579e+00 8.374999999999998224e+00 9.475000000000001421e+00 9.424999999999998934e+00 8.574999999999997513e+00 9.149999999999998579e+00 1.002499999999999858e+01 1.022499999999999964e+01 1.005000000000000071e+01 1.067499999999999893e+01 1.077499999999999858e+01
5.724999999999999645e+00 5.849999999999998757e+00 6.275000000000001243e+00 6.424999999999999822e+00 6.349999999999998757e+00 6.449999999999999289e+00 6.474999999999999645e+00 6.925000000000001599e+00 6.049999999999999822e+00 6.350000000000001421e+00 7.074999999999998401e+00 6.300000000000001599e+00 7.325000000000000178e+00 7.525000000000001243e+00 7.649999999999998579e+00 7.400000000000003020e+00 7.349999999999999645e+00 8.400000000000000355e+00 7.624999999999998224e+00 8.475000000000001421e+00
4.400000000000000355e+00 4.600000000000000533e+00 4.725000000000000533e+00 4.825000000000001066e+00 5.149999999999999467e+00 5.500000000000000000e+00 4.749999999999999112e+00 5.199999999999999289e+00 5.499999999999999112e+00 5.424999999999998934e+00 5.274999999999998579e+00 5.599999999999998757e+00 5.600000000000000533e+00 5.324999999999998401e+00 5.424999999999999822e+00 5.399999999999999467e+00 6.149999999999998579e+00 5.849999999999999645e+00 6.850000000000000533e+00 6.399999999999999467e+00
4.174999999999999822e+00 4.050000000000000711e+00 4.400000000000000355e+00 4.249999999999999112e+00 4.249999999999999112e+00 4.450000000000001066e+00 4.799999999999999822e+00 4.425000000000001599e+00 4.224999999999999645e+00 4.199999999999998401e+00 4.824999999999999289e+00 5.000000000000000888e+00 4.375000000000000000e+00 4.899999999999999467e+00 4.874999999999999112e+00 4.900000000000000355e+00 4.775000000000000355e+00 4.550000000000000711e+00 4.400000000000000355e+00 5.100000000000000533e+00
2.999999999999999556e+00 3.074999999999999734e+00 3.225000000000000533e+00 3.324999999999999734e+00 3.199999999999999289e+00 3.650000000000000355e+00 3.650000000000000355e+00 3.975000000000000977e+00 4.125000000000000000e+00 4.074999999999999289e+00 3.825000000000000178e+00 3.150000000000000355e+00 3.949999999999999734e+00 3.999999999999999112e+00 4.174999999999999822e+00 4.300000000000000711e+00 4.000000000000000888e+00 4.299999999999998934e+00 4.424999999999999822e+00 4.125000000000000888e+00
2.500000000000000444e+00 2.750000000000000444e+00 3.149999999999999023e+00 2.924999999999999822e+00 3.475000000000000089e+00 2.649999999999999467e+00 3.374999999999999556e+00 2.950000000000000178e+00 3.275000000000000355e+00 3.549999999999999822e+00 3.775000000000000355e+00 4.150000000000000355e+00 4.049999999999999822e+00 4.000000000000000888e+00 3.450000000000000622e+00 3.899999999999999911e+00 4.100000000000000533e+00 3.700000000000000178e+00 3.750000000000000000e+00 3.774999999999999911e+00
1.700000000000000178e+00 2.049999999999999822e+00 1.974999999999999867e+00 2.325000000000000622e+00 2.049999999999999378e+00 2.850000000000000533e+00 2.399999999999999023e+00 2.549999999999999822e+00 2.875000000000000888e+00 2.874999999999999556e+00 2.499999999999999556e+00 2.849999999999999645e+00 2.949999999999999734e+00 2.950000000000000622e+00 2.874999999999999556e+00 3.224999999999999201e+00 3.250000000000000000e+00 3.600000000000000533e+00 3.325000000000000178e+00 3.124999999999999556e+00
2.199999999999999289e+00 2.049999999999999378e+00 1.724999999999999867e+00 1.974999999999999645e+00 1.824999999999999956e+00 2.100000000000000089e+00 2.149999999999999467e+00 2.074999999999999734e+00 2.100000000000000089e+00 2.250000000000000000e+00 2.700000000000000178e+00 2.750000000000000000e+00 2.850000000000000089e+00 2.624999999999999556e+00 2.974999999999999201e+00 2.724999999999998757e+00 2.750000000000000000e+00 2.874999999999999112e+00 3.149999999999999467e+00 2.950000000000000178e+00
1.524999999999999689e+00 1.650000000000000355e+00 1.500000000000000000e+00 1.800000000000000044e+00 1.974999999999999423e+00 1.475000000000000089e+00 2.174999999999999822e+00 2.149999999999999911e+00 1.899999999999999467e+00 1.874999999999999778e+00 1.824999999999999289e+00 2.049999999999999822e+00 1.949999999999999734e+00 2.324999999999999734e+00 2.550000000000000266e+00 2.874999999999998668e+00 2.549999999999999378e+00 2.624999999999999556e+00 2.524999999999999911e+00 2.724999999999999645e+00
1.424999999999999822e+00 1.350000000000000311e+00 1.324999999999999734e+00 1.375000000000000222e+00 1.625000000000000000e+00 1.399999999999999911e+00 1.399999999999999911e+00 1.550000000000000044e+00 1.924999999999999600e+00 1.675000000000000044e+00 1.750000000000000222e+00 1.674999999999999600e+00 1.799999999999999822e+00 1.725000000000000089e+00 2.099999999999999645e+00 1.875000000000000000e+00 1.999999999999999778e+00 2.174999999999999378e+00 2.275000000000000799e+00 2.424999999999998934e+00
1.125000000000000222e+00 1.175000000000000266e+00 1.349999999999999645e+00 1.425000000000000266e+00 1.400000000000000133e+00 1.450000000000000178e+00 1.324999999999999956e+00 1.624999999999999778e+00 1.324999999999999956e+00 1.525000000000000133e+00 1.600000000000000533e+00 1.375000000000000000e+00 1.499999999999999334e+00 1.449999999999999734e+00 1.424999999999999822e+00 1.525000000000000577e+00 2.124999999999999556e+00 1.599999999999999867e+00 1.949999999999999956e+00 1.824999999999999289e+00
9.250000000000003775e-01 1.199999999999999734e+00 1.224999999999999867e+00 1.000000000000000222e+00 1.174999999999999822e+00 1.299999999999999822e+00 1.574999999999999956e+00 1.275000000000000133e+00 1.250000000000000000e+00 1.399999999999999689e+00 1.400000000000000133e+00 1.625000000000000000e+00 1.275000000000000133e+00 1.625000000000000222e+00 1.299999999999999600e+00 1.475000000000000089e+00 1.275000000000000133e+00 1.500000000000000000e+00 1.674999999999999822e+00 1.749999999999999778e+00
8.000000000000003775e-01 7.750000000000002442e-01 1.025000000000000355e+00 1.024999999999999911e+00 8.250000000000001776e-01 1.175000000000000266e+00 8.500000000000003109e-01 1.000000000000000444e+00 1.025000000000000133e+00 1.374999999999999778e+00 1.175000000000000266e+00 1.600000000000000533e+00 1.675000000000000044e+00 1.300000000000000044e+00 1.375000000000000222e+00 1.374999999999999778e+00 1.075000000000000178e+00 1.425000000000000044e+00 1.225000000000000311e+00 1.799999999999999822e+00
9.750000000000003109e-01 1.025000000000000133e+00 1.050000000000000488e+00 1.075000000000000178e+00 1.175000000000000266e+00 1.100000000000000089e+00 1.175000000000000044e+00 1.325000000000000178e+00 1.324999999999999956e+00 1.250000000000000000e+00 1.099999999999999867e+00 1.025000000000000133e+00 1.050000000000000266e+00 1.199999999999999512e+00 1.275000000000000133e+00 1.399999999999999689e+00 1.425000000000000044e+00 1.399999999999999689e+00 1.500000000000000000e+00 9.250000000000001554e-01
7.500000000000002220e-01 5.500000000000000444e-01 7.250000000000003109e-01 8.250000000000002887e-01 8.500000000000003109e-01 8.000000000000003775e-01 8.750000000000001110e-01 7.750000000000003553e-01 9.750000000000005329e-01 7.999999999999999334e-01 1.100000000000000089e+00 1.000000000000000222e+00 1.175000000000000044e+00 1.175000000000000266e+00 1.099999999999999867e+00 8.500000000000001998e-01 1.125000000000000222e+00 1.225000000000000311e+00 1.000000000000000000e+00 1.100000000000000311e+00
5.500000000000001554e-01 4.750000000000001998e-01 5.000000000000001110e-01 6.750000000000001554e-01 6.750000000000002665e-01 8.500000000000003109e-01 7.750000000000002442e-01 8.000000000000002665e-01 8.500000000000001998e-01 7.250000000000003109e-01 1.075000000000000178e+00 7.000000000000001776e-01 8.750000000000002220e-01 8.000000000000002665e-01 1.099999999999999867e+00 1.025000000000000133e+00 1.150000000000000133e+00 9.750000000000003109e-01 1.199999999999999956e+00 1.199999999999999956e+00
2.999999999999999889e-01 5.500000000000000444e-01 5.500000000000001554e-01 6.250000000000001110e-01 6.500000000000001332e-01 5.500000000000001554e-01 6.750000000000002665e-01 7.250000000000001998e-01 9.000000000000003553e-01 8.250000000000001776e-01 7.250000000000001998e-01 9.250000000000002665e-01 7.500000000000002220e-01 1.174999999999999822e+00 8.750000000000004441e-01 8.750000000000001110e-01 9.500000000000002887e-01 1.125000000000000000e+00 1.300000000000000488e+00 1.124999999999999778e+00
2.749999999999999667e-01 3.250000000000000111e-01 3.000000000000000444e-01 4.500000000000000666e-01 5.250000000000001332e-01 5.750000000000001776e-01 7.250000000000001998e-01 6.500000000000002442e-01 4.500000000000001776e-01 8.000000000000001554e-01 7.250000000000003109e-01 9.250000000000001554e-01 7.000000000000001776e-01 7.250000000000001998e-01 1.100000000000000089e+00 1.050000000000000044e+00 8.000000000000003775e-01 6.250000000000002220e-01 6.750000000000002665e-01 9.500000000000003997e-01
3.500000000000000333e-01 4.249999999999999889e-01 4.250000000000000444e-01 1.999999999999999833e-01 5.000000000000001110e-01 4.500000000000000111e-01 4.250000000000000999e-01 5.500000000000001554e-01 6.500000000000000222e-01 5.500000000000000444e-01 6.500000000000001332e-01 5.500000000000002665e-01 8.000000000000002665e-01 7.750000000000002442e-01 8.500000000000003109e-01 9.000000000000003553e-01 9.000000000000004663e-01 9.000000000000002442e-01 8.750000000000001110e-01 1.000000000000000000e+00
2.999999999999999889e-01 2.999999999999999889e-01 1.749999999999999889e-01 3.750000000000000555e-01 2.999999999999999889e-01 4.500000000000000666e-01 4.000000000000000777e-01 5.000000000000001110e-01 5.250000000000001332e-01 6.000000000000003109e-01 4.250000000000000999e-01 6.000000000000001998e-01 5.250000000000001332e-01 8.000000000000003775e-01 7.500000000000001110e-01 5.500000000000001554e-01 7.750000000000003553e-01 6.750000000000000444e-01 8.750000000000003331e-01 6.250000000000000000e-01
1.499999999999999944e-01 2.499999999999999722e-01 3.500000000000000888e-01 2.999999999999999889e-01 4.250000000000000999e-01 3.499999999999999778e-01 2.999999999999999889e-01 4.000000000000000777e-01 5.500000000000000444e-01 5.750000000000002887e-01 5.500000000000000444e-01 7.500000000000003331e-01 7.250000000000003109e-01 5.750000000000000666e-01 4.000000000000001332e-01 6.750000000000002665e-01 6.750000000000001554e-01 9.000000000000002442e-01 6.500000000000002442e-01 6.750000000000002665e-01
1.999999999999999833e-01 1.999999999999999833e-01 2.749999999999999667e-01 2.499999999999999722e-01 2.500000000000000000e-01 4.250000000000000999e-01 4.249999999999999889e-01 3.500000000000000333e-01 3.750000000000000555e-01 4.500000000000000666e-01 5.500000000000000444e-01 4.000000000000000777e-01 5.250000000000001332e-01 6.750000000000001554e-01 5.500000000000001554e-01 6.500000000000002442e-01 6.250000000000001110e-01 7.000000000000002887e-01 7.250000000000001998e-01 7.750000000000001332e-01
1.499999999999999944e-01 1.749999999999999889e-01 1.250000000000000000e-01 3.500000000000000333e-01 2.249999999999999778e-01 3.000000000000000444e-01 3.250000000000000111e-01 5.500000000000001554e-01 3.000000000000000444e-01 3.249999999999999556e-01 4.000000000000000777e-01 5.000000000000001110e-01 6.000000000000001998e-01 3.750000000000000555e-01 5.250000000000001332e-01 6.000000000000003109e-01 6.500000000000001332e-01 5.000000000000002220e-01 6.750000000000000444e-01 6.750000000000002665e-01
1.000000000000000056e-01 1.000000000000000056e-01 2.999999999999999889e-01 1.500000000000000222e-01 1.749999999999999889e-01 2.249999999999999778e-01 4.000000000000000777e-01 2.249999999999999778e-01 3.499999999999999778e-01 3.999999999999999667e-01 3.500000000000000333e-01 3.000000000000000444e-01 3.750000000000001110e-01 5.750000000000000666e-01 5.750000000000001776e-01 6.000000000000001998e-01 6.500000000000000222e-01 6.750000000000001554e-01 6.750000000000002665e-01 6.250000000000002220e-01
1.250000000000000000e-01 1.000000000000000056e-01 2.499999999999999722e-01 1.499999999999999944e-01 1.749999999999999889e-01 2.500000000000000000e-01 1.250000000000000000e-01 2.500000000000000000e-01 4.000000000000000777e-01 3.500000000000000333e-01 3.750000000000000000e-01 2.999999999999999889e-01 2.250000000000000056e-01 3.250000000000000111e-01 2.999999999999999889e-01 6.000000000000001998e-01 5.000000000000001110e-01 5.500000000000000444e-01 5.000000000000000000e-01 4.750000000000000888e-01
5.000000000000000278e-02 1.000000000000000056e-01 1.250000000000000000e-01 1.250000000000000000e-01 2.249999999999999778e-01 1.250000000000000000e-01 2.749999999999999667e-01 2.499999999999999722e-01 2.999999999999999889e-01 2.000000000000000111e-01 3.750000000000000000e-01 3.500000000000000333e-01 2.749999999999999667e-01 2.500000000000000000e-01 4.000000000000000777e-01 2.499999999999999722e-01 4.000000000000000222e-01 4.750000000000001998e-01 4.250000000000000999e-01 5.750000000000001776e-01
7.500000000000001110e-02 5.000000000000000278e-02 1.250000000000000000e-01 0.000000000000000000e+00 1.000000000000000056e-01 1.999999999999999833e-01 1.250000000000000000e-01 3.000000000000000444e-01 1.999999999999999833e-01 1.499999999999999944e-01 2.750000000000000222e-01 2.499999999999999722e-01 2.999999999999999889e-01 3.250000000000000666e-01 3.750000000000001110e-01 2.249999999999999778e-01 4.500000000000000666e-01 3.250000000000000111e-01 3.500000000000000333e-01 5.250000000000001332e-01
5.000000000000000278e-02 1.000000000000000056e-01 2.500000000000000139e-02 1.499999999999999944e-01 7.500000000000001110e-02 5.000000000000000278e-02 1.499999999999999944e-01 1.999999999999999833e-01 3.250000000000000111e-01 2.499999999999999722e-01 1.999999999999999833e-01 4.000000000000000777e-01 4.000000000000000777e-01 3.250000000000000111e-01 2.750000000000000222e-01 3.250000000000000666e-01 1.499999999999999944e-01 4.250000000000000999e-01 2.499999999999999722e-01 3.500000000000000888e-01
0.000000000000000000e+00 7.500000000000001110e-02 0.000000000000000000e+00 1.000000000000000056e-01 1.000000000000000056e-01 1.000000000000000056e-01 1.250000000000000000e-01 1.499999999999999944e-01 1.000000000000000056e-01 2.249999999999999778e-01 1.500000000000000222e-01 3.250000000000000666e-01 2.749999999999999667e-01 4.000000000000000777e-01 1.749999999999999889e-01 2.249999999999999778e-01 4.500000000000000666e-01 4.250000000000000999e-01 3.250000000000000666e-01 2.749999999999999667e-01
0.000000000000000000e+00 0.000000000000000000e+00 5.000000000000000278e-02 2.500000000000000139e-02 5.000000000000000278e-02 1.499999999999999944e-01 1.499999999999999944e-01 1.250000000000000000e-01 1.250000000000000000e-01 3.499999999999999778e-01 1.000000000000000056e-01 1.999999999999999833e-01 3.250000000000000111e-01 1.250000000000000000e-01 4.000000000000000222e-01 2.499999999999999722e-01 3.500000000000000333e-01 3.750000000000001110e-01 3.250000000000000666e-01 2.750000000000000222e-01
0.000000000000000000e+00 0.000000000000000000e+00 2.500000000000000139e-02 2.500000000000000139e-02 1.000000000000000056e-01 7.500000000000001110e-02 1.499999999999999944e-01 1.000000000000000056e-01 1.999999999999999833e-01 2.000000000000000111e-01 7.500000000000001110e-02 1.250000000000000000e-01 2.249999999999999778e-01 3.250000000000000111e-01 2.499999999999999722e-01 3.499999999999999778e-01 2.500000000000000000e-01 2.500000000000000000e-01 3.750000000000000555e-01 3.499999999999999778e-01
0.000000000000000000e+00 0.000000000000000000e+00 2.500000000000000139e-02 7.500000000000001110e-02 5.000000000000000278e-02 1.000000000000000056e-01 1.000000000000000056e-01 5.000000000000000278e-02 1.250000000000000000e-01 1.000000000000000056e-01 1.749999999999999889e-01 1.499999999999999944e-01 1.749999999999999889e-01 1.000000000000000056e-01 1.499999999999999944e-01 2.500000000000000000e-01 2.249999999999999778e-01 1.250000000000000000e-01 4.250000000000000444e-01 4.500000000000001776e-01
2.500000000000000139e-02 2.500000000000000139e-02 0.000000000000000000e+00 0.000000000000000000e+00 5.000000000000000278e-02 7.500000000000001110e-02 2.500000000000000139e-02 2.500000000000000139e-02 1.999999999999999833e-01 7.500000000000001110e-02 1.999999999999999833e-01 1.749999999999999889e-01 1.499999999999999944e-01 1.749999999999999889e-01 2.249999999999999778e-01 1.749999999999999889e-01 1.749999999999999889e-01 1.749999999999999889e-01 2.249999999999999778e-01 2.500000000000000000e-01
2.500000000000000139e-02 2.500000000000000139e-02 2.500000000000000139e-02 1.250000000000000000e-01 5.000000000000000278e-02 0.000000000000000000e+00 2.500000000000000139e-02 5.000000000000000278e-02 0.000000000000000000e+00 1.000000000000000056e-01 1.499999999999999944e-01 7.500000000000001110e-02 1.749999999999999889e-01 1.500000000000000222e-01 1.499999999999999944e-01 1.499999999999999944e-01 2.499999999999999722e-01 2.499999999999999722e-01 2.500000000000000000e-01 3.000000000000000444e-01
2.500000000000000139e-02 0.000000000000000000e+00 2.500000000000000139e-02 0.000000000000000000e+00 2.500000000000000139e-02 2.500000000000000139e-02 7.500000000000001110e-02 0.000000000000000000e+00 2.500000000000000139e-02 1.000000000000000056e-01 1.499999999999999944e-01 1.499999999999999944e-01 2.249999999999999778e-01 1.000000000000000056e-01 1.749999999999999889e-01 1.999999999999999833e-01 1.000000000000000056e-01 2.000000000000000111e-01 1.250000000000000000e-01 2.750000000000000222e-01
0.000000000000000000e+00 5.000000000000000278e-02 0.000000000000000000e+00 0.000000000000000000e+00 5.000000000000000278e-02 2.500000000000000139e-02 5.000000000000000278e-02 1.250000000000000000e-01 2.500000000000000139e-02 7.500000000000001110e-02 1.499999999999999944e-01 2.499999999999999722e-01 1.000000000000000056e-01 1.999999999999999833e-01 2.500000000000000139e-02 1.250000000000000000e-01 1.499999999999999944e-01 1.999999999999999833e-01 2.750000000000000222e-01 2.249999999999999778e-01
0.000000000000000000e+00 0.000000000000000000e+00 2.500000000000000139e-02 5.000000000000000278e-02 0.000000000000000000e+00 2.500000000000000139e-02 2.500000000000000139e-02 7.500000000000001110e-02 2.500000000000000139e-02 1.000000000000000056e-01 7.500000000000001110e-02 5.000000000000000278e-02 7.500000000000001110e-02 1.499999999999999944e-01 1.999999999999999833e-01 2.000000000000000111e-01 1.749999999999999889e-01 1.250000000000000000e-01 1.999999999999999833e-01 2.000000000000000111e-01
0.000000000000000000e+00 0.000000000000000000e+00 0.000000000000000000e+00 0.000000000000000000e+00 2.500000000000000139e-02 5.000000000000000278e-02 2.500000000000000139e-02 1.000000000000000056e-01 7.500000000000001110e-02 5.000000000000000278e-02 1.499999999999999944e-01 7.500000000000001110e-02 7.500000000000001110e-02 2.999999999999999889e-01 2.249999999999999778e-01 3.499999999999999778e-01 1.749999999999999889e-01 1.749999999999999889e-01 2.749999999999999667e-01 1.749999999999999889e-01
2.500000000000000139e-02 0.000000000000000000e+00 0.000000000000000000e+00 0.000000000000000000e+00 2.500000000000000139e-02 0.000000000000000000e+00 0.000000000000000000e+00 7.500000000000001110e-02 5.000000000000000278e-02 7.500000000000001110e-02 1.250000000000000000e-01 5.000000000000000278e-02 1.500000000000000222e-01 1.499999999999999944e-01 1.749999999999999889e-01 2.000000000000000111e-01 2.249999999999999778e-01 1.999999999999999833e-01 1.000000000000000056e-01 1.000000000000000056e-01
0.000000000000000000e+00 0.000000000000000000e+00 0.000000000000000000e+00 2.500000000000000139e-02 0.000000000000000000e+00 2.500000000000000139e-02 7.500000000000001110e-02 2.500000000000000139e-02 1.250000000000000000e-01 0.000000000000000000e+00 1.000000000000000056e-01 1.000000000000000056e-01 1.250000000000000000e-01 1.000000000000000056e-01 2.249999999999999778e-01 2.500000000000000139e-02 1.749999999999999889e-01 1.750000000000000167e-01 1.000000000000000056e-01 1.250000000000000000e-01
0.000000000000000000e+00 0.000000000000000000e+00 2.500000000000000139e-02 0.000000000000000000e+00 0.000000000000000000e+00 0.000000000000000000e+00 0.000000000000000000e+00 0.000000000000000000e+00 5.000000000000000278e-02 0.000000000000000000e+00 5.000000000000000278e-02 5.000000000000000278e-02 5.000000000000000278e-02 7.500000000000001110e-02 1.000000000000000056e-01 1.749999999999999889e-01 1.250000000000000000e-01 1.749999999999999889e-01 7.500000000000001110e-02 1.999999999999999833e-01
0.000000000000000000e+00 0.000000000000000000e+00 0.000000000000000000e+00 0.000000000000000000e+00 0.000000000000000000e+00 0.000000000000000000e+00 0.000000000000000000e+00 0.000000000000000000e+00 0.000000000000000000e+00 2.500000000000000139e-02 2.500000000000000139e-02 5.000000000000000278e-02 1.000000000000000056e-01 1.000000000000000056e-01 1.000000000000000056e-01 1.250000000000000000e-01 1.749999999999999889e-01 1.500000000000000222e-01 2.500000000000000139e-02 1.999999999999999833e-01
0.000000000000000000e+00 0.000000000000000000e+00 0.000000000000000000e+00 0.000000000000000000e+00 2.500000000000000139e-02 2.500000000000000139e-02 0.000000000000000000e+00 2.500000000000000139e-02 2.500000000000000139e-02 2.500000000000000139e-02 2.500000000000000139e-02 2.500000000000000139e-02 5.000000000000000278e-02 2.500000000000000139e-02 1.000000000000000056e-01 2.000000000000000111e-01 7.500000000000001110e-02 1.250000000000000000e-01 2.000000000000000111e-01 2.500000000000000139e-02
0.000000000000000000e+00 0.000000000000000000e+00 0.000000000000000000e+00 0.000000000000000000e+00 0.000000000000000000e+00 0.000000000000000000e+00 5.000000000000000278e-02 0.000000000000000000e+00 0.000000000000000000e+00 5.000000000000000278e-02 0.000000000000000000e+00 1.000000000000000056e-01 7.500000000000001110e-02 5.000000000000000278e-02 7.500000000000001110e-02 1.250000000000000000e-01 5.000000000000000278e-02 1.999999999999999833e-01 1.749999999999999889e-01 1.499999999999999944e-01
0.000000000000000000e+00 0.000000000000000000e+00 0.000000000000000000e+00 0.000000000000000000e+00 0.000000000000000000e+00 2.500000000000000139e-02 0.000000000000000000e+00 0.000000000000000000e+00 2.500000000000000139e-02 2.500000000000000139e-02 2.500000000000000139e-02 5.000000000000000278e-02 7.500000000000001110e-02 5.000000000000000278e-02 2.500000000000000139e-02 2.500000000000000139e-02 1.749999999999999889e-01 1.000000000000000056e-01 1.250000000000000000e-01 1.749999999999999889e-01
0.000000000000000000e+00 0.000000000000000000e+00 0.000000000000000000e+00 0.000000000000000000e+00 0.000000000000000000e+00 0.000000000000000000e+00 0.000000000000000000e+00 0.000000000000000000e+00 0.000000000000000000e+00 2.500000000000000139e-02 5.000000000000000278e-02 1.000000000000000056e-01 1.000000000000000056e-01 1.000000000000000056e-01 7.500000000000001110e-02 7.500000000000001110e-02 1.250000000000000000e-01 1.499999999999999944e-01 1.250000000000000000e-01 1.499999999999999944e-01
0.000000000000000000e+00 0.000000000000000000e+00 0.000000000000000000e+00 0.000000000000000000e+00 0.000000000000000000e+00 0.000000000000000000e+00 0.000000000000000000e+00 2.500000000000000139e-02 2.500000000000000139e-02 2.500000000000000139e-02 2.500000000000000139e-02 5.000000000000000278e-02 0.000000000000000000e+00 2.500000000000000139e-02 2.500000000000000139e-02 5.000000000000000278e-02 1.000000000000000056e-01 1.499999999999999944e-01 1.749999999999999889e-01 1.250000000000000000e-01
0.000000000000000000e+00 0.000000000000000000e+00 0.000000000000000000e+00 0.000000000000000000e+00 0.000000000000000000e+00 0.000000000000000000e+00 2.500000000000000139e-02 0.000000000000000000e+00 2.500000000000000139e-02 5.000000000000000278e-02 0.000000000000000000e+00 0.000000000000000000e+00 0.000000000000000000e+00 2.500000000000000139e-02 2.500000000000000139e-02 5.000000000000000278e-02 7.500000000000001110e-02 2.500000000000000139e-02 7.500000000000001110e-02 1.500000000000000222e-01
0.000000000000000000e+00 0.000000000000000000e+00 0.000000000000000000e+00 0.000000000000000000e+00 0.000000000000000000e+00 0.000000000000000000e+00 0.000000000000000000e+00 0.000000000000000000e+00 0.000000000000000000e+00 0.000000000000000000e+00 0.000000000000000000e+00 0.000000000000000000e+00 5.000000000000000278e-02 5.000000000000000278e-02 7.500000000000001110e-02 7.500000000000001110e-02 2.500000000000000139e-02 7.500000000000001110e-02 1.250000000000000000e-01 7.500000000000001110e-02
0.000000000000000000e+00 0.000000000000000000e+00 0.000000000000000000e+00 0.000000000000000000e+00 0.000000000000000000e+00 0.000000000000000000e+00 0.000000000000000000e+00 0.000000000000000000e+00 0.000000000000000000e+00 0.000000000000000000e+00 0.000000000000000000e+00 0.000000000000000000e+00 0.000000000000000000e+00 5.000000000000000278e-02 7.500000000000001110e-02 5.000000000000000278e-02 7.500000000000001110e-02 7.500000000000001110e-02 1.000000000000000056e-01 5.000000000000000278e-02
0.000000000000000000e+00 0.000000000000000000e+00 0.000000000000000000e+00 0.000000000000000000e+00 0.000000000000000000e+00 0.000000000000000000e+00 0.000000000000000000e+00 0.000000000000000000e+00 0.000000000000000000e+00 2.500000000000000139e-02 2.500000000000000139e-02 0.000000000000000000e+00 2.500000000000000139e-02 0.000000000000000000e+00 2.500000000000000139e-02 5.000000000000000278e-02 7.500000000000001110e-02 7.500000000000001110e-02 2.500000000000000139e-02 1.000000000000000056e-01
0.000000000000000000e+00 0.000000000000000000e+00 0.000000000000000000e+00 0.000000000000000000e+00 0.000000000000000000e+00 0.000000000000000000e+00 0.000000000000000000e+00 0.000000000000000000e+00 0.000000000000000000e+00 0.000000000000000000e+00 2.500000000000000139e-02 2.500000000000000139e-02 0.000000000000000000e+00 0.000000000000000000e+00 2.500000000000000139e-02 0.000000000000000000e+00 5.000000000000000278e-02 5.000000000000000278e-02 1.749999999999999889e-01 1.499999999999999944e-01
0.000000000000000000e+00 0.000000000000000000e+00 0.000000000000000000e+00 0.000000000000000000e+00 0.000000000000000000e+00 0.000000000000000000e+00 0.000000000000000000e+00 0.000000000000000000e+00 0.000000000000000000e+00 0.000000000000000000e+00 0.000000000000000000e+00 0.000000000000000000e+00 0.000000000000000000e+00 5.000000000000000278e-02 1.000000000000000056e-01 0.000000000000000000e+00 0.000000000000000000e+00 2.500000000000000139e-02 1.000000000000000056e-01 2.500000000000000139e-02
0.000000000000000000e+00 0.000000000000000000e+00 0.000000000000000000e+00 0.000000000000000000e+00 0.000000000000000000e+00 0.000000000000000000e+00 0.000000000000000000e+00 0.000000000000000000e+00 0.000000000000000000e+00 0.000000000000000000e+00 5.000000000000000278e-02 2.500000000000000139e-02 2.500000000000000139e-02 5.000000000000000278e-02 5.000000000000000278e-02 5.000000000000000278e-02 2.500000000000000139e-02 5.000000000000000278e-02 5.000000000000000278e-02 2.500000000000000139e-02
0.000000000000000000e+00 0.000000000000000000e+00 0.000000000000000000e+00 0.000000000000000000e+00 0.000000000000000000e+00 0.000000000000000000e+00 0.000000000000000000e+00 0.000000000000000000e+00 0.000000000000000000e+00 0.000000000000000000e+00 0.000000000000000000e+00 2.500000000000000139e-02 0.000000000000000000e+00 0.000000000000000000e+00 0.000000000000000000e+00 2.500000000000000139e-02 7.500000000000001110e-02 5.000000000000000278e-02 2.500000000000000139e-02 1.250000000000000000e-01
0.000000000000000000e+00 0.000000000000000000e+00 0.000000000000000000e+00 0.000000000000000000e+00 0.000000000000000000e+00 0.000000000000000000e+00 0.000000000000000000e+00 0.000000000000000000e+00 0.000000000000000000e+00 2.500000000000000139e-02 0.000000000000000000e+00 0.000000000000000000e+00 2.500000000000000139e-02 0.000000000000000000e+00 2.500000000000000139e-02 0.000000000000000000e+00 5.000000000000000278e-02 2.500000000000000139e-02 5.000000000000000278e-02 2.500000000000000139e-02
0.000000000000000000e+00 0.000000000000000000e+00 0.000000000000000000e+00 0.000000000000000000e+00 0.000000000000000000e+00 0.000000000000000000e+00 0.000000000000000000e+00 0.000000000000000000e+00 0.000000000000000000e+00 0.000000000000000000e+00 0.000000000000000000e+00 0.000000000000000000e+00 2.500000000000000139e-02 0.000000000000000000e+00 0.000000000000000000e+00 5.000000000000000278e-02 5.000000000000000278e-02 5.000000000000000278e-02 5.000000000000000278e-02 1.000000000000000056e-01
0.000000000000000000e+00 0.000000000000000000e+00 0.000000000000000000e+00 0.000000000000000000e+00 0.000000000000000000e+00 0.000000000000000000e+00 0.000000000000000000e+00 0.000000000000000000e+00 0.000000000000000000e+00 0.000000000000000000e+00 0.000000000000000000e+00 0.000000000000000000e+00 0.000000000000000000e+00 0.000000000000000000e+00 0.000000000000000000e+00 0.000000000000000000e+00 5.000000000000000278e-02 5.000000000000000278e-02 5.000000000000000278e-02 2.500000000000000139e-02
0.000000000000000000e+00 0.000000000000000000e+00 0.000000000000000000e+00 0.000000000000000000e+00 0.000000000000000000e+00 0.000000000000000000e+00 0.000000000000000000e+00 0.000000000000000000e+00 0.000000000000000000e+00 0.000000000000000000e+00 0.000000000000000000e+00 0.000000000000000000e+00 0.000000000000000000e+00 0.000000000000000000e+00 0.000000000000000000e+00 2.500000000000000139e-02 0.000000000000000000e+00 2.500000000000000139e-02 1.000000000000000056e-01 1.250000000000000000e-01
0.000000000000000000e+00 0.000000000000000000e+00 0.000000000000000000e+00 0.000000000000000000e+00 0.000000000000000000e+00 0.000000000000000000e+00 0.000000000000000000e+00 0.000000000000000000e+00 0.000000000000000000e+00 0.000000000000000000e+00 0.000000000000000000e+00 0.000000000000000000e+00 0.000000000000000000e+00 2.500000000000000139e-02 2.500000000000000139e-02 0.000000000000000000e+00 0.000000000000000000e+00 2.500000000000000139e-02 5.000000000000000278e-02 5.000000000000000278e-02
0.000000000000000000e+00 0.000000000000000000e+00 0.000000000000000000e+00 0.000000000000000000e+00 0.000000000000000000e+00 0.000000000000000000e+00 0.000000000000000000e+00 0.000000000000000000e+00 0.000000000000000000e+00 0.000000000000000000e+00 0.000000000000000000e+00 0.000000000000000000e+00 0.000000000000000000e+00 0.000000000000000000e+00 2.500000000000000139e-02 2.500000000000000139e-02 0.000000000000000000e+00 0.000000000000000000e+00 0.000000000000000000e+00 2.500000000000000139e-02
0.000000000000000000e+00 0.000000000000000000e+00 0.000000000000000000e+00 0.000000000000000000e+00 0.000000000000000000e+00 0.000000000000000000e+00 0.000000000000000000e+00 0.000000000000000000e+00 0.000000000000000000e+00 0.000000000000000000e+00 0.000000000000000000e+00 0.000000000000000000e+00 0.000000000000000000e+00 0.000000000000000000e+00 0.000000000000000000e+00 0.000000000000000000e+00 2.500000000000000139e-02 7.500000000000001110e-02 2.500000000000000139e-02 2.500000000000000139e-02
0.000000000000000000e+00 0.000000000000000000e+00 0.000000000000000000e+00 0.000000000000000000e+00 0.000000000000000000e+00 0.000000000000000000e+00 0.000000000000000000e+00 0.000000000000000000e+00 0.000000000000000000e+00 0.000000000000000000e+00 0.000000000000000000e+00 0.000000000000000000e+00 0.000000000000000000e+00 2.500000000000000139e-02 0.000000000000000000e+00 0.000000000000000000e+00 2.500000000000000139e-02 0.000000000000000000e+00 0.000000000000000000e+00 0.000000000000000000e+00
0.000000000000000000e+00 0.000000000000000000e+00 0.000000000000000000e+00 0.000000000000000000e+00 0.000000000000000000e+00 0.000000000000000000e+00 0.000000000000000000e+00 0.000000000000000000e+00 0.000000000000000000e+00 0.000000000000000000e+00 0.000000000000000000e+00 0.000000000000000000e+00 0.000000000000000000e+00 0.000000000000000000e+00 0.000000000000000000e+00 5.000000000000000278e-02 0.000000000000000000e+00 0.000000000000000000e+00 5.000000000000000278e-02 5.000000000000000278e-02
0.000000000000000000e+00 0.000000000000000000e+00 0.000000000000000000e+00 0.000000000000000000e+00 0.000000000000000000e+00 0.000000000000000000e+00 0.000000000000000000e+00 0.000000000000000000e+00 0.000000000000000000e+00 0.000000000000000000e+00 0.000000000000000000e+00 0.000000000000000000e+00 0.000000000000000000e+00 0.000000000000000000e+00 0.000000000000000000e+00 0.000000000000000000e+00 0.000000000000000000e+00 0.000000000000000000e+00 0.000000000000000000e+00 2.500000000000000139e-02
0.000000000000000000e+00 0.000000000000000000e+00 0.000000000000000000e+00 0.000000000000000000e+00 0.000000000000000000e+00 0.000000000000000000e+00 0.000000000000000000e+00 0.000000000000000000e+00 0.000000000000000000e+00 0.000000000000000000e+00 0.000000000000000000e+00 0.000000000000000000e+00 0.000000000000000000e+00 0.000000000000000000e+00 0.000000000000000000e+00 0.000000000000000000e+00 0.000000000000000000e+00 2.500000000000000139e-02 2.500000000000000139e-02 5.000000000000000278e-02
0.000000000000000000e+00 0.000000000000000000e+00 0.000000000000000000e+00 0.000000000000000000e+00 0.000000000000000000e+00 0.000000000000000000e+00 0.000000000000000000e+00 0.000000000000000000e+00 0.000000000000000000e+00 0.000000000000000000e+00 0.000000000000000000e+00 0.000000000000000000e+00 0.000000000000000000e+00 0.000000000000000000e+00 0.000000000000000000e+00 0.000000000000000000e+00 0.000000000000000000e+00 0.000000000000000000e+00 0.000000000000000000e+00 2.500000000000000139e-02
0.000000000000000000e+00 0.000000000000000000e+00 0.000000000000000000e+00 0.000000000000000000e+00 0.000000000000000000e+00 0.000000000000000000e+00 0.000000000000000000e+00 0.000000000000000000e+00 0.000000000000000000e+00 0.000000000000000000e+00 0.000000000000000000e+00 0.000000000000000000e+00 0.000000000000000000e+00 0.000000000000000000e+00 0.000000000000000000e+00 0.000000000000000000e+00 0.000000000000000000e+00 2.500000000000000139e-02 0.000000000000000000e+00 2.500000000000000139e-02
0.000000000000000000e+00 0.000000000000000000e+00 0.000000000000000000e+00 0.000000000000000000e+00 0.000000000000000000e+00 0.000000000000000000e+00 0.000000000000000000e+00 0.000000000000000000e+00 0.000000000000000000e+00 0.000000000000000000e+00 0.000000000000000000e+00 0.000000000000000000e+00 0.000000000000000000e+00 0.000000000000000000e+00 0.000000000000000000e+00 0.000000000000000000e+00 2.500000000000000139e-02 0.000000000000000000e+00 0.000000000000000000e+00 0.000000000000000000e+00
0.000000000000000000e+00 0.000000000000000000e+00 0.000000000000000000e+00 0.000000000000000000e+00 0.000000000000000000e+00 0.000000000000000000e+00 0.000000000000000000e+00 0.000000000000000000e+00 0.000000000000000000e+00 0.000000000000000000e+00 0.000000000000000000e+00 0.000000000000000000e+00 0.000000000000000000e+00 0.000000000000000000e+00 0.000000000000000000e+00 0.000000000000000000e+00 0.000000000000000000e+00 0.000000000000000000e+00 0.000000000000000000e+00 2.500000000000000139e-02
