4.427188724235731477e-04 4.997578385556493766e-04 5.641455848280560459e-04 6.368289125805289214e-04 7.188766070412570168e-04 8.114951534738955611e-04 9.160464781598157830e-04 1.034067975091110128e-03 1.167295112860504847e-03 1.317686954175293886e-03 1.487454963251657507e-03 1.679095524692928235e-03 1.895426652031561741e-03 2.139629425722276539e-03 2.415294769918857522e-03 2.726476255872258524e-03 3.077749708407205142e-03 3.474280491971555238e-03 3.921899465678414624e-03 4.427188724235731586e-03
5.645499999999998408e+02 5.438750000000000000e+02 5.221500000000000909e+02 5.008000000000000682e+02 4.804750000000000227e+02 4.602500000000000000e+02 4.410249999999999773e+02 4.219749999999999091e+02 4.037750000000000909e+02 3.853000000000000114e+02 3.680999999999999659e+02 3.530749999999999318e+02 3.353750000000001137e+02 3.197500000000000000e+02 3.036500000000000341e+02 2.868750000000000000e+02 2.726000000000000227e+02 2.579750000000000227e+02 2.435250000000000625e+02 2.291250000000000568e+02
6.840750000000001592e+02 6.803249999999999318e+02 6.777500000000001137e+02 6.751750000000000682e+02 6.719500000000000455e+02 6.686999999999998181e+02 6.650750000000000455e+02 6.614250000000000682e+02 6.563999999999998636e+02 6.535499999999999545e+02 6.495499999999999545e+02 6.435000000000001137e+02 6.396749999999998408e+02 6.340249999999999773e+02 6.293999999999999773e+02 6.239000000000000909e+02 6.148000000000000682e+02 6.097999999999999545e+02 6.035749999999999318e+02 5.978250000000000455e+02
3.776249999999998863e+02 3.829249999999999545e+02 3.884500000000000455e+02 3.923249999999999886e+02 3.983499999999999659e+02 4.028999999999998636e+02 4.067750000000000341e+02 4.133000000000000114e+02 4.179250000000001251e+02 4.230250000000000909e+02 4.247250000000001364e+02 4.280999999999999659e+02 4.319750000000000796e+02 4.350250000000000341e+02 4.377250000000001364e+02 4.430250000000000909e+02 4.475249999999999773e+02 4.492500000000000568e+02 4.529750000000001364e+02 4.550749999999998181e+02
1.716500000000000057e+02 1.783000000000000398e+02 1.849749999999999659e+02 1.912999999999999829e+02 1.955000000000000000e+02 2.004499999999999886e+02 2.061749999999999829e+02 2.095749999999999886e+02 2.155249999999999488e+02 2.195250000000001194e+02 2.246749999999999829e+02 2.282249999999999375e+02 2.337999999999999545e+02 2.381250000000000000e+02 2.425250000000000341e+02 2.469499999999999886e+02 2.523499999999999659e+02 2.566999999999999886e+02 2.600000000000000000e+02 2.628750000000000568e+02
8.117500000000001137e+01 8.442499999999999716e+01 8.625000000000000000e+01 9.082499999999998863e+01 9.427499999999997726e+01 9.852499999999999147e+01 1.023750000000000000e+02 1.051749999999999972e+02 1.081749999999999829e+02 1.101999999999999886e+02 1.143750000000000142e+02 1.197750000000000057e+02 1.213249999999999886e+02 1.254250000000000256e+02 1.286999999999999886e+02 1.306250000000000284e+02 1.340000000000000284e+02 1.379999999999999716e+02 1.411250000000000000e+02 1.464000000000000057e+02
4.372500000000001563e+01 4.504999999999999716e+01 4.799999999999999289e+01 4.997499999999998721e+01 5.250000000000000711e+01 5.380000000000000426e+01 5.570000000000000284e+01 5.770000000000000995e+01 5.922500000000000142e+01 6.182500000000000284e+01 6.349999999999999289e+01 6.475000000000000000e+01 6.690000000000000568e+01 6.842500000000001137e+01 7.134999999999999432e+01 7.454999999999998295e+01 7.574999999999997158e+01 7.712499999999995737e+01 8.017500000000002558e+01 8.105000000000001137e+01
2.324999999999999645e+01 2.502500000000000213e+01 2.584999999999999432e+01 2.674999999999999289e+01 2.855000000000000782e+01 3.164999999999999503e+01 3.319999999999999574e+01 3.514999999999999858e+01 3.655000000000001137e+01 3.737499999999999289e+01 3.900000000000000000e+01 3.995000000000000995e+01 4.232500000000000995e+01 4.332500000000000284e+01 4.404999999999999716e+01 4.517500000000001137e+01 4.817499999999999716e+01 4.935000000000000853e+01 5.104999999999999716e+01 5.272499999999998010e+01
1.474999999999999822e+01 1.592500000000000071e+01 1.782500000000000284e+01 1.857499999999999929e+01 1.870000000000000284e+01 1.902500000000000213e+01 1.982499999999999574e+01 2.089999999999999147e+01 2.257499999999998863e+01 2.364999999999999858e+01 2.455000000000001137e+01 2.557499999999999574e+01 2.609999999999999787e+01 2.772500000000000142e+01 2.920000000000000284e+01 3.042499999999999716e+01 3.110000000000000142e+01 3.292500000000000426e+01 3.329999999999999716e+01 3.470000000000000284e+01
1.015000000000000213e+01 1.072500000000000142e+01 1.172500000000000142e+01 1.252499999999999858e+01 1.344999999999999396e+01 1.375000000000000000e+01 1.452499999999999680e+01 1.474999999999999645e+01 1.612499999999999645e+01 1.735000000000000142e+01 1.885000000000000142e+01 1.900000000000000711e+01 2.012500000000000000e+01 2.092500000000000426e+01 2.142500000000000071e+01 2.154999999999999716e+01 2.169999999999999574e+01 2.255000000000000071e+01 2.342500000000000071e+01 2.449999999999998579e+01
7.775000000000000355e+00 8.274999999999998579e+00 7.500000000000000000e+00 8.700000000000002842e+00 9.424999999999998934e+00 1.007499999999999929e+01 1.072500000000000142e+01 1.137500000000000178e+01 1.122499999999999787e+01 1.142500000000000249e+01 1.197499999999999787e+01 1.334999999999999964e+01 1.322500000000000142e+01 1.380000000000000249e+01 1.452500000000000036e+01 1.545000000000000107e+01 1.662499999999999645e+01 1.622499999999999432e+01 1.667500000000000071e+01 1.724999999999999645e+01
5.374999999999998224e+00 5.850000000000001421e+00 6.700000000000000178e+00 6.575000000000001066e+00 7.400000000000000355e+00 7.600000000000001421e+00 7.524999999999999467e+00 8.299999999999998934e+00 8.800000000000002487e+00 9.449999999999999289e+00 1.019999999999999929e+01 9.849999999999997868e+00 1.107499999999999929e+01 1.122500000000000142e+01 1.139999999999999858e+01 1.174999999999999822e+01 1.154999999999999716e+01 1.240000000000000391e+01 1.304999999999999893e+01 1.342500000000000071e+01
4.099999999999999645e+00 4.049999999999999822e+00 4.525000000000001243e+00 4.600000000000001421e+00 5.199999999999999289e+00 5.700000000000000178e+00 5.774999999999999467e+00 5.950000000000001066e+00 6.200000000000000178e+00 7.050000000000001599e+00 6.849999999999999645e+00 8.425000000000000711e+00 8.049999999999997158e+00 8.350000000000001421e+00 8.824999999999997513e+00 9.150000000000000355e+00 9.574999999999999289e+00 1.040000000000000036e+01 1.014999999999999858e+01 1.062500000000000178e+01
3.225000000000000977e+00 3.774999999999999911e+00 3.800000000000000711e+00 4.224999999999998757e+00 3.649999999999999911e+00 4.624999999999999112e+00 5.250000000000001776e+00 5.399999999999999467e+00 5.650000000000001243e+00 5.399999999999999467e+00 5.974999999999999645e+00 5.674999999999999822e+00 6.124999999999999112e+00 7.399999999999999467e+00 7.075000000000000178e+00 7.125000000000000000e+00 7.375000000000001776e+00 7.475000000000000533e+00 8.300000000000002487e+00 8.600000000000001421e+00
1.974999999999999867e+00 2.724999999999999201e+00 3.075000000000000178e+00 3.425000000000001599e+00 3.575000000000001066e+00 3.325000000000000622e+00 3.875000000000000000e+00 3.824999999999999734e+00 3.824999999999999734e+00 4.549999999999998934e+00 4.475000000000000533e+00 4.950000000000001954e+00 5.074999999999999289e+00 4.950000000000001066e+00 6.049999999999998934e+00 6.424999999999998934e+00 7.099999999999999645e+00 7.025000000000001243e+00 6.549999999999998934e+00 6.500000000000001776e+00
1.749999999999999778e+00 1.799999999999999822e+00 2.149999999999999911e+00 2.599999999999999645e+00 3.049999999999999822e+00 3.049999999999999378e+00 3.124999999999999556e+00 3.974999999999999645e+00 3.900000000000000355e+00 3.725000000000000533e+00 3.924999999999999378e+00 3.799999999999999822e+00 4.399999999999999467e+00 4.200000000000000178e+00 4.725000000000001421e+00 5.174999999999999822e+00 5.099999999999999645e+00 5.800000000000000711e+00 5.875000000000000000e+00 6.349999999999999645e+00
1.575000000000000178e+00 1.525000000000000577e+00 1.725000000000000311e+00 1.900000000000000133e+00 1.899999999999999911e+00 2.200000000000000178e+00 2.549999999999999822e+00 2.674999999999999822e+00 3.100000000000000977e+00 3.125000000000000000e+00 3.299999999999999822e+00 3.549999999999999378e+00 3.774999999999999467e+00 3.949999999999999289e+00 3.500000000000000444e+00 3.850000000000000089e+00 4.449999999999998401e+00 3.850000000000000089e+00 4.974999999999999645e+00 5.000000000000000000e+00
9.750000000000003109e-01 1.475000000000000089e+00 1.749999999999999778e+00 1.674999999999999600e+00 1.675000000000000044e+00 1.849999999999999423e+00 1.975000000000000089e+00 1.924999999999999600e+00 2.225000000000000089e+00 2.674999999999999822e+00 2.750000000000000000e+00 3.149999999999999911e+00 3.225000000000000089e+00 3.250000000000001332e+00 3.624999999999999556e+00 3.049999999999999822e+00 3.325000000000000178e+00 4.150000000000000355e+00 4.275000000000001243e+00 4.474999999999999645e+00
6.000000000000000888e-01 1.074999999999999956e+00 1.424999999999999822e+00 1.624999999999999334e+00 1.699999999999999734e+00 1.999999999999999778e+00 1.899999999999999689e+00 1.974999999999999867e+00 1.999999999999999334e+00 2.199999999999999289e+00 2.274999999999999023e+00 2.475000000000000533e+00 2.474999999999999645e+00 2.799999999999999822e+00 2.574999999999999289e+00 3.074999999999999289e+00 2.949999999999998401e+00 3.350000000000000089e+00 3.374999999999999556e+00 3.774999999999999023e+00
7.750000000000002442e-01 8.500000000000003109e-01 1.100000000000000089e+00 1.050000000000000044e+00 1.599999999999999867e+00 1.374999999999999778e+00 1.300000000000000266e+00 1.499999999999999556e+00 1.749999999999999556e+00 1.649999999999999911e+00 2.100000000000000089e+00 1.974999999999999423e+00 2.474999999999999645e+00 2.649999999999999467e+00 2.899999999999999467e+00 2.900000000000000355e+00 2.874999999999999556e+00 2.749999999999999556e+00 2.724999999999999645e+00 2.725000000000000089e+00
2.750000000000000222e-01 5.750000000000001776e-01 9.000000000000001332e-01 1.300000000000000044e+00 1.350000000000000089e+00 1.175000000000000266e+00 1.475000000000000089e+00 1.500000000000000000e+00 1.475000000000000311e+00 1.724999999999999645e+00 1.774999999999999911e+00 1.974999999999999867e+00 1.800000000000000044e+00 2.349999999999999645e+00 2.125000000000000000e+00 2.450000000000000178e+00 2.600000000000000533e+00 2.675000000000000711e+00 2.399999999999999911e+00 2.774999999999999911e+00
2.249999999999999778e-01 6.000000000000000888e-01 5.000000000000001110e-01 8.000000000000001554e-01 1.125000000000000000e+00 1.224999999999999867e+00 1.250000000000000000e+00 1.050000000000000266e+00 1.349999999999999645e+00 1.500000000000000444e+00 1.525000000000000133e+00 1.475000000000000089e+00 1.750000000000000000e+00 1.474999999999999867e+00 2.324999999999999734e+00 2.125000000000000444e+00 1.949999999999999956e+00 1.974999999999999867e+00 2.449999999999999289e+00 2.000000000000000444e+00
1.250000000000000000e-01 3.500000000000000333e-01 6.750000000000001554e-01 1.000000000000000222e+00 7.500000000000003331e-01 1.150000000000000355e+00 1.274999999999999911e+00 1.524999999999999911e+00 1.300000000000000044e+00 1.349999999999999867e+00 1.449999999999999734e+00 1.574999999999999734e+00 1.649999999999999689e+00 1.875000000000000000e+00 1.524999999999999689e+00 1.475000000000000311e+00 2.249999999999999556e+00 1.874999999999999778e+00 1.825000000000000400e+00 2.374999999999999556e+00
1.250000000000000000e-01 1.749999999999999889e-01 3.500000000000000888e-01 6.500000000000001332e-01 8.000000000000002665e-01 1.000000000000000222e+00 1.050000000000000266e+00 1.099999999999999867e+00 1.125000000000000222e+00 1.074999999999999956e+00 1.275000000000000355e+00 1.275000000000000133e+00 1.299999999999999822e+00 1.399999999999999689e+00 1.449999999999999956e+00 1.849999999999999867e+00 1.624999999999999778e+00 1.999999999999999778e+00 2.049999999999999822e+00 1.849999999999999645e+00
7.500000000000001110e-02 1.749999999999999889e-01 2.749999999999999667e-01 3.750000000000000555e-01 8.250000000000003997e-01 9.000000000000003553e-01 1.025000000000000355e+00 9.500000000000005107e-01 1.125000000000000000e+00 1.050000000000000266e+00 9.250000000000003775e-01 1.250000000000000222e+00 1.000000000000000222e+00 1.075000000000000178e+00 1.274999999999999689e+00 1.524999999999999689e+00 1.375000000000000222e+00 1.600000000000000089e+00 1.724999999999999423e+00 1.625000000000000000e+00
7.500000000000001110e-02 0.000000000000000000e+00 2.500000000000000000e-01 4.000000000000000222e-01 5.250000000000001332e-01 6.000000000000000888e-01 8.000000000000002665e-01 1.075000000000000400e+00 9.250000000000002665e-01 1.075000000000000400e+00 1.100000000000000089e+00 1.175000000000000266e+00 1.200000000000000178e+00 1.074999999999999956e+00 1.275000000000000577e+00 1.374999999999999556e+00 1.549999999999999378e+00 1.224999999999999867e+00 1.274999999999999911e+00 1.699999999999999067e+00
0.000000000000000000e+00 2.500000000000000139e-02 1.499999999999999944e-01 2.750000000000000222e-01 3.500000000000000888e-01 6.250000000000002220e-01 5.500000000000001554e-01 6.750000000000000444e-01 8.750000000000003331e-01 7.750000000000003553e-01 6.500000000000002442e-01 8.000000000000002665e-01 1.299999999999999600e+00 1.075000000000000400e+00 1.225000000000000089e+00 1.125000000000000444e+00 1.450000000000000178e+00 1.475000000000000089e+00 1.675000000000000711e+00 1.400000000000000133e+00
0.000000000000000000e+00 2.500000000000000139e-02 0.000000000000000000e+00 7.500000000000001110e-02 1.999999999999999833e-01 5.000000000000001110e-01 7.750000000000003553e-01 5.250000000000001332e-01 7.750000000000001332e-01 8.250000000000002887e-01 8.500000000000001998e-01 8.000000000000002665e-01 7.500000000000002220e-01 1.050000000000000266e+00 1.224999999999999867e+00 1.100000000000000089e+00 1.100000000000000311e+00 1.299999999999999600e+00 1.374999999999999556e+00 1.450000000000000178e+00
0.000000000000000000e+00 5.000000000000000278e-02 7.500000000000001110e-02 2.000000000000000111e-01 3.000000000000000444e-01 3.750000000000000555e-01 4.000000000000000777e-01 5.000000000000000000e-01 6.000000000000001998e-01 7.500000000000003331e-01 7.750000000000002442e-01 8.500000000000001998e-01 7.500000000000002220e-01 9.250000000000003775e-01 6.500000000000002442e-01 1.150000000000000355e+00 1.149999999999999911e+00 1.249999999999999556e+00 1.349999999999999645e+00 1.274999999999999689e+00
0.000000000000000000e+00 2.500000000000000139e-02 0.000000000000000000e+00 1.250000000000000000e-01 2.499999999999999722e-01 2.249999999999999778e-01 4.250000000000000999e-01 7.000000000000001776e-01 4.750000000000000888e-01 7.000000000000002887e-01 9.500000000000003997e-01 5.250000000000001332e-01 6.500000000000002442e-01 8.500000000000004219e-01 9.000000000000004663e-01 6.250000000000002220e-01 9.750000000000001998e-01 1.100000000000000311e+00 1.124999999999999778e+00 1.424999999999999822e+00
0.000000000000000000e+00 0.000000000000000000e+00 2.500000000000000139e-02 5.000000000000000278e-02 1.250000000000000000e-01 3.000000000000000444e-01 4.500000000000000666e-01 5.749999999999999556e-01 7.500000000000002220e-01 3.750000000000000555e-01 5.250000000000001332e-01 8.500000000000003109e-01 6.000000000000001998e-01 7.000000000000002887e-01 9.250000000000004885e-01 1.100000000000000311e+00 8.250000000000001776e-01 8.250000000000000666e-01 7.750000000000001332e-01 1.100000000000000089e+00
2.500000000000000139e-02 0.000000000000000000e+00 5.000000000000000278e-02 7.500000000000001110e-02 2.249999999999999778e-01 1.999999999999999833e-01 3.250000000000000111e-01 5.000000000000001110e-01 6.250000000000000000e-01 6.250000000000001110e-01 6.250000000000002220e-01 5.750000000000001776e-01 6.500000000000002442e-01 5.500000000000001554e-01 4.500000000000001776e-01 7.250000000000003109e-01 6.750000000000001554e-01 1.000000000000000444e+00 1.274999999999999911e+00 9.250000000000003775e-01
0.000000000000000000e+00 2.500000000000000139e-02 0.000000000000000000e+00 0.000000000000000000e+00 1.250000000000000000e-01 2.249999999999999778e-01 1.749999999999999889e-01 4.000000000000000777e-01 4.500000000000000666e-01 3.999999999999999667e-01 6.250000000000000000e-01 4.750000000000001443e-01 6.500000000000001332e-01 7.250000000000003109e-01 5.000000000000001110e-01 5.000000000000001110e-01 5.750000000000001776e-01 5.250000000000001332e-01 6.000000000000001998e-01 9.500000000000000666e-01
0.000000000000000000e+00 0.000000000000000000e+00 0.000000000000000000e+00 0.000000000000000000e+00 5.000000000000000278e-02 1.250000000000000000e-01 3.250000000000000111e-01 3.500000000000000333e-01 3.250000000000000666e-01 4.500000000000000111e-01 4.000000000000001332e-01 5.000000000000000000e-01 4.250000000000000999e-01 5.000000000000001110e-01 6.250000000000001110e-01 5.500000000000001554e-01 4.750000000000000888e-01 5.750000000000000666e-01 5.750000000000001776e-01 7.500000000000002220e-01
0.000000000000000000e+00 0.000000000000000000e+00 0.000000000000000000e+00 0.000000000000000000e+00 2.500000000000000139e-02 1.999999999999999833e-01 1.749999999999999889e-01 2.249999999999999778e-01 3.250000000000000111e-01 4.250000000000000444e-01 4.499999999999999556e-01 5.500000000000000444e-01 6.250000000000001110e-01 4.749999999999999778e-01 5.500000000000000444e-01 6.250000000000002220e-01 7.750000000000001332e-01 7.750000000000002442e-01 5.750000000000000666e-01 6.250000000000001110e-01
0.000000000000000000e+00 0.000000000000000000e+00 2.500000000000000139e-02 0.000000000000000000e+00 2.500000000000000139e-02 1.000000000000000056e-01 2.249999999999999778e-01 1.999999999999999833e-01 4.250000000000000444e-01 4.250000000000001554e-01 3.750000000000000555e-01 4.500000000000001221e-01 7.750000000000001332e-01 4.750000000000000333e-01 5.250000000000001332e-01 4.250000000000000444e-01 5.999999999999999778e-01 4.500000000000000111e-01 5.000000000000001110e-01 5.500000000000001554e-01
0.000000000000000000e+00 0.000000000000000000e+00 0.000000000000000000e+00 2.500000000000000139e-02 0.000000000000000000e+00 5.000000000000000278e-02 1.499999999999999944e-01 1.750000000000000167e-01 2.749999999999999667e-01 4.000000000000001332e-01 3.750000000000000000e-01 3.750000000000000555e-01 4.000000000000000777e-01 7.000000000000002887e-01 5.500000000000002665e-01 4.750000000000000888e-01 6.500000000000003553e-01 5.500000000000000444e-01 5.750000000000000666e-01 5.500000000000001554e-01
0.000000000000000000e+00 0.000000000000000000e+00 0.000000000000000000e+00 0.000000000000000000e+00 0.000000000000000000e+00 5.000000000000000278e-02 5.000000000000000278e-02 1.999999999999999833e-01 2.999999999999999889e-01 1.999999999999999833e-01 4.250000000000000999e-01 5.500000000000001554e-01 2.499999999999999722e-01 4.750000000000001443e-01 4.500000000000000666e-01 4.500000000000001221e-01 3.750000000000000555e-01 3.750000000000000555e-01 4.750000000000000888e-01 6.250000000000001110e-01
0.000000000000000000e+00 0.000000000000000000e+00 0.000000000000000000e+00 0.000000000000000000e+00 0.000000000000000000e+00 5.000000000000000278e-02 7.500000000000001110e-02 1.000000000000000056e-01 2.249999999999999778e-01 4.000000000000001332e-01 2.750000000000000222e-01 3.000000000000000999e-01 3.500000000000000333e-01 3.250000000000000111e-01 5.000000000000000000e-01 3.250000000000000111e-01 2.500000000000000000e-01 7.000000000000002887e-01 6.750000000000000444e-01 5.000000000000000000e-01
0.000000000000000000e+00 0.000000000000000000e+00 0.000000000000000000e+00 0.000000000000000000e+00 0.000000000000000000e+00 2.500000000000000139e-02 5.000000000000000278e-02 1.499999999999999944e-01 1.250000000000000000e-01 2.749999999999999667e-01 2.499999999999999722e-01 4.250000000000000444e-01 4.250000000000000444e-01 3.750000000000000555e-01 4.000000000000001887e-01 6.000000000000001998e-01 2.999999999999999889e-01 4.750000000000000888e-01 4.500000000000001776e-01 4.000000000000000777e-01
0.000000000000000000e+00 0.000000000000000000e+00 0.000000000000000000e+00 0.000000000000000000e+00 0.000000000000000000e+00 2.500000000000000139e-02 2.249999999999999778e-01 1.000000000000000056e-01 1.749999999999999889e-01 4.000000000000000222e-01 4.250000000000000999e-01 4.250000000000000999e-01 2.999999999999999889e-01 4.250000000000000999e-01 4.000000000000001332e-01 5.250000000000001332e-01 4.250000000000000444e-01 2.999999999999999889e-01 4.500000000000001221e-01 5.500000000000000444e-01
0.000000000000000000e+00 0.000000000000000000e+00 0.000000000000000000e+00 2.500000000000000139e-02 2.500000000000000139e-02 0.000000000000000000e+00 2.500000000000000139e-02 2.250000000000000056e-01 7.500000000000001110e-02 1.499999999999999944e-01 2.749999999999999667e-01 2.249999999999999778e-01 4.000000000000000222e-01 3.500000000000000333e-01 5.000000000000000000e-01 3.250000000000000111e-01 3.499999999999999778e-01 2.999999999999999889e-01 4.000000000000000777e-01 4.500000000000000666e-01
0.000000000000000000e+00 0.000000000000000000e+00 0.000000000000000000e+00 0.000000000000000000e+00 0.000000000000000000e+00 0.000000000000000000e+00 2.500000000000000139e-02 1.749999999999999889e-01 1.250000000000000000e-01 2.499999999999999722e-01 1.749999999999999889e-01 1.749999999999999889e-01 2.750000000000000222e-01 3.500000000000000888e-01 3.750000000000000555e-01 4.250000000000000444e-01 6.500000000000001332e-01 3.750000000000000000e-01 3.500000000000000333e-01 3.750000000000000000e-01
0.000000000000000000e+00 0.000000000000000000e+00 0.000000000000000000e+00 0.000000000000000000e+00 0.000000000000000000e+00 2.500000000000000139e-02 0.000000000000000000e+00 2.500000000000000139e-02 2.249999999999999778e-01 2.499999999999999722e-01 2.999999999999999889e-01 2.999999999999999889e-01 2.749999999999999667e-01 2.749999999999999667e-01 3.500000000000000333e-01 5.000000000000001110e-01 3.250000000000000666e-01 4.250000000000000444e-01 2.499999999999999722e-01 3.750000000000000555e-01
0.000000000000000000e+00 0.000000000000000000e+00 0.000000000000000000e+00 0.000000000000000000e+00 0.000000000000000000e+00 0.000000000000000000e+00 0.000000000000000000e+00 2.500000000000000139e-02 5.000000000000000278e-02 1.250000000000000000e-01 2.250000000000000056e-01 2.750000000000000222e-01 1.749999999999999889e-01 2.499999999999999722e-01 1.749999999999999889e-01 3.750000000000000555e-01 4.250000000000000444e-01 3.249999999999999556e-01 3.250000000000000111e-01 3.750000000000000555e-01
0.000000000000000000e+00 0.000000000000000000e+00 0.000000000000000000e+00 0.000000000000000000e+00 0.000000000000000000e+00 0.000000000000000000e+00 2.500000000000000139e-02 5.000000000000000278e-02 1.250000000000000000e-01 1.000000000000000056e-01 1.499999999999999944e-01 2.249999999999999778e-01 2.999999999999999889e-01 3.000000000000000999e-01 2.750000000000000222e-01 2.250000000000000056e-01 3.000000000000000444e-01 3.500000000000000888e-01 5.250000000000001332e-01 2.249999999999999778e-01
0.000000000000000000e+00 0.000000000000000000e+00 0.000000000000000000e+00 0.000000000000000000e+00 0.000000000000000000e+00 0.000000000000000000e+00 0.000000000000000000e+00 2.500000000000000139e-02 1.500000000000000222e-01 1.000000000000000056e-01 1.749999999999999889e-01 1.749999999999999889e-01 1.749999999999999889e-01 2.249999999999999778e-01 4.000000000000000222e-01 1.250000000000000000e-01 2.749999999999999667e-01 5.000000000000000000e-01 2.999999999999999889e-01 4.000000000000000777e-01
0.000000000000000000e+00 0.000000000000000000e+00 0.000000000000000000e+00 0.000000000000000000e+00 0.000000000000000000e+00 0.000000000000000000e+00 0.000000000000000000e+00 5.000000000000000278e-02 5.000000000000000278e-02 1.000000000000000056e-01 2.249999999999999778e-01 1.499999999999999944e-01 3.499999999999999778e-01 1.999999999999999833e-01 1.499999999999999944e-01 4.000000000000000777e-01 4.000000000000000777e-01 2.750000000000000222e-01 5.000000000000001110e-01 3.499999999999999778e-01
0.000000000000000000e+00 0.000000000000000000e+00 0.000000000000000000e+00 0.000000000000000000e+00 0.000000000000000000e+00 0.000000000000000000e+00 0.000000000000000000e+00 0.000000000000000000e+00 7.500000000000001110e-02 7.500000000000001110e-02 2.499999999999999722e-01 1.499999999999999944e-01 2.750000000000000222e-01 1.999999999999999833e-01 1.250000000000000000e-01 1.499999999999999944e-01 1.999999999999999833e-01 2.999999999999999889e-01 4.750000000000000333e-01 1.749999999999999889e-01
0.000000000000000000e+00 0.000000000000000000e+00 0.000000000000000000e+00 0.000000000000000000e+00 0.000000000000000000e+00 0.000000000000000000e+00 0.000000000000000000e+00 0.000000000000000000e+00 7.500000000000001110e-02 1.250000000000000000e-01 1.250000000000000000e-01 1.499999999999999944e-01 1.749999999999999889e-01 2.249999999999999778e-01 4.000000000000000222e-01 2.499999999999999722e-01 1.999999999999999833e-01 2.499999999999999722e-01 1.499999999999999944e-01 4.000000000000000777e-01
0.000000000000000000e+00 0.000000000000000000e+00 0.000000000000000000e+00 0.000000000000000000e+00 0.000000000000000000e+00 0.000000000000000000e+00 0.000000000000000000e+00 0.000000000000000000e+00 5.000000000000000278e-02 1.499999999999999944e-01 1.499999999999999944e-01 2.999999999999999889e-01 1.999999999999999833e-01 1.250000000000000000e-01 1.499999999999999944e-01 2.999999999999999889e-01 2.999999999999999889e-01 2.749999999999999667e-01 2.249999999999999778e-01 3.250000000000000666e-01
0.000000000000000000e+00 0.000000000000000000e+00 0.000000000000000000e+00 0.000000000000000000e+00 0.000000000000000000e+00 0.000000000000000000e+00 0.000000000000000000e+00 0.000000000000000000e+00 2.500000000000000139e-02 5.000000000000000278e-02 1.499999999999999944e-01 1.749999999999999889e-01 1.749999999999999889e-01 1.749999999999999889e-01 1.749999999999999889e-01 1.500000000000000222e-01 1.999999999999999833e-01 2.749999999999999667e-01 2.249999999999999778e-01 3.500000000000000333e-01
0.000000000000000000e+00 0.000000000000000000e+00 0.000000000000000000e+00 0.000000000000000000e+00 0.000000000000000000e+00 0.000000000000000000e+00 0.000000000000000000e+00 0.000000000000000000e+00 0.000000000000000000e+00 1.250000000000000000e-01 1.000000000000000056e-01 1.250000000000000000e-01 1.999999999999999833e-01 3.500000000000000888e-01 2.750000000000000222e-01 2.249999999999999778e-01 1.250000000000000000e-01 1.999999999999999833e-01 1.250000000000000000e-01 2.500000000000000000e-01
0.000000000000000000e+00 0.000000000000000000e+00 0.000000000000000000e+00 0.000000000000000000e+00 0.000000000000000000e+00 0.000000000000000000e+00 0.000000000000000000e+00 0.000000000000000000e+00 0.000000000000000000e+00 7.500000000000001110e-02 5.000000000000000278e-02 1.750000000000000167e-01 1.000000000000000056e-01 2.500000000000000000e-01 1.000000000000000056e-01 1.499999999999999944e-01 2.749999999999999667e-01 1.499999999999999944e-01 4.000000000000000222e-01 3.000000000000000444e-01
0.000000000000000000e+00 0.000000000000000000e+00 0.000000000000000000e+00 0.000000000000000000e+00 0.000000000000000000e+00 0.000000000000000000e+00 0.000000000000000000e+00 0.000000000000000000e+00 0.000000000000000000e+00 2.500000000000000139e-02 7.500000000000001110e-02 2.000000000000000111e-01 2.499999999999999722e-01 1.749999999999999889e-01 1.000000000000000056e-01 2.749999999999999667e-01 1.749999999999999889e-01 1.749999999999999889e-01 1.499999999999999944e-01 2.500000000000000000e-01
0.000000000000000000e+00 0.000000000000000000e+00 0.000000000000000000e+00 0.000000000000000000e+00 0.000000000000000000e+00 0.000000000000000000e+00 0.000000000000000000e+00 0.000000000000000000e+00 0.000000000000000000e+00 5.000000000000000278e-02 1.000000000000000056e-01 1.000000000000000056e-01 7.500000000000001110e-02 1.000000000000000056e-01 3.250000000000000111e-01 1.000000000000000056e-01 1.499999999999999944e-01 1.499999999999999944e-01 2.749999999999999667e-01 1.999999999999999833e-01
0.000000000000000000e+00 0.000000000000000000e+00 0.000000000000000000e+00 0.000000000000000000e+00 0.000000000000000000e+00 0.000000000000000000e+00 0.000000000000000000e+00 0.000000000000000000e+00 0.000000000000000000e+00 0.000000000000000000e+00 2.500000000000000139e-02 7.500000000000001110e-02 1.749999999999999889e-01 1.499999999999999944e-01 1.749999999999999889e-01 1.000000000000000056e-01 1.499999999999999944e-01 2.749999999999999667e-01 7.500000000000001110e-02 1.749999999999999889e-01
0.000000000000000000e+00 0.000000000000000000e+00 0.000000000000000000e+00 0.000000000000000000e+00 0.000000000000000000e+00 0.000000000000000000e+00 0.000000000000000000e+00 0.000000000000000000e+00 0.000000000000000000e+00 0.000000000000000000e+00 7.500000000000001110e-02 1.000000000000000056e-01 1.000000000000000056e-01 1.749999999999999889e-01 1.749999999999999889e-01 1.250000000000000000e-01 1.500000000000000222e-01 1.000000000000000056e-01 1.999999999999999833e-01 2.000000000000000111e-01
0.000000000000000000e+00 0.000000000000000000e+00 0.000000000000000000e+00 0.000000000000000000e+00 0.000000000000000000e+00 0.000000000000000000e+00 0.000000000000000000e+00 0.000000000000000000e+00 0.000000000000000000e+00 0.000000000000000000e+00 5.000000000000000278e-02 7.500000000000001110e-02 1.000000000000000056e-01 1.499999999999999944e-01 1.999999999999999833e-01 3.000000000000000444e-01 2.500000000000000000e-01 1.999999999999999833e-01 2.249999999999999778e-01 1.999999999999999833e-01
0.000000000000000000e+00 0.000000000000000000e+00 0.000000000000000000e+00 0.000000000000000000e+00 0.000000000000000000e+00 0.000000000000000000e+00 0.000000000000000000e+00 0.000000000000000000e+00 0.000000000000000000e+00 0.000000000000000000e+00 1.000000000000000056e-01 1.000000000000000056e-01 1.499999999999999944e-01 1.000000000000000056e-01 1.499999999999999944e-01 1.499999999999999944e-01 1.749999999999999889e-01 2.000000000000000111e-01 1.749999999999999889e-01 2.249999999999999778e-01
0.000000000000000000e+00 0.000000000000000000e+00 0.000000000000000000e+00 0.000000000000000000e+00 0.000000000000000000e+00 0.000000000000000000e+00 0.000000000000000000e+00 0.000000000000000000e+00 0.000000000000000000e+00 0.000000000000000000e+00 2.500000000000000139e-02 1.000000000000000056e-01 7.500000000000001110e-02 1.749999999999999889e-01 1.749999999999999889e-01 1.749999999999999889e-01 1.000000000000000056e-01 1.999999999999999833e-01 2.500000000000000000e-01 2.249999999999999778e-01
0.000000000000000000e+00 0.000000000000000000e+00 0.000000000000000000e+00 0.000000000000000000e+00 0.000000000000000000e+00 0.000000000000000000e+00 0.000000000000000000e+00 0.000000000000000000e+00 0.000000000000000000e+00 0.000000000000000000e+00 2.500000000000000139e-02 5.000000000000000278e-02 1.250000000000000000e-01 1.000000000000000056e-01 5.000000000000000278e-02 1.250000000000000000e-01 2.499999999999999722e-01 1.000000000000000056e-01 7.500000000000001110e-02 1.500000000000000222e-01
0.000000000000000000e+00 0.000000000000000000e+00 0.000000000000000000e+00 0.000000000000000000e+00 0.000000000000000000e+00 0.000000000000000000e+00 0.000000000000000000e+00 0.000000000000000000e+00 0.000000000000000000e+00 0.000000000000000000e+00 0.000000000000000000e+00 2.500000000000000139e-02 1.000000000000000056e-01 1.499999999999999944e-01 1.000000000000000056e-01 2.499999999999999722e-01 1.750000000000000167e-01 2.249999999999999778e-01 1.000000000000000056e-01 1.749999999999999889e-01
0.000000000000000000e+00 0.000000000000000000e+00 0.000000000000000000e+00 0.000000000000000000e+00 0.000000000000000000e+00 0.000000000000000000e+00 0.000000000000000000e+00 0.000000000000000000e+00 0.000000000000000000e+00 0.000000000000000000e+00 0.000000000000000000e+00 5.000000000000000278e-02 1.000000000000000056e-01 1.499999999999999944e-01 2.499999999999999722e-01 2.249999999999999778e-01 1.499999999999999944e-01 1.250000000000000000e-01 1.000000000000000056e-01 1.499999999999999944e-01
0.000000000000000000e+00 0.000000000000000000e+00 0.000000000000000000e+00 0.000000000000000000e+00 0.000000000000000000e+00 0.000000000000000000e+00 0.000000000000000000e+00 0.000000000000000000e+00 0.000000000000000000e+00 0.000000000000000000e+00 0.000000000000000000e+00 7.500000000000001110e-02 1.000000000000000056e-01 1.000000000000000056e-01 1.250000000000000000e-01 2.500000000000000139e-02 1.250000000000000000e-01 5.000000000000000278e-02 1.250000000000000000e-01 5.000000000000000278e-02
0.000000000000000000e+00 0.000000000000000000e+00 0.000000000000000000e+00 0.000000000000000000e+00 0.000000000000000000e+00 0.000000000000000000e+00 0.000000000000000000e+00 0.000000000000000000e+00 0.000000000000000000e+00 0.000000000000000000e+00 0.000000000000000000e+00 7.500000000000001110e-02 0.000000000000000000e+00 1.000000000000000056e-01 1.000000000000000056e-01 5.000000000000000278e-02 5.000000000000000278e-02 2.500000000000000000e-01 2.749999999999999667e-01 1.999999999999999833e-01
0.000000000000000000e+00 0.000000000000000000e+00 0.000000000000000000e+00 0.000000000000000000e+00 0.000000000000000000e+00 0.000000000000000000e+00 0.000000000000000000e+00 0.000000000000000000e+00 0.000000000000000000e+00 0.000000000000000000e+00 0.000000000000000000e+00 0.000000000000000000e+00 1.250000000000000000e-01 2.500000000000000139e-02 1.250000000000000000e-01 7.500000000000001110e-02 1.999999999999999833e-01 5.000000000000000278e-02 1.499999999999999944e-01 5.000000000000000278e-02
0.000000000000000000e+00 0.000000000000000000e+00 0.000000000000000000e+00 0.000000000000000000e+00 0.000000000000000000e+00 0.000000000000000000e+00 0.000000000000000000e+00 0.000000000000000000e+00 0.000000000000000000e+00 0.000000000000000000e+00 0.000000000000000000e+00 2.500000000000000139e-02 5.000000000000000278e-02 1.000000000000000056e-01 1.000000000000000056e-01 7.500000000000001110e-02 1.000000000000000056e-01 1.999999999999999833e-01 1.000000000000000056e-01 1.250000000000000000e-01
0.000000000000000000e+00 0.000000000000000000e+00 0.000000000000000000e+00 0.000000000000000000e+00 0.000000000000000000e+00 0.000000000000000000e+00 0.000000000000000000e+00 0.000000000000000000e+00 0.000000000000000000e+00 0.000000000000000000e+00 0.000000000000000000e+00 0.000000000000000000e+00 1.000000000000000056e-01 1.250000000000000000e-01 1.000000000000000056e-01 2.249999999999999778e-01 1.250000000000000000e-01 1.000000000000000056e-01 1.750000000000000167e-01 1.000000000000000056e-01
0.000000000000000000e+00 0.000000000000000000e+00 0.000000000000000000e+00 0.000000000000000000e+00 0.000000000000000000e+00 0.000000000000000000e+00 0.000000000000000000e+00 0.000000000000000000e+00 0.000000000000000000e+00 0.000000000000000000e+00 0.000000000000000000e+00 0.000000000000000000e+00 0.000000000000000000e+00 7.500000000000001110e-02 2.500000000000000139e-02 1.999999999999999833e-01 1.749999999999999889e-01 1.000000000000000056e-01 7.500000000000001110e-02 1.250000000000000000e-01
0.000000000000000000e+00 0.000000000000000000e+00 0.000000000000000000e+00 0.000000000000000000e+00 0.000000000000000000e+00 0.000000000000000000e+00 0.000000000000000000e+00 0.000000000000000000e+00 0.000000000000000000e+00 0.000000000000000000e+00 0.000000000000000000e+00 2.500000000000000139e-02 7.500000000000001110e-02 2.500000000000000139e-02 7.500000000000001110e-02 2.250000000000000056e-01 1.499999999999999944e-01 1.750000000000000167e-01 5.000000000000000278e-02 1.499999999999999944e-01
0.000000000000000000e+00 0.000000000000000000e+00 0.000000000000000000e+00 0.000000000000000000e+00 0.000000000000000000e+00 0.000000000000000000e+00 0.000000000000000000e+00 0.000000000000000000e+00 0.000000000000000000e+00 0.000000000000000000e+00 0.000000000000000000e+00 0.000000000000000000e+00 5.000000000000000278e-02 7.500000000000001110e-02 1.499999999999999944e-01 5.000000000000000278e-02 7.500000000000001110e-02 1.499999999999999944e-01 1.250000000000000000e-01 1.250000000000000000e-01
0.000000000000000000e+00 0.000000000000000000e+00 0.000000000000000000e+00 0.000000000000000000e+00 0.000000000000000000e+00 0.000000000000000000e+00 0.000000000000000000e+00 0.000000000000000000e+00 0.000000000000000000e+00 0.000000000000000000e+00 0.000000000000000000e+00 0.000000000000000000e+00 2.500000000000000139e-02 0.000000000000000000e+00 1.250000000000000000e-01 1.000000000000000056e-01 1.250000000000000000e-01 7.500000000000001110e-02 1.499999999999999944e-01 7.500000000000001110e-02
0.000000000000000000e+00 0.000000000000000000e+00 0.000000000000000000e+00 0.000000000000000000e+00 0.000000000000000000e+00 0.000000000000000000e+00 0.000000000000000000e+00 0.000000000000000000e+00 0.000000000000000000e+00 0.000000000000000000e+00 0.000000000000000000e+00 0.000000000000000000e+00 0.000000000000000000e+00 1.000000000000000056e-01 7.500000000000001110e-02 7.500000000000001110e-02 5.000000000000000278e-02 2.000000000000000111e-01 1.000000000000000056e-01 1.000000000000000056e-01
0.000000000000000000e+00 0.000000000000000000e+00 0.000000000000000000e+00 0.000000000000000000e+00 0.000000000000000000e+00 0.000000000000000000e+00 0.000000000000000000e+00 0.000000000000000000e+00 0.000000000000000000e+00 0.000000000000000000e+00 0.000000000000000000e+00 0.000000000000000000e+00 2.500000000000000139e-02 5.000000000000000278e-02 5.000000000000000278e-02 7.500000000000001110e-02 5.000000000000000278e-02 7.500000000000001110e-02 1.250000000000000000e-01 1.000000000000000056e-01
0.000000000000000000e+00 0.000000000000000000e+00 0.000000000000000000e+00 0.000000000000000000e+00 0.000000000000000000e+00 0.000000000000000000e+00 0.000000000000000000e+00 0.000000000000000000e+00 0.000000000000000000e+00 0.000000000000000000e+00 0.000000000000000000e+00 0.000000000000000000e+00 2.500000000000000139e-02 7.500000000000001110e-02 7.500000000000001110e-02 1.250000000000000000e-01 1.499999999999999944e-01 1.250000000000000000e-01 1.000000000000000056e-01 2.000000000000000111e-01
0.000000000000000000e+00 0.000000000000000000e+00 0.000000000000000000e+00 0.000000000000000000e+00 0.000000000000000000e+00 0.000000000000000000e+00 0.000000000000000000e+00 0.000000000000000000e+00 0.000000000000000000e+00 0.000000000000000000e+00 0.000000000000000000e+00 0.000000000000000000e+00 0.000000000000000000e+00 7.500000000000001110e-02 7.500000000000001110e-02 5.000000000000000278e-02 7.500000000000001110e-02 1.499999999999999944e-01 5.000000000000000278e-02 1.250000000000000000e-01
0.000000000000000000e+00 0.000000000000000000e+00 0.000000000000000000e+00 0.000000000000000000e+00 0.000000000000000000e+00 0.000000000000000000e+00 0.000000000000000000e+00 0.000000000000000000e+00 0.000000000000000000e+00 0.000000000000000000e+00 0.000000000000000000e+00 0.000000000000000000e+00 0.000000000000000000e+00 2.500000000000000139e-02 2.500000000000000139e-02 5.000000000000000278e-02 1.250000000000000000e-01 1.000000000000000056e-01 1.000000000000000056e-01 7.500000000000001110e-02
0.000000000000000000e+00 0.000000000000000000e+00 0.000000000000000000e+00 0.000000000000000000e+00 0.000000000000000000e+00 0.000000000000000000e+00 0.000000000000000000e+00 0.000000000000000000e+00 0.000000000000000000e+00 0.000000000000000000e+00 0.000000000000000000e+00 0.000000000000000000e+00 0.000000000000000000e+00 5.000000000000000278e-02 2.500000000000000139e-02 2.500000000000000139e-02 1.999999999999999833e-01 7.500000000000001110e-02 1.000000000000000056e-01 1.250000000000000000e-01
0.000000000000000000e+00 0.000000000000000000e+00 0.000000000000000000e+00 0.000000000000000000e+00 0.000000000000000000e+00 0.000000000000000000e+00 0.000000000000000000e+00 0.000000000000000000e+00 0.000000000000000000e+00 0.000000000000000000e+00 0.000000000000000000e+00 0.000000000000000000e+00 0.000000000000000000e+00 2.500000000000000139e-02 1.499999999999999944e-01 7.500000000000001110e-02 1.000000000000000056e-01 2.500000000000000139e-02 1.000000000000000056e-01 7.500000000000001110e-02
0.000000000000000000e+00 0.000000000000000000e+00 0.000000000000000000e+00 0.000000000000000000e+00 0.000000000000000000e+00 0.000000000000000000e+00 0.000000000000000000e+00 0.000000000000000000e+00 0.000000000000000000e+00 0.000000000000000000e+00 0.000000000000000000e+00 0.000000000000000000e+00 0.000000000000000000e+00 2.500000000000000139e-02 7.500000000000001110e-02 2.500000000000000139e-02 1.250000000000000000e-01 5.000000000000000278e-02 1.000000000000000056e-01 2.500000000000000139e-02
0.000000000000000000e+00 0.000000000000000000e+00 0.000000000000000000e+00 0.000000000000000000e+00 0.000000000000000000e+00 0.000000000000000000e+00 0.000000000000000000e+00 0.000000000000000000e+00 0.000000000000000000e+00 0.000000000000000000e+00 0.000000000000000000e+00 0.000000000000000000e+00 0.000000000000000000e+00 0.000000000000000000e+00 1.000000000000000056e-01 7.500000000000001110e-02 7.500000000000001110e-02 1.000000000000000056e-01 1.999999999999999833e-01 7.500000000000001110e-02
0.000000000000000000e+00 0.000000000000000000e+00 0.000000000000000000e+00 0.000000000000000000e+00 0.000000000000000000e+00 0.000000000000000000e+00 0.000000000000000000e+00 0.000000000000000000e+00 0.000000000000000000e+00 0.000000000000000000e+00 0.000000000000000000e+00 0.000000000000000000e+00 0.000000000000000000e+00 2.500000000000000139e-02 2.500000000000000139e-02 7.500000000000001110e-02 0.000000000000000000e+00 0.000000000000000000e+00 7.500000000000001110e-02 1.499999999999999944e-01
0.000000000000000000e+00 0.000000000000000000e+00 0.000000000000000000e+00 0.000000000000000000e+00 0.000000000000000000e+00 0.000000000000000000e+00 0.000000000000000000e+00 0.000000000000000000e+00 0.000000000000000000e+00 0.000000000000000000e+00 0.000000000000000000e+00 0.000000000000000000e+00 0.000000000000000000e+00 2.500000000000000139e-02 2.500000000000000139e-02 1.000000000000000056e-01 1.250000000000000000e-01 2.249999999999999778e-01 1.499999999999999944e-01 1.499999999999999944e-01
0.000000000000000000e+00 0.000000000000000000e+00 0.000000000000000000e+00 0.000000000000000000e+00 0.000000000000000000e+00 0.000000000000000000e+00 0.000000000000000000e+00 0.000000000000000000e+00 0.000000000000000000e+00 0.000000000000000000e+00 0.000000000000000000e+00 0.000000000000000000e+00 0.000000000000000000e+00 0.000000000000000000e+00 7.500000000000001110e-02 1.000000000000000056e-01 5.000000000000000278e-02 1.000000000000000056e-01 7.500000000000001110e-02 1.250000000000000000e-01
0.000000000000000000e+00 0.000000000000000000e+00 0.000000000000000000e+00 0.000000000000000000e+00 0.000000000000000000e+00 0.000000000000000000e+00 0.000000000000000000e+00 0.000000000000000000e+00 0.000000000000000000e+00 0.000000000000000000e+00 0.000000000000000000e+00 0.000000000000000000e+00 0.000000000000000000e+00 0.000000000000000000e+00 0.000000000000000000e+00 7.500000000000001110e-02 1.000000000000000056e-01 1.000000000000000056e-01 7.500000000000001110e-02 5.000000000000000278e-02
0.000000000000000000e+00 0.000000000000000000e+00 0.000000000000000000e+00 0.000000000000000000e+00 0.000000000000000000e+00 0.000000000000000000e+00 0.000000000000000000e+00 0.000000000000000000e+00 0.000000000000000000e+00 0.000000000000000000e+00 0.000000000000000000e+00 0.000000000000000000e+00 0.000000000000000000e+00 0.000000000000000000e+00 2.500000000000000139e-02 5.000000000000000278e-02 2.500000000000000139e-02 1.000000000000000056e-01 5.000000000000000278e-02 5.000000000000000278e-02
0.000000000000000000e+00 0.000000000000000000e+00 0.000000000000000000e+00 0.000000000000000000e+00 0.000000000000000000e+00 0.000000000000000000e+00 0.000000000000000000e+00 0.000000000000000000e+00 0.000000000000000000e+00 0.000000000000000000e+00 0.000000000000000000e+00 0.000000000000000000e+00 0.000000000000000000e+00 0.000000000000000000e+00 0.000000000000000000e+00 2.500000000000000139e-02 1.000000000000000056e-01 7.500000000000001110e-02 1.000000000000000056e-01 1.999999999999999833e-01
0.000000000000000000e+00 0.000000000000000000e+00 0.000000000000000000e+00 0.000000000000000000e+00 0.000000000000000000e+00 0.000000000000000000e+00 0.000000000000000000e+00 0.000000000000000000e+00 0.000000000000000000e+00 0.000000000000000000e+00 0.000000000000000000e+00 0.000000000000000000e+00 0.000000000000000000e+00 0.000000000000000000e+00 2.500000000000000139e-02 7.500000000000001110e-02 0.000000000000000000e+00 2.500000000000000139e-02 5.000000000000000278e-02 0.000000000000000000e+00
0.000000000000000000e+00 0.000000000000000000e+00 0.000000000000000000e+00 0.000000000000000000e+00 0.000000000000000000e+00 0.000000000000000000e+00 0.000000000000000000e+00 0.000000000000000000e+00 0.000000000000000000e+00 0.000000000000000000e+00 0.000000000000000000e+00 0.000000000000000000e+00 0.000000000000000000e+00 0.000000000000000000e+00 2.500000000000000139e-02 1.000000000000000056e-01 2.500000000000000139e-02 1.250000000000000000e-01 7.500000000000001110e-02 7.500000000000001110e-02
0.000000000000000000e+00 0.000000000000000000e+00 0.000000000000000000e+00 0.000000000000000000e+00 0.000000000000000000e+00 0.000000000000000000e+00 0.000000000000000000e+00 0.000000000000000000e+00 0.000000000000000000e+00 0.000000000000000000e+00 0.000000000000000000e+00 0.000000000000000000e+00 0.000000000000000000e+00 0.000000000000000000e+00 0.000000000000000000e+00 2.500000000000000139e-02 1.000000000000000056e-01 1.250000000000000000e-01 2.500000000000000139e-02 1.250000000000000000e-01
0.000000000000000000e+00 0.000000000000000000e+00 0.000000000000000000e+00 0.000000000000000000e+00 0.000000000000000000e+00 0.000000000000000000e+00 0.000000000000000000e+00 0.000000000000000000e+00 0.000000000000000000e+00 0.000000000000000000e+00 0.000000000000000000e+00 0.000000000000000000e+00 0.000000000000000000e+00 0.000000000000000000e+00 0.000000000000000000e+00 7.500000000000001110e-02 7.500000000000001110e-02 1.250000000000000000e-01 7.500000000000001110e-02 5.000000000000000278e-02
0.000000000000000000e+00 0.000000000000000000e+00 0.000000000000000000e+00 0.000000000000000000e+00 0.000000000000000000e+00 0.000000000000000000e+00 0.000000000000000000e+00 0.000000000000000000e+00 0.000000000000000000e+00 0.000000000000000000e+00 0.000000000000000000e+00 0.000000000000000000e+00 0.000000000000000000e+00 0.000000000000000000e+00 0.000000000000000000e+00 2.500000000000000139e-02 5.000000000000000278e-02 2.500000000000000139e-02 5.000000000000000278e-02 5.000000000000000278e-02
0.000000000000000000e+00 0.000000000000000000e+00 0.000000000000000000e+00 0.000000000000000000e+00 0.000000000000000000e+00 0.000000000000000000e+00 0.000000000000000000e+00 0.000000000000000000e+00 0.000000000000000000e+00 0.000000000000000000e+00 0.000000000000000000e+00 0.000000000000000000e+00 0.000000000000000000e+00 0.000000000000000000e+00 0.000000000000000000e+00 2.500000000000000139e-02 5.000000000000000278e-02 7.500000000000001110e-02 1.250000000000000000e-01 1.000000000000000056e-01
0.000000000000000000e+00 0.000000000000000000e+00 0.000000000000000000e+00 0.000000000000000000e+00 0.000000000000000000e+00 0.000000000000000000e+00 0.000000000000000000e+00 0.000000000000000000e+00 0.000000000000000000e+00 0.000000000000000000e+00 0.000000000000000000e+00 0.000000000000000000e+00 0.000000000000000000e+00 0.000000000000000000e+00 0.000000000000000000e+00 0.000000000000000000e+00 5.000000000000000278e-02 2.500000000000000139e-02 1.000000000000000056e-01 1.500000000000000222e-01
0.000000000000000000e+00 0.000000000000000000e+00 0.000000000000000000e+00 0.000000000000000000e+00 0.000000000000000000e+00 0.000000000000000000e+00 0.000000000000000000e+00 0.000000000000000000e+00 0.000000000000000000e+00 0.000000000000000000e+00 0.000000000000000000e+00 0.000000000000000000e+00 0.000000000000000000e+00 0.000000000000000000e+00 0.000000000000000000e+00 0.000000000000000000e+00 2.500000000000000139e-02 2.500000000000000139e-02 1.250000000000000000e-01 0.000000000000000000e+00
0.000000000000000000e+00 0.000000000000000000e+00 0.000000000000000000e+00 0.000000000000000000e+00 0.000000000000000000e+00 0.000000000000000000e+00 0.000000000000000000e+00 0.000000000000000000e+00 0.000000000000000000e+00 0.000000000000000000e+00 0.000000000000000000e+00 0.000000000000000000e+00 0.000000000000000000e+00 0.000000000000000000e+00 0.000000000000000000e+00 2.500000000000000139e-02 1.499999999999999944e-01 2.500000000000000139e-02 1.000000000000000056e-01 7.500000000000001110e-02
0.000000000000000000e+00 0.000000000000000000e+00 0.000000000000000000e+00 0.000000000000000000e+00 0.000000000000000000e+00 0.000000000000000000e+00 0.000000000000000000e+00 0.000000000000000000e+00 0.000000000000000000e+00 0.000000000000000000e+00 0.000000000000000000e+00 0.000000000000000000e+00 0.000000000000000000e+00 0.000000000000000000e+00 0.000000000000000000e+00 0.000000000000000000e+00 2.500000000000000139e-02 0.000000000000000000e+00 1.499999999999999944e-01 7.500000000000001110e-02
0.000000000000000000e+00 0.000000000000000000e+00 0.000000000000000000e+00 0.000000000000000000e+00 0.000000000000000000e+00 0.000000000000000000e+00 0.000000000000000000e+00 0.000000000000000000e+00 0.000000000000000000e+00 0.000000000000000000e+00 0.000000000000000000e+00 0.000000000000000000e+00 0.000000000000000000e+00 0.000000000000000000e+00 0.000000000000000000e+00 2.500000000000000139e-02 7.500000000000001110e-02 1.250000000000000000e-01 7.500000000000001110e-02 5.000000000000000278e-02
0.000000000000000000e+00 0.000000000000000000e+00 0.000000000000000000e+00 0.000000000000000000e+00 0.000000000000000000e+00 0.000000000000000000e+00 0.000000000000000000e+00 0.000000000000000000e+00 0.000000000000000000e+00 0.000000000000000000e+00 0.000000000000000000e+00 0.000000000000000000e+00 0.000000000000000000e+00 0.000000000000000000e+00 0.000000000000000000e+00 2.500000000000000139e-02 1.000000000000000056e-01 0.000000000000000000e+00 5.000000000000000278e-02 7.500000000000001110e-02
0.000000000000000000e+00 0.000000000000000000e+00 0.000000000000000000e+00 0.000000000000000000e+00 0.000000000000000000e+00 0.000000000000000000e+00 0.000000000000000000e+00 0.000000000000000000e+00 0.000000000000000000e+00 0.000000000000000000e+00 0.000000000000000000e+00 0.000000000000000000e+00 0.000000000000000000e+00 0.000000000000000000e+00 0.000000000000000000e+00 2.500000000000000139e-02 2.500000000000000139e-02 1.000000000000000056e-01 5.000000000000000278e-02 1.000000000000000056e-01
0.000000000000000000e+00 0.000000000000000000e+00 0.000000000000000000e+00 0.000000000000000000e+00 0.000000000000000000e+00 0.000000000000000000e+00 0.000000000000000000e+00 0.000000000000000000e+00 0.000000000000000000e+00 0.000000000000000000e+00 0.000000000000000000e+00 0.000000000000000000e+00 0.000000000000000000e+00 0.000000000000000000e+00 0.000000000000000000e+00 0.000000000000000000e+00 2.500000000000000139e-02 5.000000000000000278e-02 2.500000000000000139e-02 2.500000000000000139e-02
0.000000000000000000e+00 0.000000000000000000e+00 0.000000000000000000e+00 0.000000000000000000e+00 0.000000000000000000e+00 0.000000000000000000e+00 0.000000000000000000e+00 0.000000000000000000e+00 0.000000000000000000e+00 0.000000000000000000e+00 0.000000000000000000e+00 0.000000000000000000e+00 0.000000000000000000e+00 0.000000000000000000e+00 0.000000000000000000e+00 0.000000000000000000e+00 2.500000000000000139e-02 7.500000000000001110e-02 0.000000000000000000e+00 7.500000000000001110e-02
0.000000000000000000e+00 0.000000000000000000e+00 0.000000000000000000e+00 0.000000000000000000e+00 0.000000000000000000e+00 0.000000000000000000e+00 0.000000000000000000e+00 0.000000000000000000e+00 0.000000000000000000e+00 0.000000000000000000e+00 0.000000000000000000e+00 0.000000000000000000e+00 0.000000000000000000e+00 0.000000000000000000e+00 0.000000000000000000e+00 0.000000000000000000e+00 2.500000000000000139e-02 1.250000000000000000e-01 1.250000000000000000e-01 5.000000000000000278e-02
0.000000000000000000e+00 0.000000000000000000e+00 0.000000000000000000e+00 0.000000000000000000e+00 0.000000000000000000e+00 0.000000000000000000e+00 0.000000000000000000e+00 0.000000000000000000e+00 0.000000000000000000e+00 0.000000000000000000e+00 0.000000000000000000e+00 0.000000000000000000e+00 0.000000000000000000e+00 0.000000000000000000e+00 0.000000000000000000e+00 0.000000000000000000e+00 0.000000000000000000e+00 5.000000000000000278e-02 5.000000000000000278e-02 7.500000000000001110e-02
0.000000000000000000e+00 0.000000000000000000e+00 0.000000000000000000e+00 0.000000000000000000e+00 0.000000000000000000e+00 0.000000000000000000e+00 0.000000000000000000e+00 0.000000000000000000e+00 0.000000000000000000e+00 0.000000000000000000e+00 0.000000000000000000e+00 0.000000000000000000e+00 0.000000000000000000e+00 0.000000000000000000e+00 0.000000000000000000e+00 0.000000000000000000e+00 2.500000000000000139e-02 0.000000000000000000e+00 2.500000000000000139e-02 1.250000000000000000e-01
0.000000000000000000e+00 0.000000000000000000e+00 0.000000000000000000e+00 0.000000000000000000e+00 0.000000000000000000e+00 0.000000000000000000e+00 0.000000000000000000e+00 0.000000000000000000e+00 0.000000000000000000e+00 0.000000000000000000e+00 0.000000000000000000e+00 0.000000000000000000e+00 0.000000000000000000e+00 0.000000000000000000e+00 0.000000000000000000e+00 0.000000000000000000e+00 0.000000000000000000e+00 2.500000000000000139e-02 5.000000000000000278e-02 2.500000000000000139e-02
0.000000000000000000e+00 0.000000000000000000e+00 0.000000000000000000e+00 0.000000000000000000e+00 0.000000000000000000e+00 0.000000000000000000e+00 0.000000000000000000e+00 0.000000000000000000e+00 0.000000000000000000e+00 0.000000000000000000e+00 0.000000000000000000e+00 0.000000000000000000e+00 0.000000000000000000e+00 0.000000000000000000e+00 0.000000000000000000e+00 0.000000000000000000e+00 0.000000000000000000e+00 2.500000000000000139e-02 5.000000000000000278e-02 5.000000000000000278e-02
0.000000000000000000e+00 0.000000000000000000e+00 0.000000000000000000e+00 0.000000000000000000e+00 0.000000000000000000e+00 0.000000000000000000e+00 0.000000000000000000e+00 0.000000000000000000e+00 0.000000000000000000e+00 0.000000000000000000e+00 0.000000000000000000e+00 0.000000000000000000e+00 0.000000000000000000e+00 0.000000000000000000e+00 0.000000000000000000e+00 0.000000000000000000e+00 0.000000000000000000e+00 0.000000000000000000e+00 7.500000000000001110e-02 1.250000000000000000e-01
0.000000000000000000e+00 0.000000000000000000e+00 0.000000000000000000e+00 0.000000000000000000e+00 0.000000000000000000e+00 0.000000000000000000e+00 0.000000000000000000e+00 0.000000000000000000e+00 0.000000000000000000e+00 0.000000000000000000e+00 0.000000000000000000e+00 0.000000000000000000e+00 0.000000000000000000e+00 0.000000000000000000e+00 0.000000000000000000e+00 0.000000000000000000e+00 2.500000000000000139e-02 5.000000000000000278e-02 7.500000000000001110e-02 2.500000000000000139e-02
0.000000000000000000e+00 0.000000000000000000e+00 0.000000000000000000e+00 0.000000000000000000e+00 0.000000000000000000e+00 0.000000000000000000e+00 0.000000000000000000e+00 0.000000000000000000e+00 0.000000000000000000e+00 0.000000000000000000e+00 0.000000000000000000e+00 0.000000000000000000e+00 0.000000000000000000e+00 0.000000000000000000e+00 0.000000000000000000e+00 0.000000000000000000e+00 2.500000000000000139e-02 0.000000000000000000e+00 0.000000000000000000e+00 0.000000000000000000e+00
0.000000000000000000e+00 0.000000000000000000e+00 0.000000000000000000e+00 0.000000000000000000e+00 0.000000000000000000e+00 0.000000000000000000e+00 0.000000000000000000e+00 0.000000000000000000e+00 0.000000000000000000e+00 0.000000000000000000e+00 0.000000000000000000e+00 0.000000000000000000e+00 0.000000000000000000e+00 0.000000000000000000e+00 0.000000000000000000e+00 0.000000000000000000e+00 0.000000000000000000e+00 5.000000000000000278e-02 5.000000000000000278e-02 5.000000000000000278e-02
0.000000000000000000e+00 0.000000000000000000e+00 0.000000000000000000e+00 0.000000000000000000e+00 0.000000000000000000e+00 0.000000000000000000e+00 0.000000000000000000e+00 0.000000000000000000e+00 0.000000000000000000e+00 0.000000000000000000e+00 0.000000000000000000e+00 0.000000000000000000e+00 0.000000000000000000e+00 0.000000000000000000e+00 0.000000000000000000e+00 0.000000000000000000e+00 0.000000000000000000e+00 2.500000000000000139e-02 7.500000000000001110e-02 5.000000000000000278e-02
0.000000000000000000e+00 0.000000000000000000e+00 0.000000000000000000e+00 0.000000000000000000e+00 0.000000000000000000e+00 0.000000000000000000e+00 0.000000000000000000e+00 0.000000000000000000e+00 0.000000000000000000e+00 0.000000000000000000e+00 0.000000000000000000e+00 0.000000000000000000e+00 0.000000000000000000e+00 0.000000000000000000e+00 0.000000000000000000e+00 0.000000000000000000e+00 0.000000000000000000e+00 5.000000000000000278e-02 7.500000000000001110e-02 1.000000000000000056e-01
0.000000000000000000e+00 0.000000000000000000e+00 0.000000000000000000e+00 0.000000000000000000e+00 0.000000000000000000e+00 0.000000000000000000e+00 0.000000000000000000e+00 0.000000000000000000e+00 0.000000000000000000e+00 0.000000000000000000e+00 0.000000000000000000e+00 0.000000000000000000e+00 0.000000000000000000e+00 0.000000000000000000e+00 0.000000000000000000e+00 0.000000000000000000e+00 0.000000000000000000e+00 2.500000000000000139e-02 0.000000000000000000e+00 5.000000000000000278e-02
0.000000000000000000e+00 0.000000000000000000e+00 0.000000000000000000e+00 0.000000000000000000e+00 0.000000000000000000e+00 0.000000000000000000e+00 0.000000000000000000e+00 0.000000000000000000e+00 0.000000000000000000e+00 0.000000000000000000e+00 0.000000000000000000e+00 0.000000000000000000e+00 0.000000000000000000e+00 0.000000000000000000e+00 0.000000000000000000e+00 0.000000000000000000e+00 0.000000000000000000e+00 0.000000000000000000e+00 0.000000000000000000e+00 0.000000000000000000e+00
0.000000000000000000e+00 0.000000000000000000e+00 0.000000000000000000e+00 0.000000000000000000e+00 0.000000000000000000e+00 0.000000000000000000e+00 0.000000000000000000e+00 0.000000000000000000e+00 0.000000000000000000e+00 0.000000000000000000e+00 0.000000000000000000e+00 0.000000000000000000e+00 0.000000000000000000e+00 0.000000000000000000e+00 0.000000000000000000e+00 0.000000000000000000e+00 0.000000000000000000e+00 0.000000000000000000e+00 0.000000000000000000e+00 1.250000000000000000e-01
0.000000000000000000e+00 0.000000000000000000e+00 0.000000000000000000e+00 0.000000000000000000e+00 0.000000000000000000e+00 0.000000000000000000e+00 0.000000000000000000e+00 0.000000000000000000e+00 0.000000000000000000e+00 0.000000000000000000e+00 0.000000000000000000e+00 0.000000000000000000e+00 0.000000000000000000e+00 0.000000000000000000e+00 0.000000000000000000e+00 0.000000000000000000e+00 0.000000000000000000e+00 5.000000000000000278e-02 0.000000000000000000e+00 7.500000000000001110e-02
0.000000000000000000e+00 0.000000000000000000e+00 0.000000000000000000e+00 0.000000000000000000e+00 0.000000000000000000e+00 0.000000000000000000e+00 0.000000000000000000e+00 0.000000000000000000e+00 0.000000000000000000e+00 0.000000000000000000e+00 0.000000000000000000e+00 0.000000000000000000e+00 0.000000000000000000e+00 0.000000000000000000e+00 0.000000000000000000e+00 0.000000000000000000e+00 0.000000000000000000e+00 0.000000000000000000e+00 2.500000000000000139e-02 7.500000000000001110e-02
0.000000000000000000e+00 0.000000000000000000e+00 0.000000000000000000e+00 0.000000000000000000e+00 0.000000000000000000e+00 0.000000000000000000e+00 0.000000000000000000e+00 0.000000000000000000e+00 0.000000000000000000e+00 0.000000000000000000e+00 0.000000000000000000e+00 0.000000000000000000e+00 0.000000000000000000e+00 0.000000000000000000e+00 0.000000000000000000e+00 0.000000000000000000e+00 0.000000000000000000e+00 5.000000000000000278e-02 1.000000000000000056e-01 5.000000000000000278e-02
0.000000000000000000e+00 0.000000000000000000e+00 0.000000000000000000e+00 0.000000000000000000e+00 0.000000000000000000e+00 0.000000000000000000e+00 0.000000000000000000e+00 0.000000000000000000e+00 0.000000000000000000e+00 0.000000000000000000e+00 0.000000000000000000e+00 0.000000000000000000e+00 0.000000000000000000e+00 0.000000000000000000e+00 0.000000000000000000e+00 0.000000000000000000e+00 0.000000000000000000e+00 0.000000000000000000e+00 2.500000000000000139e-02 7.500000000000001110e-02
0.000000000000000000e+00 0.000000000000000000e+00 0.000000000000000000e+00 0.000000000000000000e+00 0.000000000000000000e+00 0.000000000000000000e+00 0.000000000000000000e+00 0.000000000000000000e+00 0.000000000000000000e+00 0.000000000000000000e+00 0.000000000000000000e+00 0.000000000000000000e+00 0.000000000000000000e+00 0.000000000000000000e+00 0.000000000000000000e+00 0.000000000000000000e+00 0.000000000000000000e+00 0.000000000000000000e+00 2.500000000000000139e-02 0.000000000000000000e+00
0.000000000000000000e+00 0.000000000000000000e+00 0.000000000000000000e+00 0.000000000000000000e+00 0.000000000000000000e+00 0.000000000000000000e+00 0.000000000000000000e+00 0.000000000000000000e+00 0.000000000000000000e+00 0.000000000000000000e+00 0.000000000000000000e+00 0.000000000000000000e+00 0.000000000000000000e+00 0.000000000000000000e+00 0.000000000000000000e+00 0.000000000000000000e+00 0.000000000000000000e+00 0.000000000000000000e+00 0.000000000000000000e+00 5.000000000000000278e-02
0.000000000000000000e+00 0.000000000000000000e+00 0.000000000000000000e+00 0.000000000000000000e+00 0.000000000000000000e+00 0.000000000000000000e+00 0.000000000000000000e+00 0.000000000000000000e+00 0.000000000000000000e+00 0.000000000000000000e+00 0.000000000000000000e+00 0.000000000000000000e+00 0.000000000000000000e+00 0.000000000000000000e+00 0.000000000000000000e+00 0.000000000000000000e+00 0.000000000000000000e+00 2.500000000000000139e-02 5.000000000000000278e-02 0.000000000000000000e+00
0.000000000000000000e+00 0.000000000000000000e+00 0.000000000000000000e+00 0.000000000000000000e+00 0.000000000000000000e+00 0.000000000000000000e+00 0.000000000000000000e+00 0.000000000000000000e+00 0.000000000000000000e+00 0.000000000000000000e+00 0.000000000000000000e+00 0.000000000000000000e+00 0.000000000000000000e+00 0.000000000000000000e+00 0.000000000000000000e+00 0.000000000000000000e+00 0.000000000000000000e+00 0.000000000000000000e+00 0.000000000000000000e+00 2.500000000000000139e-02
0.000000000000000000e+00 0.000000000000000000e+00 0.000000000000000000e+00 0.000000000000000000e+00 0.000000000000000000e+00 0.000000000000000000e+00 0.000000000000000000e+00 0.000000000000000000e+00 0.000000000000000000e+00 0.000000000000000000e+00 0.000000000000000000e+00 0.000000000000000000e+00 0.000000000000000000e+00 0.000000000000000000e+00 0.000000000000000000e+00 0.000000000000000000e+00 0.000000000000000000e+00 0.000000000000000000e+00 2.500000000000000139e-02 0.000000000000000000e+00
0.000000000000000000e+00 0.000000000000000000e+00 0.000000000000000000e+00 0.000000000000000000e+00 0.000000000000000000e+00 0.000000000000000000e+00 0.000000000000000000e+00 0.000000000000000000e+00 0.000000000000000000e+00 0.000000000000000000e+00 0.000000000000000000e+00 0.000000000000000000e+00 0.000000000000000000e+00 0.000000000000000000e+00 0.000000000000000000e+00 0.000000000000000000e+00 0.000000000000000000e+00 0.000000000000000000e+00 0.000000000000000000e+00 1.000000000000000056e-01
0.000000000000000000e+00 0.000000000000000000e+00 0.000000000000000000e+00 0.000000000000000000e+00 0.000000000000000000e+00 0.000000000000000000e+00 0.000000000000000000e+00 0.000000000000000000e+00 0.000000000000000000e+00 0.000000000000000000e+00 0.000000000000000000e+00 0.000000000000000000e+00 0.000000000000000000e+00 0.000000000000000000e+00 0.000000000000000000e+00 0.000000000000000000e+00 0.000000000000000000e+00 0.000000000000000000e+00 2.500000000000000139e-02 2.500000000000000139e-02
0.000000000000000000e+00 0.000000000000000000e+00 0.000000000000000000e+00 0.000000000000000000e+00 0.000000000000000000e+00 0.000000000000000000e+00 0.000000000000000000e+00 0.000000000000000000e+00 0.000000000000000000e+00 0.000000000000000000e+00 0.000000000000000000e+00 0.000000000000000000e+00 0.000000000000000000e+00 0.000000000000000000e+00 0.000000000000000000e+00 0.000000000000000000e+00 0.000000000000000000e+00 0.000000000000000000e+00 2.500000000000000139e-02 0.000000000000000000e+00
0.000000000000000000e+00 0.000000000000000000e+00 0.000000000000000000e+00 0.000000000000000000e+00 0.000000000000000000e+00 0.000000000000000000e+00 0.000000000000000000e+00 0.000000000000000000e+00 0.000000000000000000e+00 0.000000000000000000e+00 0.000000000000000000e+00 0.000000000000000000e+00 0.000000000000000000e+00 0.000000000000000000e+00 0.000000000000000000e+00 0.000000000000000000e+00 0.000000000000000000e+00 0.000000000000000000e+00 2.500000000000000139e-02 5.000000000000000278e-02
0.000000000000000000e+00 0.000000000000000000e+00 0.000000000000000000e+00 0.000000000000000000e+00 0.000000000000000000e+00 0.000000000000000000e+00 0.000000000000000000e+00 0.000000000000000000e+00 0.000000000000000000e+00 0.000000000000000000e+00 0.000000000000000000e+00 0.000000000000000000e+00 0.000000000000000000e+00 0.000000000000000000e+00 0.000000000000000000e+00 0.000000000000000000e+00 0.000000000000000000e+00 0.000000000000000000e+00 2.500000000000000139e-02 0.000000000000000000e+00
0.000000000000000000e+00 0.000000000000000000e+00 0.000000000000000000e+00 0.000000000000000000e+00 0.000000000000000000e+00 0.000000000000000000e+00 0.000000000000000000e+00 0.000000000000000000e+00 0.000000000000000000e+00 0.000000000000000000e+00 0.000000000000000000e+00 0.000000000000000000e+00 0.000000000000000000e+00 0.000000000000000000e+00 0.000000000000000000e+00 0.000000000000000000e+00 0.000000000000000000e+00 0.000000000000000000e+00 0.000000000000000000e+00 2.500000000000000139e-02
0.000000000000000000e+00 0.000000000000000000e+00 0.000000000000000000e+00 0.000000000000000000e+00 0.000000000000000000e+00 0.000000000000000000e+00 0.000000000000000000e+00 0.000000000000000000e+00 0.000000000000000000e+00 0.000000000000000000e+00 0.000000000000000000e+00 0.000000000000000000e+00 0.000000000000000000e+00 0.000000000000000000e+00 0.000000000000000000e+00 0.000000000000000000e+00 0.000000000000000000e+00 0.000000000000000000e+00 0.000000000000000000e+00 0.000000000000000000e+00
0.000000000000000000e+00 0.000000000000000000e+00 0.000000000000000000e+00 0.000000000000000000e+00 0.000000000000000000e+00 0.000000000000000000e+00 0.000000000000000000e+00 0.000000000000000000e+00 0.000000000000000000e+00 0.000000000000000000e+00 0.000000000000000000e+00 0.000000000000000000e+00 0.000000000000000000e+00 0.000000000000000000e+00 0.000000000000000000e+00 0.000000000000000000e+00 0.000000000000000000e+00 0.000000000000000000e+00 0.000000000000000000e+00 2.500000000000000139e-02
0.000000000000000000e+00 0.000000000000000000e+00 0.000000000000000000e+00 0.000000000000000000e+00 0.000000000000000000e+00 0.000000000000000000e+00 0.000000000000000000e+00 0.000000000000000000e+00 0.000000000000000000e+00 0.000000000000000000e+00 0.000000000000000000e+00 0.000000000000000000e+00 0.000000000000000000e+00 0.000000000000000000e+00 0.000000000000000000e+00 0.000000000000000000e+00 0.000000000000000000e+00 0.000000000000000000e+00 0.000000000000000000e+00 2.500000000000000139e-02
0.000000000000000000e+00 0.000000000000000000e+00 0.000000000000000000e+00 0.000000000000000000e+00 0.000000000000000000e+00 0.000000000000000000e+00 0.000000000000000000e+00 0.000000000000000000e+00 0.000000000000000000e+00 0.000000000000000000e+00 0.000000000000000000e+00 0.000000000000000000e+00 0.000000000000000000e+00 0.000000000000000000e+00 0.000000000000000000e+00 0.000000000000000000e+00 0.000000000000000000e+00 0.000000000000000000e+00 0.000000000000000000e+00 0.000000000000000000e+00
0.000000000000000000e+00 0.000000000000000000e+00 0.000000000000000000e+00 0.000000000000000000e+00 0.000000000000000000e+00 0.000000000000000000e+00 0.000000000000000000e+00 0.000000000000000000e+00 0.000000000000000000e+00 0.000000000000000000e+00 0.000000000000000000e+00 0.000000000000000000e+00 0.000000000000000000e+00 0.000000000000000000e+00 0.000000000000000000e+00 0.000000000000000000e+00 0.000000000000000000e+00 0.000000000000000000e+00 0.000000000000000000e+00 2.500000000000000139e-02
0.000000000000000000e+00 0.000000000000000000e+00 0.000000000000000000e+00 0.000000000000000000e+00 0.000000000000000000e+00 0.000000000000000000e+00 0.000000000000000000e+00 0.000000000000000000e+00 0.000000000000000000e+00 0.000000000000000000e+00 0.000000000000000000e+00 0.000000000000000000e+00 0.000000000000000000e+00 0.000000000000000000e+00 0.000000000000000000e+00 0.000000000000000000e+00 0.000000000000000000e+00 0.000000000000000000e+00 0.000000000000000000e+00 0.000000000000000000e+00
0.000000000000000000e+00 0.000000000000000000e+00 0.000000000000000000e+00 0.000000000000000000e+00 0.000000000000000000e+00 0.000000000000000000e+00 0.000000000000000000e+00 0.000000000000000000e+00 0.000000000000000000e+00 0.000000000000000000e+00 0.000000000000000000e+00 0.000000000000000000e+00 0.000000000000000000e+00 0.000000000000000000e+00 0.000000000000000000e+00 0.000000000000000000e+00 0.000000000000000000e+00 0.000000000000000000e+00 0.000000000000000000e+00 0.000000000000000000e+00
0.000000000000000000e+00 0.000000000000000000e+00 0.000000000000000000e+00 0.000000000000000000e+00 0.000000000000000000e+00 0.000000000000000000e+00 0.000000000000000000e+00 0.000000000000000000e+00 0.000000000000000000e+00 0.000000000000000000e+00 0.000000000000000000e+00 0.000000000000000000e+00 0.000000000000000000e+00 0.000000000000000000e+00 0.000000000000000000e+00 0.000000000000000000e+00 0.000000000000000000e+00 0.000000000000000000e+00 2.500000000000000139e-02 2.500000000000000139e-02
0.000000000000000000e+00 0.000000000000000000e+00 0.000000000000000000e+00 0.000000000000000000e+00 0.000000000000000000e+00 0.000000000000000000e+00 0.000000000000000000e+00 0.000000000000000000e+00 0.000000000000000000e+00 0.000000000000000000e+00 0.000000000000000000e+00 0.000000000000000000e+00 0.000000000000000000e+00 0.000000000000000000e+00 0.000000000000000000e+00 0.000000000000000000e+00 0.000000000000000000e+00 0.000000000000000000e+00 0.000000000000000000e+00 0.000000000000000000e+00
0.000000000000000000e+00 0.000000000000000000e+00 0.000000000000000000e+00 0.000000000000000000e+00 0.000000000000000000e+00 0.000000000000000000e+00 0.000000000000000000e+00 0.000000000000000000e+00 0.000000000000000000e+00 0.000000000000000000e+00 0.000000000000000000e+00 0.000000000000000000e+00 0.000000000000000000e+00 0.000000000000000000e+00 0.000000000000000000e+00 0.000000000000000000e+00 0.000000000000000000e+00 0.000000000000000000e+00 0.000000000000000000e+00 2.500000000000000139e-02
0.000000000000000000e+00 0.000000000000000000e+00 0.000000000000000000e+00 0.000000000000000000e+00 0.000000000000000000e+00 0.000000000000000000e+00 0.000000000000000000e+00 0.000000000000000000e+00 0.000000000000000000e+00 0.000000000000000000e+00 0.000000000000000000e+00 0.000000000000000000e+00 0.000000000000000000e+00 0.000000000000000000e+00 0.000000000000000000e+00 0.000000000000000000e+00 0.000000000000000000e+00 0.000000000000000000e+00 2.500000000000000139e-02 2.500000000000000139e-02
0.000000000000000000e+00 0.000000000000000000e+00 0.000000000000000000e+00 0.000000000000000000e+00 0.000000000000000000e+00 0.000000000000000000e+00 0.000000000000000000e+00 0.000000000000000000e+00 0.000000000000000000e+00 0.000000000000000000e+00 0.000000000000000000e+00 0.000000000000000000e+00 0.000000000000000000e+00 0.000000000000000000e+00 0.000000000000000000e+00 0.000000000000000000e+00 0.000000000000000000e+00 0.000000000000000000e+00 0.000000000000000000e+00 0.000000000000000000e+00
0.000000000000000000e+00 0.000000000000000000e+00 0.000000000000000000e+00 0.000000000000000000e+00 0.000000000000000000e+00 0.000000000000000000e+00 0.000000000000000000e+00 0.000000000000000000e+00 0.000000000000000000e+00 0.000000000000000000e+00 0.000000000000000000e+00 0.000000000000000000e+00 0.000000000000000000e+00 0.000000000000000000e+00 0.000000000000000000e+00 0.000000000000000000e+00 0.000000000000000000e+00 0.000000000000000000e+00 0.000000000000000000e+00 0.000000000000000000e+00
0.000000000000000000e+00 0.000000000000000000e+00 0.000000000000000000e+00 0.000000000000000000e+00 0.000000000000000000e+00 0.000000000000000000e+00 0.000000000000000000e+00 0.000000000000000000e+00 0.000000000000000000e+00 0.000000000000000000e+00 0.000000000000000000e+00 0.000000000000000000e+00 0.000000000000000000e+00 0.000000000000000000e+00 0.000000000000000000e+00 0.000000000000000000e+00 0.000000000000000000e+00 0.000000000000000000e+00 0.000000000000000000e+00 2.500000000000000139e-02
0.000000000000000000e+00 0.000000000000000000e+00 0.000000000000000000e+00 0.000000000000000000e+00 0.000000000000000000e+00 0.000000000000000000e+00 0.000000000000000000e+00 0.000000000000000000e+00 0.000000000000000000e+00 0.000000000000000000e+00 0.000000000000000000e+00 0.000000000000000000e+00 0.000000000000000000e+00 0.000000000000000000e+00 0.000000000000000000e+00 0.000000000000000000e+00 0.000000000000000000e+00 0.000000000000000000e+00 0.000000000000000000e+00 0.000000000000000000e+00
0.000000000000000000e+00 0.000000000000000000e+00 0.000000000000000000e+00 0.000000000000000000e+00 0.000000000000000000e+00 0.000000000000000000e+00 0.000000000000000000e+00 0.000000000000000000e+00 0.000000000000000000e+00 0.000000000000000000e+00 0.000000000000000000e+00 0.000000000000000000e+00 0.000000000000000000e+00 0.000000000000000000e+00 0.000000000000000000e+00 0.000000000000000000e+00 0.000000000000000000e+00 0.000000000000000000e+00 0.000000000000000000e+00 0.000000000000000000e+00
0.000000000000000000e+00 0.000000000000000000e+00 0.000000000000000000e+00 0.000000000000000000e+00 0.000000000000000000e+00 0.000000000000000000e+00 0.000000000000000000e+00 0.000000000000000000e+00 0.000000000000000000e+00 0.000000000000000000e+00 0.000000000000000000e+00 0.000000000000000000e+00 0.000000000000000000e+00 0.000000000000000000e+00 0.000000000000000000e+00 0.000000000000000000e+00 0.000000000000000000e+00 0.000000000000000000e+00 0.000000000000000000e+00 2.500000000000000139e-02
0.000000000000000000e+00 0.000000000000000000e+00 0.000000000000000000e+00 0.000000000000000000e+00 0.000000000000000000e+00 0.000000000000000000e+00 0.000000000000000000e+00 0.000000000000000000e+00 0.000000000000000000e+00 0.000000000000000000e+00 0.000000000000000000e+00 0.000000000000000000e+00 0.000000000000000000e+00 0.000000000000000000e+00 0.000000000000000000e+00 0.000000000000000000e+00 0.000000000000000000e+00 0.000000000000000000e+00 0.000000000000000000e+00 0.000000000000000000e+00
0.000000000000000000e+00 0.000000000000000000e+00 0.000000000000000000e+00 0.000000000000000000e+00 0.000000000000000000e+00 0.000000000000000000e+00 0.000000000000000000e+00 0.000000000000000000e+00 0.000000000000000000e+00 0.000000000000000000e+00 0.000000000000000000e+00 0.000000000000000000e+00 0.000000000000000000e+00 0.000000000000000000e+00 0.000000000000000000e+00 0.000000000000000000e+00 0.000000000000000000e+00 0.000000000000000000e+00 0.000000000000000000e+00 0.000000000000000000e+00
0.000000000000000000e+00 0.000000000000000000e+00 0.000000000000000000e+00 0.000000000000000000e+00 0.000000000000000000e+00 0.000000000000000000e+00 0.000000000000000000e+00 0.000000000000000000e+00 0.000000000000000000e+00 0.000000000000000000e+00 0.000000000000000000e+00 0.000000000000000000e+00 0.000000000000000000e+00 0.000000000000000000e+00 0.000000000000000000e+00 0.000000000000000000e+00 0.000000000000000000e+00 0.000000000000000000e+00 0.000000000000000000e+00 0.000000000000000000e+00
0.000000000000000000e+00 0.000000000000000000e+00 0.000000000000000000e+00 0.000000000000000000e+00 0.000000000000000000e+00 0.000000000000000000e+00 0.000000000000000000e+00 0.000000000000000000e+00 0.000000000000000000e+00 0.000000000000000000e+00 0.000000000000000000e+00 0.000000000000000000e+00 0.000000000000000000e+00 0.000000000000000000e+00 0.000000000000000000e+00 0.000000000000000000e+00 0.000000000000000000e+00 0.000000000000000000e+00 0.000000000000000000e+00 2.500000000000000139e-02
0.000000000000000000e+00 0.000000000000000000e+00 0.000000000000000000e+00 0.000000000000000000e+00 0.000000000000000000e+00 0.000000000000000000e+00 0.000000000000000000e+00 0.000000000000000000e+00 0.000000000000000000e+00 0.000000000000000000e+00 0.000000000000000000e+00 0.000000000000000000e+00 0.000000000000000000e+00 0.000000000000000000e+00 0.000000000000000000e+00 0.000000000000000000e+00 0.000000000000000000e+00 0.000000000000000000e+00 0.000000000000000000e+00 0.000000000000000000e+00
0.000000000000000000e+00 0.000000000000000000e+00 0.000000000000000000e+00 0.000000000000000000e+00 0.000000000000000000e+00 0.000000000000000000e+00 0.000000000000000000e+00 0.000000000000000000e+00 0.000000000000000000e+00 0.000000000000000000e+00 0.000000000000000000e+00 0.000000000000000000e+00 0.000000000000000000e+00 0.000000000000000000e+00 0.000000000000000000e+00 0.000000000000000000e+00 0.000000000000000000e+00 0.000000000000000000e+00 0.000000000000000000e+00 0.000000000000000000e+00
0.000000000000000000e+00 0.000000000000000000e+00 0.000000000000000000e+00 0.000000000000000000e+00 0.000000000000000000e+00 0.000000000000000000e+00 0.000000000000000000e+00 0.000000000000000000e+00 0.000000000000000000e+00 0.000000000000000000e+00 0.000000000000000000e+00 0.000000000000000000e+00 0.000000000000000000e+00 0.000000000000000000e+00 0.000000000000000000e+00 0.000000000000000000e+00 0.000000000000000000e+00 0.000000000000000000e+00 0.000000000000000000e+00 0.000000000000000000e+00
0.000000000000000000e+00 0.000000000000000000e+00 0.000000000000000000e+00 0.000000000000000000e+00 0.000000000000000000e+00 0.000000000000000000e+00 0.000000000000000000e+00 0.000000000000000000e+00 0.000000000000000000e+00 0.000000000000000000e+00 0.000000000000000000e+00 0.000000000000000000e+00 0.000000000000000000e+00 0.000000000000000000e+00 0.000000000000000000e+00 0.000000000000000000e+00 0.000000000000000000e+00 0.000000000000000000e+00 0.000000000000000000e+00 0.000000000000000000e+00
0.000000000000000000e+00 0.000000000000000000e+00 0.000000000000000000e+00 0.000000000000000000e+00 0.000000000000000000e+00 0.000000000000000000e+00 0.000000000000000000e+00 0.000000000000000000e+00 0.000000000000000000e+00 0.000000000000000000e+00 0.000000000000000000e+00 0.000000000000000000e+00 0.000000000000000000e+00 0.000000000000000000e+00 0.000000000000000000e+00 0.000000000000000000e+00 0.000000000000000000e+00 0.000000000000000000e+00 0.000000000000000000e+00 0.000000000000000000e+00
0.000000000000000000e+00 0.000000000000000000e+00 0.000000000000000000e+00 0.000000000000000000e+00 0.000000000000000000e+00 0.000000000000000000e+00 0.000000000000000000e+00 0.000000000000000000e+00 0.000000000000000000e+00 0.000000000000000000e+00 0.000000000000000000e+00 0.000000000000000000e+00 0.000000000000000000e+00 0.000000000000000000e+00 0.000000000000000000e+00 0.000000000000000000e+00 0.000000000000000000e+00 0.000000000000000000e+00 0.000000000000000000e+00 0.000000000000000000e+00
0.000000000000000000e+00 0.000000000000000000e+00 0.000000000000000000e+00 0.000000000000000000e+00 0.000000000000000000e+00 0.000000000000000000e+00 0.000000000000000000e+00 0.000000000000000000e+00 0.000000000000000000e+00 0.000000000000000000e+00 0.000000000000000000e+00 0.000000000000000000e+00 0.000000000000000000e+00 0.000000000000000000e+00 0.000000000000000000e+00 0.000000000000000000e+00 0.000000000000000000e+00 0.000000000000000000e+00 0.000000000000000000e+00 0.000000000000000000e+00
0.000000000000000000e+00 0.000000000000000000e+00 0.000000000000000000e+00 0.000000000000000000e+00 0.000000000000000000e+00 0.000000000000000000e+00 0.000000000000000000e+00 0.000000000000000000e+00 0.000000000000000000e+00 0.000000000000000000e+00 0.000000000000000000e+00 0.000000000000000000e+00 0.000000000000000000e+00 0.000000000000000000e+00 0.000000000000000000e+00 0.000000000000000000e+00 0.000000000000000000e+00 0.000000000000000000e+00 0.000000000000000000e+00 0.000000000000000000e+00
0.000000000000000000e+00 0.000000000000000000e+00 0.000000000000000000e+00 0.000000000000000000e+00 0.000000000000000000e+00 0.000000000000000000e+00 0.000000000000000000e+00 0.000000000000000000e+00 0.000000000000000000e+00 0.000000000000000000e+00 0.000000000000000000e+00 0.000000000000000000e+00 0.000000000000000000e+00 0.000000000000000000e+00 0.000000000000000000e+00 0.000000000000000000e+00 0.000000000000000000e+00 0.000000000000000000e+00 0.000000000000000000e+00 0.000000000000000000e+00
0.000000000000000000e+00 0.000000000000000000e+00 0.000000000000000000e+00 0.000000000000000000e+00 0.000000000000000000e+00 0.000000000000000000e+00 0.000000000000000000e+00 0.000000000000000000e+00 0.000000000000000000e+00 0.000000000000000000e+00 0.000000000000000000e+00 0.000000000000000000e+00 0.000000000000000000e+00 0.000000000000000000e+00 0.000000000000000000e+00 0.000000000000000000e+00 0.000000000000000000e+00 0.000000000000000000e+00 0.000000000000000000e+00 0.000000000000000000e+00
0.000000000000000000e+00 0.000000000000000000e+00 0.000000000000000000e+00 0.000000000000000000e+00 0.000000000000000000e+00 0.000000000000000000e+00 0.000000000000000000e+00 0.000000000000000000e+00 0.000000000000000000e+00 0.000000000000000000e+00 0.000000000000000000e+00 0.000000000000000000e+00 0.000000000000000000e+00 0.000000000000000000e+00 0.000000000000000000e+00 0.000000000000000000e+00 0.000000000000000000e+00 0.000000000000000000e+00 0.000000000000000000e+00 0.000000000000000000e+00
0.000000000000000000e+00 0.000000000000000000e+00 0.000000000000000000e+00 0.000000000000000000e+00 0.000000000000000000e+00 0.000000000000000000e+00 0.000000000000000000e+00 0.000000000000000000e+00 0.000000000000000000e+00 0.000000000000000000e+00 0.000000000000000000e+00 0.000000000000000000e+00 0.000000000000000000e+00 0.000000000000000000e+00 0.000000000000000000e+00 0.000000000000000000e+00 0.000000000000000000e+00 0.000000000000000000e+00 0.000000000000000000e+00 0.000000000000000000e+00
0.000000000000000000e+00 0.000000000000000000e+00 0.000000000000000000e+00 0.000000000000000000e+00 0.000000000000000000e+00 0.000000000000000000e+00 0.000000000000000000e+00 0.000000000000000000e+00 0.000000000000000000e+00 0.000000000000000000e+00 0.000000000000000000e+00 0.000000000000000000e+00 0.000000000000000000e+00 0.000000000000000000e+00 0.000000000000000000e+00 0.000000000000000000e+00 0.000000000000000000e+00 0.000000000000000000e+00 0.000000000000000000e+00 0.000000000000000000e+00
0.000000000000000000e+00 0.000000000000000000e+00 0.000000000000000000e+00 0.000000000000000000e+00 0.000000000000000000e+00 0.000000000000000000e+00 0.000000000000000000e+00 0.000000000000000000e+00 0.000000000000000000e+00 0.000000000000000000e+00 0.000000000000000000e+00 0.000000000000000000e+00 0.000000000000000000e+00 0.000000000000000000e+00 0.000000000000000000e+00 0.000000000000000000e+00 0.000000000000000000e+00 0.000000000000000000e+00 0.000000000000000000e+00 0.000000000000000000e+00
0.000000000000000000e+00 0.000000000000000000e+00 0.000000000000000000e+00 0.000000000000000000e+00 0.000000000000000000e+00 0.000000000000000000e+00 0.000000000000000000e+00 0.000000000000000000e+00 0.000000000000000000e+00 0.000000000000000000e+00 0.000000000000000000e+00 0.000000000000000000e+00 0.000000000000000000e+00 0.000000000000000000e+00 0.000000000000000000e+00 0.000000000000000000e+00 0.000000000000000000e+00 0.000000000000000000e+00 0.000000000000000000e+00 2.500000000000000139e-02
