7.016621270781815602e-04 7.365134246351720234e-04 7.730957732130631400e-04 8.114951534738963201e-04 8.518018167072998912e-04 8.941104969509800849e-04 9.385206336471497036e-04 9.851366053582289936e-04 1.034067975091111430e-03 1.085429747806598713e-03 1.139342640719231579e-03 1.195933367022817455e-03 1.255334933708490610e-03 1.317686954175293886e-03 1.383135976368009192e-03 1.451835827213469876e-03 1.523947974164901846e-03 1.599641904704031696e-03 1.679095524692928235e-03 1.762495576511834573e-03
8.497375000000000345e-01 8.498499999999999943e-01 8.506624999999999881e-01 8.512499999999999512e-01 8.514749999999999819e-01 8.524125000000000174e-01 8.525374999999999481e-01 8.527500000000000080e-01 8.534749999999999837e-01 8.540624999999999467e-01 8.550250000000000350e-01 8.550999999999999712e-01 8.554500000000000437e-01 8.560499999999999776e-01 8.555374999999999508e-01 8.553374999999999728e-01 8.547500000000000098e-01 8.547624999999999806e-01 8.545000000000000373e-01 8.529499999999999860e-01
8.516749999999999599e-01 8.515374999999999472e-01 8.523874999999999647e-01 8.530750000000000277e-01 8.533250000000000002e-01 8.540874999999999995e-01 8.543874999999999664e-01 8.546749999999999625e-01 8.553874999999999673e-01 8.555749999999999744e-01 8.568375000000000297e-01 8.569499999999999895e-01 8.573250000000000037e-01 8.578124999999999778e-01 8.575249999999999817e-01 8.574500000000000455e-01 8.564000000000000501e-01 8.566124999999999989e-01 8.565374999999999517e-01 8.549250000000000460e-01
8.529375000000000151e-01 8.532250000000000112e-01 8.537000000000000144e-01 8.543500000000000538e-01 8.545875000000000554e-01 8.555749999999999744e-01 8.559375000000000178e-01 8.560624999999999485e-01 8.566624999999999934e-01 8.569624999999999604e-01 8.581250000000000266e-01 8.584500000000000464e-01 8.586500000000000243e-01 8.593625000000000291e-01 8.589499999999999913e-01 8.588124999999999787e-01 8.579375000000000195e-01 8.581250000000000266e-01 8.579875000000000140e-01 8.564874999999999572e-01
8.542999999999999483e-01 8.544749999999999845e-01 8.549124999999999641e-01 8.555874999999999453e-01 8.560375000000000068e-01 8.569875000000000131e-01 8.571499999999999675e-01 8.572374999999999856e-01 8.578875000000000250e-01 8.582625000000000393e-01 8.594500000000000473e-01 8.597749999999999559e-01 8.601374999999999993e-01 8.606249999999999734e-01 8.603750000000000009e-01 8.600750000000000339e-01 8.591374999999999984e-01 8.595000000000000417e-01 8.593250000000000055e-01 8.579750000000000432e-01
8.556500000000000217e-01 8.556500000000000217e-01 8.561625000000000485e-01 8.569750000000000423e-01 8.571874999999999911e-01 8.581625000000000503e-01 8.583874999999999700e-01 8.584874999999999590e-01 8.591874999999999929e-01 8.595000000000000417e-01 8.608000000000000096e-01 8.610375000000000112e-01 8.613625000000000309e-01 8.618875000000000286e-01 8.616374999999999451e-01 8.614374999999999671e-01 8.603750000000000009e-01 8.607500000000000151e-01 8.607124999999999915e-01 8.591874999999999929e-01
8.567500000000000115e-01 8.568750000000000533e-01 8.575000000000000400e-01 8.581625000000000503e-01 8.583874999999999700e-01 8.593250000000000055e-01 8.596249999999999725e-01 8.597500000000000142e-01 8.605374999999999552e-01 8.608624999999999750e-01 8.620375000000000121e-01 8.624125000000000263e-01 8.626249999999999751e-01 8.632125000000000492e-01 8.629499999999999948e-01 8.626125000000000043e-01 8.617875000000000396e-01 8.620124999999999593e-01 8.618999999999999995e-01 8.603750000000000009e-01
8.581499999999999684e-01 8.580999999999999739e-01 8.587249999999999606e-01 8.593625000000000291e-01 8.596249999999999725e-01 8.606375000000000552e-01 8.609124999999999694e-01 8.610499999999999821e-01 8.617875000000000396e-01 8.620499999999999829e-01 8.633625000000000327e-01 8.636374999999999469e-01 8.639499999999999957e-01 8.643874999999999753e-01 8.642125000000000501e-01 8.638624999999999776e-01 8.629999999999999893e-01 8.633250000000000091e-01 8.629750000000000476e-01 8.616749999999999687e-01
8.593499999999999472e-01 8.594500000000000473e-01 8.600250000000000394e-01 8.605749999999999789e-01 8.609750000000000458e-01 8.618624999999999758e-01 8.621874999999999956e-01 8.623125000000000373e-01 8.629375000000000240e-01 8.633374999999999799e-01 8.645749999999999824e-01 8.649375000000000258e-01 8.651499999999999746e-01 8.656749999999999723e-01 8.653999999999999471e-01 8.650999999999999801e-01 8.642750000000000155e-01 8.643625000000000336e-01 8.642874999999999863e-01 8.629750000000000476e-01
8.606249999999999734e-01 8.607375000000000442e-01 8.611999999999999655e-01 8.620250000000000412e-01 8.623125000000000373e-01 8.631375000000000020e-01 8.633874999999999744e-01 8.635374999999999579e-01 8.642374999999999918e-01 8.646625000000000005e-01 8.659000000000000030e-01 8.661999999999999700e-01 8.663874999999999771e-01 8.668875000000000330e-01 8.665749999999999842e-01 8.661124999999999519e-01 8.653250000000000108e-01 8.655874999999999542e-01 8.655374999999999597e-01 8.641874999999999973e-01
8.618124999999999813e-01 8.618624999999999758e-01 8.624500000000000499e-01 8.632874999999999854e-01 8.635500000000000398e-01 8.643374999999999808e-01 8.645874999999999533e-01 8.648500000000000076e-01 8.657000000000000250e-01 8.658124999999999849e-01 8.669624999999999693e-01 8.672750000000000181e-01 8.675749999999999851e-01 8.680124999999999647e-01 8.675000000000000488e-01 8.673374999999999835e-01 8.666749999999999732e-01 8.668000000000000149e-01 8.666875000000000551e-01 8.652374999999999927e-01
8.630750000000000366e-01 8.631999999999999673e-01 8.637500000000000178e-01 8.645249999999999879e-01 8.647249999999999659e-01 8.657249999999999668e-01 8.659624999999999684e-01 8.662499999999999645e-01 8.667124999999999968e-01 8.669750000000000512e-01 8.680999999999999828e-01 8.683625000000000371e-01 8.687000000000000277e-01 8.689624999999999710e-01 8.687249999999999694e-01 8.685000000000000497e-01 8.678249999999999575e-01 8.679999999999999938e-01 8.678500000000000103e-01 8.664374999999999716e-01
8.642874999999999863e-01 8.644500000000000517e-01 8.649624999999999675e-01 8.657000000000000250e-01 8.660624999999999574e-01 8.669000000000000039e-01 8.672999999999999599e-01 8.672250000000000236e-01 8.678749999999999520e-01 8.680624999999999591e-01 8.691375000000000073e-01 8.694374999999999742e-01 8.696500000000000341e-01 8.702625000000000499e-01 8.700124999999999664e-01 8.696249999999999813e-01 8.689249999999999474e-01 8.691750000000000309e-01 8.690624999999999600e-01 8.676874999999999449e-01
8.655625000000000124e-01 8.657000000000000250e-01 8.661999999999999700e-01 8.669375000000000275e-01 8.673125000000000417e-01 8.681250000000000355e-01 8.682125000000000536e-01 8.683499999999999552e-01 8.689999999999999947e-01 8.691375000000000073e-01 8.702874999999999917e-01 8.704749999999999988e-01 8.708875000000000366e-01 8.714625000000000288e-01 8.710999999999999854e-01 8.708249999999999602e-01 8.700875000000000137e-01 8.703999999999999515e-01 8.704125000000000334e-01 8.693125000000000435e-01
8.667624999999999913e-01 8.670250000000000457e-01 8.674374999999999725e-01 8.681124999999999536e-01 8.686125000000000096e-01 8.691750000000000309e-01 8.693499999999999561e-01 8.694749999999999979e-01 8.701750000000000318e-01 8.702125000000000554e-01 8.713374999999999870e-01 8.717875000000000485e-01 8.721124999999999572e-01 8.724499999999999478e-01 8.722374999999999989e-01 8.719749999999999446e-01 8.714749999999999996e-01 8.718375000000000430e-01 8.719624999999999737e-01 8.705625000000000169e-01
8.681375000000000064e-01 8.681624999999999481e-01 8.686625000000000041e-01 8.693750000000000089e-01 8.696749999999999758e-01 8.702250000000000263e-01 8.704499999999999460e-01 8.705874999999999586e-01 8.712374999999999980e-01 8.712999999999999634e-01 8.727875000000000494e-01 8.730124999999999691e-01 8.731875000000000053e-01 8.735874999999999613e-01 8.735125000000000250e-01 8.732374999999999998e-01 8.729500000000000037e-01 8.731624999999999526e-01 8.731624999999999526e-01 8.718624999999999847e-01
8.693374999999999853e-01 8.693999999999999506e-01 8.699375000000000302e-01 8.704749999999999988e-01 8.706874999999999476e-01 8.713750000000000107e-01 8.715874999999999595e-01 8.717125000000000012e-01 8.722499999999999698e-01 8.726749999999999785e-01 8.738500000000000156e-01 8.740875000000000172e-01 8.744625000000000314e-01 8.749500000000000055e-01 8.747000000000000330e-01 8.748000000000000220e-01 8.741999999999999771e-01 8.743999999999999551e-01 8.744750000000000023e-01 8.729749999999999455e-01
8.706374999999999531e-01 8.705500000000000460e-01 8.710499999999999909e-01 8.714250000000000052e-01 8.718500000000000139e-01 8.725500000000000478e-01 8.729000000000000092e-01 8.727749999999999675e-01 8.736249999999999849e-01 8.737875000000000503e-01 8.749124999999999819e-01 8.753250000000000197e-01 8.756874999999999520e-01 8.761624999999999552e-01 8.762999999999999678e-01 8.760750000000000481e-01 8.754874999999999741e-01 8.756874999999999520e-01 8.755749999999999922e-01 8.743374999999999897e-01
8.718500000000000139e-01 8.716749999999999776e-01 8.720375000000000210e-01 8.726125000000000131e-01 8.730499999999999927e-01 8.737500000000000266e-01 8.739875000000000282e-01 8.740999999999999881e-01 8.747875000000000512e-01 8.749124999999999819e-01 8.761375000000000135e-01 8.764750000000000041e-01 8.769500000000000073e-01 8.777000000000000357e-01 8.775374999999999703e-01 8.772750000000000270e-01 8.767125000000000057e-01 8.767125000000000057e-01 8.768500000000000183e-01 8.755500000000000504e-01
8.730124999999999691e-01 8.726374999999999549e-01 8.733125000000000471e-01 8.738624999999999865e-01 8.743499999999999606e-01 8.749375000000000346e-01 8.752625000000000544e-01 8.752375000000000016e-01 8.759875000000000300e-01 8.759875000000000300e-01 8.772874999999999979e-01 8.776625000000000121e-01 8.784750000000000059e-01 8.788500000000000201e-01 8.787500000000000311e-01 8.785250000000000004e-01 8.778000000000000247e-01 8.779249999999999554e-01 8.780375000000000263e-01 8.769375000000000364e-01
8.739875000000000282e-01 8.738749999999999574e-01 8.747249999999999748e-01 8.750624999999999654e-01 8.755625000000000213e-01 8.761999999999999789e-01 8.764750000000000041e-01 8.764750000000000041e-01 8.771624999999999561e-01 8.771999999999999797e-01 8.784374999999999822e-01 8.791375000000000162e-01 8.797125000000000083e-01 8.800875000000000226e-01 8.799249999999999572e-01 8.796500000000000430e-01 8.790624999999999689e-01 8.791375000000000162e-01 8.792499999999999760e-01 8.783625000000000460e-01
8.751875000000000071e-01 8.752750000000000252e-01 8.760375000000000245e-01 8.762499999999999734e-01 8.769124999999999837e-01 8.774374999999999813e-01 8.776125000000000176e-01 8.776874999999999538e-01 8.783125000000000515e-01 8.783750000000000169e-01 8.797874999999999446e-01 8.803125000000000533e-01 8.810249999999999471e-01 8.811750000000000416e-01 8.810000000000000053e-01 8.810000000000000053e-01 8.803374999999999950e-01 8.804125000000000423e-01 8.806249999999999911e-01 8.794250000000000123e-01
8.766374999999999584e-01 8.765500000000000513e-01 8.773874999999999869e-01 8.776374999999999593e-01 8.781375000000000153e-01 8.787500000000000311e-01 8.789375000000000382e-01 8.789124999999999854e-01 8.795500000000000540e-01 8.797249999999999792e-01 8.811750000000000416e-01 8.815499999999999448e-01 8.821750000000000425e-01 8.823625000000000496e-01 8.822499999999999787e-01 8.823125000000000551e-01 8.815499999999999448e-01 8.816374999999999629e-01 8.817374999999999519e-01 8.808375000000000510e-01
8.778624999999999901e-01 8.779500000000000082e-01 8.785874999999999657e-01 8.789500000000000091e-01 8.794499999999999540e-01 8.801124999999999643e-01 8.800375000000000281e-01 8.801499999999999879e-01 8.808500000000000218e-01 8.812124999999999542e-01 8.823250000000000259e-01 8.828875000000000473e-01 8.832999999999999741e-01 8.836749999999999883e-01 8.836125000000000229e-01 8.834499999999999575e-01 8.829000000000000181e-01 8.828375000000000528e-01 8.830750000000000544e-01 8.822250000000000369e-01
8.792375000000000052e-01 8.793250000000000233e-01 8.800000000000000044e-01 8.801875000000000115e-01 8.808249999999999691e-01 8.812624999999999487e-01 8.812750000000000306e-01 8.815625000000000266e-01 8.823999999999999622e-01 8.824499999999999567e-01 8.836000000000000520e-01 8.840750000000000552e-01 8.846749999999999892e-01 8.851499999999999924e-01 8.848875000000000490e-01 8.847125000000000128e-01 8.841375000000000206e-01 8.841624999999999623e-01 8.843374999999999986e-01 8.838000000000000300e-01
8.806874999999999565e-01 8.807125000000000092e-01 8.814125000000000432e-01 8.815749999999999975e-01 8.820750000000000535e-01 8.825374999999999748e-01 8.826500000000000457e-01 8.831375000000000197e-01 8.836500000000000465e-01 8.836500000000000465e-01 8.846500000000000474e-01 8.854125000000000467e-01 8.861250000000000515e-01 8.863250000000000295e-01 8.862875000000000059e-01 8.860624999999999751e-01 8.854625000000000412e-01 8.854250000000000176e-01 8.858875000000000499e-01 8.853250000000000286e-01
8.821875000000000133e-01 8.822999999999999732e-01 8.828375000000000528e-01 8.830124999999999780e-01 8.833374999999999977e-01 8.838749999999999662e-01 8.842250000000000387e-01 8.845499999999999474e-01 8.849249999999999616e-01 8.849500000000000144e-01 8.861250000000000515e-01 8.868749999999999689e-01 8.872999999999999776e-01 8.876500000000000501e-01 8.874499999999999611e-01 8.873874999999999957e-01 8.867125000000000146e-01 8.868374999999999453e-01 8.872124999999999595e-01 8.867125000000000146e-01
8.837000000000000410e-01 8.838500000000000245e-01 8.843750000000000222e-01 8.842999999999999750e-01 8.847000000000000419e-01 8.854999999999999538e-01 8.855125000000000357e-01 8.858875000000000499e-01 8.862499999999999822e-01 8.863625000000000531e-01 8.875999999999999446e-01 8.882375000000000131e-01 8.885499999999999510e-01 8.890624999999999778e-01 8.887874999999999526e-01 8.886874999999999636e-01 8.882124999999999604e-01 8.882750000000000368e-01 8.886874999999999636e-01 8.881000000000000005e-01
8.852499999999999813e-01 8.854374999999999885e-01 8.858249999999999735e-01 8.856625000000000192e-01 8.863375000000000004e-01 8.868249999999999744e-01 8.868875000000000508e-01 8.872624999999999540e-01 8.876625000000000210e-01 8.878249999999999753e-01 8.889875000000000416e-01 8.894499999999999629e-01 8.899124999999999952e-01 8.903375000000000039e-01 8.901499999999999968e-01 8.900875000000000314e-01 8.897125000000000172e-01 8.897500000000000409e-01 8.899624999999999897e-01 8.897749999999999826e-01
8.870249999999999524e-01 8.870749999999999469e-01 8.872875000000000068e-01 8.871999999999999886e-01 8.878500000000000281e-01 8.883375000000000021e-01 8.883250000000000313e-01 8.885999999999999455e-01 8.890500000000000069e-01 8.893250000000000322e-01 8.902750000000000385e-01 8.909749999999999615e-01 8.914125000000000520e-01 8.917249999999999899e-01 8.914499999999999647e-01 8.915250000000000119e-01 8.912375000000000158e-01 8.910624999999999796e-01 8.917125000000000190e-01 8.913250000000000339e-01
8.886874999999999636e-01 8.885250000000000092e-01 8.889500000000000179e-01 8.889500000000000179e-01 8.894374999999999920e-01 8.898249999999999771e-01 8.898000000000000353e-01 8.900749999999999496e-01 8.905625000000000346e-01 8.906874999999999654e-01 8.918249999999999789e-01 8.925499999999999545e-01 8.928000000000000380e-01 8.931124999999999758e-01 8.930749999999999522e-01 8.929249999999999687e-01 8.926874999999999671e-01 8.927125000000000199e-01 8.933250000000000357e-01 8.930249999999999577e-01
8.903375000000000039e-01 8.901375000000000259e-01 8.907374999999999599e-01 8.905750000000000055e-01 8.911249999999999449e-01 8.913999999999999702e-01 8.913750000000000284e-01 8.917000000000000481e-01 8.922375000000000167e-01 8.922750000000000403e-01 8.933875000000000011e-01 8.938874999999999460e-01 8.943375000000000075e-01 8.945750000000000091e-01 8.946625000000000272e-01 8.945750000000000091e-01 8.940000000000000169e-01 8.946499999999999453e-01 8.948374999999999524e-01 8.947874999999999579e-01
8.919500000000000206e-01 8.920500000000000096e-01 8.923499999999999766e-01 8.924874999999999892e-01 8.928749999999999742e-01 8.930375000000000396e-01 8.929500000000000215e-01 8.933624999999999483e-01 8.939124999999999988e-01 8.939249999999999696e-01 8.948374999999999524e-01 8.955499999999999572e-01 8.959875000000000478e-01 8.962999999999999856e-01 8.962124999999999675e-01 8.960624999999999840e-01 8.957000000000000517e-01 8.961875000000000258e-01 8.964499999999999691e-01 8.966499999999999471e-01
8.937874999999999570e-01 8.940749999999999531e-01 8.942124999999999657e-01 8.941624999999999712e-01 8.943875000000000020e-01 8.946749999999999980e-01 8.947500000000000453e-01 8.950000000000000178e-01 8.957374999999999643e-01 8.958125000000000115e-01 8.965499999999999581e-01 8.971124999999999794e-01 8.977500000000000480e-01 8.979375000000000551e-01 8.977625000000000188e-01 8.977249999999999952e-01 8.973124999999999574e-01 8.977374999999999661e-01 8.983624999999999527e-01 8.984625000000000528e-01
8.960124999999999895e-01 8.958749999999999769e-01 8.959624999999999950e-01 8.958625000000000060e-01 8.963999999999999746e-01 8.965374999999999872e-01 8.966374999999999762e-01 8.968874999999999487e-01 8.976499999999999480e-01 8.974250000000000282e-01 8.983624999999999527e-01 8.991000000000000103e-01 8.993875000000000064e-01 8.996625000000000316e-01 8.995499999999999607e-01 8.995750000000000135e-01 8.992375000000000229e-01 8.996125000000000371e-01 9.002375000000000238e-01 9.002000000000000002e-01
8.980500000000000149e-01 8.979749999999999677e-01 8.980624999999999858e-01 8.979249999999999732e-01 8.983999999999999764e-01 8.985499999999999599e-01 8.987249999999999961e-01 8.989875000000000504e-01 8.995125000000000481e-01 8.994750000000000245e-01 9.004499999999999726e-01 9.011624999999999774e-01 9.011875000000000302e-01 9.014375000000000027e-01 9.014124999999999499e-01 9.013750000000000373e-01 9.010249999999999648e-01 9.015874999999999861e-01 9.019625000000000004e-01 9.022375000000000256e-01
9.002999999999999892e-01 9.001624999999999766e-01 9.000249999999999639e-01 9.000124999999999931e-01 9.006750000000000034e-01 9.006750000000000034e-01 9.009000000000000341e-01 9.010000000000000231e-01 9.016999999999999460e-01 9.015625000000000444e-01 9.027625000000000233e-01 9.029749999999999721e-01 9.029875000000000540e-01 9.034375000000000044e-01 9.030500000000000194e-01 9.031124999999999847e-01 9.032000000000000028e-01 9.034750000000000281e-01 9.038625000000000131e-01 9.040375000000000494e-01
9.023999999999999799e-01 9.022124999999999728e-01 9.023624999999999563e-01 9.023999999999999799e-01 9.027125000000000288e-01 9.029374999999999485e-01 9.032000000000000028e-01 9.033999999999999808e-01 9.038374999999999604e-01 9.037625000000000242e-01 9.047500000000000542e-01 9.050000000000000266e-01 9.050249999999999684e-01 9.053624999999999590e-01 9.049749999999999739e-01 9.053875000000000117e-01 9.053124999999999645e-01 9.054250000000000353e-01 9.060124999999999984e-01 9.060375000000000512e-01
9.048374999999999613e-01 9.048500000000000432e-01 9.051000000000000156e-01 9.046999999999999487e-01 9.050249999999999684e-01 9.052750000000000519e-01 9.052375000000000282e-01 9.056250000000000133e-01 9.061749999999999527e-01 9.062999999999999945e-01 9.069749999999999757e-01 9.071249999999999591e-01 9.072000000000000064e-01 9.076125000000000442e-01 9.069500000000000339e-01 9.076750000000000096e-01 9.072875000000000245e-01 9.075874999999999915e-01 9.080624999999999947e-01 9.078749999999999876e-01
9.073624999999999607e-01 9.074124999999999552e-01 9.075125000000000552e-01 9.071124999999999883e-01 9.075499999999999678e-01 9.075125000000000552e-01 9.077749999999999986e-01 9.082875000000000254e-01 9.086499999999999577e-01 9.086750000000000105e-01 9.092249999999999499e-01 9.093624999999999625e-01 9.092124999999999790e-01 9.097750000000000004e-01 9.094124999999999570e-01 9.098374999999999657e-01 9.095250000000000279e-01 9.097750000000000004e-01 9.100749999999999673e-01 9.102249999999999508e-01
9.099874999999999492e-01 9.101500000000000146e-01 9.100125000000000020e-01 9.097750000000000004e-01 9.100500000000000256e-01 9.100375000000000547e-01 9.105374999999999996e-01 9.108000000000000540e-01 9.112875000000000281e-01 9.111500000000000155e-01 9.115999999999999659e-01 9.116374999999999895e-01 9.117750000000000021e-01 9.122500000000000053e-01 9.118749999999999911e-01 9.119000000000000439e-01 9.119500000000000384e-01 9.121624999999999872e-01 9.121500000000000163e-01 9.127750000000000030e-01
9.128500000000000503e-01 9.128749999999999920e-01 9.127125000000000377e-01 9.125750000000000250e-01 9.126874999999999849e-01 9.127374999999999794e-01 9.133624999999999661e-01 9.136999999999999567e-01 9.139874999999999527e-01 9.136499999999999622e-01 9.141000000000000236e-01 9.140875000000000528e-01 9.143124999999999725e-01 9.147750000000000048e-01 9.143750000000000488e-01 9.143875000000000197e-01 9.143250000000000544e-01 9.142249999999999543e-01 9.147874999999999757e-01 9.152500000000000080e-01
9.156874999999999876e-01 9.157625000000000348e-01 9.157374999999999821e-01 9.153250000000000552e-01 9.155499999999999750e-01 9.154875000000000096e-01 9.163249999999999451e-01 9.164499999999999869e-01 9.165124999999999522e-01 9.163750000000000506e-01 9.167374999999999829e-01 9.169125000000000192e-01 9.173000000000000043e-01 9.175499999999999767e-01 9.168625000000000247e-01 9.169249999999999901e-01 9.168250000000000011e-01 9.168500000000000538e-01 9.175624999999999476e-01 9.176499999999999657e-01
9.185999999999999721e-01 9.187625000000000375e-01 9.187499999999999556e-01 9.184250000000000469e-01 9.185750000000000304e-01 9.185999999999999721e-01 9.194999999999999840e-01 9.193500000000000005e-01 9.194124999999999659e-01 9.191124999999999989e-01 9.194624999999999604e-01 9.196374999999999966e-01 9.201875000000000471e-01 9.201500000000000234e-01 9.195999999999999730e-01 9.195875000000000021e-01 9.195124999999999549e-01 9.197999999999999510e-01 9.203249999999999487e-01 9.206499999999999684e-01
9.217499999999999583e-01 9.220374999999999543e-01 9.217874999999999819e-01 9.215124999999999567e-01 9.217750000000000110e-01 9.219374999999999654e-01 9.224124999999999686e-01 9.221249999999999725e-01 9.223749999999999449e-01 9.220374999999999543e-01 9.224999999999999867e-01 9.226625000000000520e-01 9.232749999999999568e-01 9.231500000000000261e-01 9.223124999999999796e-01 9.222375000000000433e-01 9.226999999999999647e-01 9.227625000000000410e-01 9.230125000000000135e-01 9.234999999999999876e-01
9.249000000000000554e-01 9.251249999999999751e-01 9.252624999999999877e-01 9.244750000000000467e-01 9.251125000000000043e-01 9.250874999999999515e-01 9.253875000000000295e-01 9.251500000000000279e-01 9.253624999999999767e-01 9.249374999999999680e-01 9.255875000000000075e-01 9.258374999999999799e-01 9.264250000000000540e-01 9.260749999999999815e-01 9.252500000000000169e-01 9.252000000000000224e-01 9.257999999999999563e-01 9.256750000000000256e-01 9.262249999999999650e-01 9.264999999999999902e-01
9.281749999999999723e-01 9.284375000000000266e-01 9.284499999999999975e-01 9.279374999999999707e-01 9.286375000000000046e-01 9.281500000000000306e-01 9.282124999999999959e-01 9.281500000000000306e-01 9.287625000000000464e-01 9.281249999999999778e-01 9.285875000000000101e-01 9.290500000000000425e-01 9.294249999999999456e-01 9.289250000000000007e-01 9.280749999999999833e-01 9.285499999999999865e-01 9.289500000000000535e-01 9.287874999999999881e-01 9.294124999999999748e-01 9.298750000000000071e-01
9.316375000000000073e-01 9.317874999999999908e-01 9.314500000000000002e-01 9.314375000000000293e-01 9.321374999999999522e-01 9.314875000000000238e-01 9.315250000000000474e-01 9.313124999999999876e-01 9.318750000000000089e-01 9.312875000000000458e-01 9.318874999999999797e-01 9.322749999999999648e-01 9.324500000000000011e-01 9.318999999999999506e-01 9.313000000000000167e-01 9.316250000000000364e-01 9.319374999999999742e-01 9.319749999999999979e-01 9.325499999999999901e-01 9.330749999999999877e-01
9.350374999999999659e-01 9.351874999999999494e-01 9.347750000000000226e-01 9.348625000000000407e-01 9.352624999999999966e-01 9.346250000000000391e-01 9.344999999999999973e-01 9.349125000000000352e-01 9.351125000000000131e-01 9.346124999999999572e-01 9.351374999999999549e-01 9.356750000000000345e-01 9.355999999999999872e-01 9.350500000000000478e-01 9.346999999999999753e-01 9.349499999999999478e-01 9.349499999999999478e-01 9.350874999999999604e-01 9.359625000000000306e-01 9.362125000000000030e-01
9.383624999999999883e-01 9.385750000000000481e-01 9.382249999999999757e-01 9.385124999999999718e-01 9.386124999999999607e-01 9.378874999999999851e-01 9.379250000000000087e-01 9.383249999999999647e-01 9.385000000000000009e-01 9.381000000000000449e-01 9.384749999999999481e-01 9.388250000000000206e-01 9.386750000000000371e-01 9.382125000000000048e-01 9.377625000000000544e-01 9.379750000000000032e-01 9.380874999999999631e-01 9.382500000000000284e-01 9.392875000000000529e-01 9.393875000000000419e-01
9.417624999999999469e-01 9.420374999999999721e-01 9.417250000000000343e-01 9.418125000000000524e-01 9.418125000000000524e-01 9.410250000000000004e-01 9.411749999999999838e-01 9.414375000000000382e-01 9.417375000000000052e-01 9.415999999999999925e-01 9.419374999999999831e-01 9.422125000000000083e-01 9.417999999999999705e-01 9.418999999999999595e-01 9.408250000000000224e-01 9.409999999999999476e-01 9.413500000000000201e-01 9.416250000000000453e-01 9.424749999999999517e-01 9.425124999999999753e-01
9.451000000000000512e-01 9.452500000000000346e-01 9.452500000000000346e-01 9.454000000000000181e-01 9.449874999999999803e-01 9.444500000000000117e-01 9.447124999999999551e-01 9.447250000000000369e-01 9.451000000000000512e-01 9.447875000000000023e-01 9.454624999999999835e-01 9.455750000000000544e-01 9.449625000000000385e-01 9.451249999999999929e-01 9.443249999999999700e-01 9.442000000000000393e-01 9.446999999999999842e-01 9.450374999999999748e-01 9.454124999999999890e-01 9.459374999999999867e-01
9.485749999999999460e-01 9.487999999999999767e-01 9.487499999999999822e-01 9.486124999999999696e-01 9.482749999999999790e-01 9.476750000000000451e-01 9.481000000000000538e-01 9.480750000000000011e-01 9.486124999999999696e-01 9.482625000000000082e-01 9.489874999999999838e-01 9.487624999999999531e-01 9.484000000000000208e-01 9.482625000000000082e-01 9.475500000000000034e-01 9.474249999999999616e-01 9.480874999999999719e-01 9.482625000000000082e-01 9.487875000000000059e-01 9.495875000000000288e-01
9.517499999999999849e-01 9.522749999999999826e-01 9.520250000000000101e-01 9.518624999999999448e-01 9.514249999999999652e-01 9.510499999999999510e-01 9.512125000000000163e-01 9.515875000000000306e-01 9.517875000000000085e-01 9.517999999999999794e-01 9.521625000000000227e-01 9.519250000000000211e-01 9.518624999999999448e-01 9.514624999999999888e-01 9.507250000000000423e-01 9.508124999999999494e-01 9.515875000000000306e-01 9.514500000000000179e-01 9.521500000000000519e-01 9.528624999999999456e-01
9.551125000000000309e-01 9.557124999999999648e-01 9.551125000000000309e-01 9.550999999999999490e-01 9.547999999999999821e-01 9.543500000000000316e-01 9.544124999999999970e-01 9.547750000000000403e-01 9.551374999999999726e-01 9.549999999999999600e-01 9.553374999999999506e-01 9.550625000000000364e-01 9.549250000000000238e-01 9.544749999999999623e-01 9.539374999999999938e-01 9.541625000000000245e-01 9.548250000000000348e-01 9.544749999999999623e-01 9.553874999999999451e-01 9.559125000000000538e-01
9.585249999999999604e-01 9.589750000000000218e-01 9.581125000000000336e-01 9.580125000000000446e-01 9.581625000000000281e-01 9.575624999999999831e-01 9.576875000000000249e-01 9.580999999999999517e-01 9.584749999999999659e-01 9.583500000000000352e-01 9.581125000000000336e-01 9.582000000000000517e-01 9.579874999999999918e-01 9.575000000000000178e-01 9.569874999999999909e-01 9.575624999999999831e-01 9.580374999999999863e-01 9.577624999999999611e-01 9.587124999999999675e-01 9.591250000000000053e-01
9.616000000000000103e-01 9.619874999999999954e-01 9.611499999999999488e-01 9.611625000000000307e-01 9.612625000000000197e-01 9.605875000000000385e-01 9.610499999999999599e-01 9.611125000000000362e-01 9.616624999999999757e-01 9.613625000000000087e-01 9.611874999999999725e-01 9.614125000000000032e-01 9.609999999999999654e-01 9.603625000000000078e-01 9.601750000000000007e-01 9.608499999999999819e-01 9.611625000000000307e-01 9.607124999999999693e-01 9.617250000000000520e-01 9.623000000000000442e-01
9.646875000000000311e-01 9.650374999999999925e-01 9.642749999999999932e-01 9.642749999999999932e-01 9.642249999999999988e-01 9.633749999999999813e-01 9.640499999999999625e-01 9.639999999999999680e-01 9.647000000000000020e-01 9.643749999999999822e-01 9.641374999999999806e-01 9.645000000000000240e-01 9.640125000000000499e-01 9.631874999999999742e-01 9.635749999999999593e-01 9.639874999999999972e-01 9.638999999999999790e-01 9.640874999999999861e-01 9.648375000000000146e-01 9.652625000000000233e-01
9.677249999999999464e-01 9.677375000000000282e-01 9.667624999999999691e-01 9.673874999999999558e-01 9.671750000000000069e-01 9.662125000000000297e-01 9.670625000000000471e-01 9.671374999999999833e-01 9.674874999999999448e-01 9.671750000000000069e-01 9.670250000000000234e-01 9.674500000000000322e-01 9.667750000000000510e-01 9.660250000000000226e-01 9.665124999999999966e-01 9.665875000000000439e-01 9.668750000000000400e-01 9.668250000000000455e-01 9.677375000000000282e-01 9.680374999999999952e-01
9.706124999999999892e-01 9.704374999999999529e-01 9.696749999999999536e-01 9.701250000000000151e-01 9.696749999999999536e-01 9.689875000000000016e-01 9.696624999999999828e-01 9.699375000000000080e-01 9.704125000000000112e-01 9.697875000000000245e-01 9.697500000000000009e-01 9.701499999999999568e-01 9.694000000000000394e-01 9.693500000000000449e-01 9.693874999999999575e-01 9.695375000000000520e-01 9.695124999999999993e-01 9.697249999999999481e-01 9.704374999999999529e-01 9.709624999999999506e-01
9.732625000000000304e-01 9.729875000000000052e-01 9.723500000000000476e-01 9.728875000000000162e-01 9.721125000000000460e-01 9.717500000000000027e-01 9.725249999999999728e-01 9.725000000000000311e-01 9.729499999999999815e-01 9.724125000000000130e-01 9.728624999999999634e-01 9.728250000000000508e-01 9.719375000000000098e-01 9.720499999999999696e-01 9.723500000000000476e-01 9.721874999999999822e-01 9.723249999999999948e-01 9.723374999999999657e-01 9.731625000000000414e-01 9.734249999999999847e-01
9.755000000000000338e-01 9.757000000000000117e-01 9.748624999999999652e-01 9.753125000000000266e-01 9.745374999999999455e-01 9.744625000000000092e-01 9.751625000000000432e-01 9.750375000000000014e-01 9.754125000000000156e-01 9.749250000000000416e-01 9.753374999999999684e-01 9.753625000000000211e-01 9.742625000000000313e-01 9.746749999999999581e-01 9.749624999999999542e-01 9.745624999999999982e-01 9.750499999999999723e-01 9.748124999999999707e-01 9.757624999999999771e-01 9.757875000000000298e-01
9.778124999999999734e-01 9.779875000000000096e-01 9.771250000000000213e-01 9.776375000000000481e-01 9.770375000000000032e-01 9.766249999999999654e-01 9.773625000000000229e-01 9.774000000000000465e-01 9.778124999999999734e-01 9.772250000000000103e-01 9.777875000000000316e-01 9.774125000000000174e-01 9.764500000000000401e-01 9.770624999999999449e-01 9.771374999999999922e-01 9.768750000000000488e-01 9.772750000000000048e-01 9.773500000000000520e-01 9.779875000000000096e-01 9.782125000000000403e-01
9.799499999999999877e-01 9.800750000000000295e-01 9.792499999999999538e-01 9.799250000000000460e-01 9.792499999999999538e-01 9.790874999999999995e-01 9.797749999999999515e-01 9.794874999999999554e-01 9.801499999999999657e-01 9.795000000000000373e-01 9.798875000000000224e-01 9.793625000000000247e-01 9.788249999999999451e-01 9.793749999999999956e-01 9.792750000000000066e-01 9.790250000000000341e-01 9.797249999999999570e-01 9.793874999999999664e-01 9.801374999999999948e-01 9.803749999999999964e-01
9.820750000000000313e-01 9.819750000000000423e-01 9.815125000000000099e-01 9.818999999999999950e-01 9.814125000000000210e-01 9.811874999999999902e-01 9.817375000000000407e-01 9.815125000000000099e-01 9.820124999999999549e-01 9.814874999999999572e-01 9.819499999999999895e-01 9.815374999999999517e-01 9.809875000000000123e-01 9.815249999999999808e-01 9.813499999999999446e-01 9.813874999999999682e-01 9.819250000000000478e-01 9.813749999999999973e-01 9.822250000000000147e-01 9.822374999999999856e-01
9.840124999999999567e-01 9.838875000000000259e-01 9.832874999999999810e-01 9.839124999999999677e-01 9.831999999999999629e-01 9.831874999999999920e-01 9.837000000000000188e-01 9.834749999999999881e-01 9.838000000000000078e-01 9.834625000000000172e-01 9.839624999999999622e-01 9.833250000000000046e-01 9.831124999999999448e-01 9.834874999999999590e-01 9.831499999999999684e-01 9.832374999999999865e-01 9.839250000000000496e-01 9.832750000000000101e-01 9.842999999999999527e-01 9.841374999999999984e-01
9.857624999999999860e-01 9.857749999999999568e-01 9.848749999999999449e-01 9.857249999999999623e-01 9.850750000000000339e-01 9.848375000000000323e-01 9.854000000000000536e-01 9.852125000000000465e-01 9.856875000000000497e-01 9.852125000000000465e-01 9.856000000000000316e-01 9.850750000000000339e-01 9.849250000000000504e-01 9.853750000000000009e-01 9.847875000000000378e-01 9.849499999999999922e-01 9.859375000000000222e-01 9.851250000000000284e-01 9.859499999999999931e-01 9.858375000000000332e-01
9.872374999999999901e-01 9.873625000000000318e-01 9.866749999999999687e-01 9.873125000000000373e-01 9.866624999999999979e-01 9.864500000000000490e-01 9.872874999999999845e-01 9.868500000000000050e-01 9.871750000000000247e-01 9.868999999999999995e-01 9.872874999999999845e-01 9.866374999999999451e-01 9.866624999999999979e-01 9.872125000000000483e-01 9.865874999999999506e-01 9.867249999999999632e-01 9.872374999999999901e-01 9.867375000000000451e-01 9.875374999999999570e-01 9.874625000000000208e-01
9.887749999999999595e-01 9.888375000000000359e-01 9.879999999999999893e-01 9.886749999999999705e-01 9.882874999999999854e-01 9.877500000000000169e-01 9.887124999999999941e-01 9.882625000000000437e-01 9.887375000000000469e-01 9.884500000000000508e-01 9.888249999999999540e-01 9.880499999999999838e-01 9.881750000000000256e-01 9.887624999999999886e-01 9.879624999999999657e-01 9.882499999999999618e-01 9.886875000000000524e-01 9.883874999999999744e-01 9.889250000000000540e-01 9.888875000000000304e-01
9.901375000000000037e-01 9.901750000000000274e-01 9.896625000000000005e-01 9.900624999999999565e-01 9.894874999999999643e-01 9.891750000000000265e-01 9.899250000000000549e-01 9.896875000000000533e-01 9.901750000000000274e-01 9.897375000000000478e-01 9.899124999999999730e-01 9.894374999999999698e-01 9.894874999999999643e-01 9.901250000000000329e-01 9.892874999999999863e-01 9.895500000000000407e-01 9.900499999999999856e-01 9.897000000000000242e-01 9.901624999999999455e-01 9.901624999999999455e-01
9.912499999999999645e-01 9.912874999999999881e-01 9.907624999999999904e-01 9.915000000000000480e-01 9.906875000000000542e-01 9.905749999999999833e-01 9.911124999999999519e-01 9.910624999999999574e-01 9.913625000000000353e-01 9.911375000000000046e-01 9.911499999999999755e-01 9.905874999999999542e-01 9.908749999999999503e-01 9.912999999999999590e-01 9.905000000000000471e-01 9.907375000000000487e-01 9.912750000000000172e-01 9.908124999999999849e-01 9.914500000000000535e-01 9.915374999999999606e-01
9.923999999999999488e-01 9.922999999999999599e-01 9.919750000000000512e-01 9.926625000000000032e-01 9.918749999999999512e-01 9.918749999999999512e-01 9.921250000000000346e-01 9.921499999999999764e-01 9.925000000000000488e-01 9.922999999999999599e-01 9.924625000000000252e-01 9.915374999999999606e-01 9.919875000000000220e-01 9.923874999999999780e-01 9.916500000000000314e-01 9.919875000000000220e-01 9.923750000000000071e-01 9.918000000000000149e-01 9.923999999999999488e-01 9.924374999999999725e-01
9.934625000000000261e-01 9.932874999999999899e-01 9.929750000000000520e-01 9.933874999999999789e-01 9.927624999999999922e-01 9.928124999999999867e-01 9.930375000000000174e-01 9.930624999999999591e-01 9.933874999999999789e-01 9.933250000000000135e-01 9.933874999999999789e-01 9.927624999999999922e-01 9.929999999999999938e-01 9.935625000000000151e-01 9.926125000000000087e-01 9.930124999999999647e-01 9.933250000000000135e-01 9.929750000000000520e-01 9.934250000000000025e-01 9.933874999999999789e-01
9.943499999999999561e-01 9.941999999999999726e-01 9.939500000000000002e-01 9.943750000000000089e-01 9.937000000000000277e-01 9.938000000000000167e-01 9.941375000000000073e-01 9.939875000000000238e-01 9.942499999999999671e-01 9.940750000000000419e-01 9.942250000000000254e-01 9.936874999999999458e-01 9.938500000000000112e-01 9.943499999999999561e-01 9.935874999999999568e-01 9.940499999999999892e-01 9.942125000000000545e-01 9.938749999999999529e-01 9.943374999999999853e-01 9.942125000000000545e-01
9.950250000000000483e-01 9.950624999999999609e-01 9.947500000000000231e-01 9.951375000000000082e-01 9.946374999999999522e-01 9.946249999999999813e-01 9.949999999999999956e-01 9.948124999999999885e-01 9.951250000000000373e-01 9.949999999999999956e-01 9.949999999999999956e-01 9.945749999999999869e-01 9.947249999999999703e-01 9.952374999999999972e-01 9.945625000000000160e-01 9.946374999999999522e-01 9.950124999999999664e-01 9.946625000000000050e-01 9.949124999999999774e-01 9.949124999999999774e-01
9.956625000000000059e-01 9.957375000000000531e-01 9.954125000000000334e-01 9.958875000000000366e-01 9.952750000000000208e-01 9.952874999999999917e-01 9.958249999999999602e-01 9.956874999999999476e-01 9.957624999999999948e-01 9.956500000000000350e-01 9.955500000000000460e-01 9.952999999999999625e-01 9.955249999999999932e-01 9.959000000000000075e-01 9.953250000000000153e-01 9.953499999999999570e-01 9.957000000000000295e-01 9.955374999999999641e-01 9.956125000000000114e-01 9.955749999999999877e-01
9.961875000000000036e-01 9.963999999999999524e-01 9.961250000000000382e-01 9.964125000000000343e-01 9.959124999999999783e-01 9.959000000000000075e-01 9.963750000000000107e-01 9.964125000000000343e-01 9.964749999999999996e-01 9.963250000000000162e-01 9.961250000000000382e-01 9.959375000000000311e-01 9.962874999999999925e-01 9.963374999999999870e-01 9.959124999999999783e-01 9.959375000000000311e-01 9.963999999999999524e-01 9.961124999999999563e-01 9.961875000000000036e-01 9.961499999999999799e-01
9.967624999999999957e-01 9.969000000000000083e-01 9.966000000000000414e-01 9.969124999999999792e-01 9.967375000000000540e-01 9.966874999999999485e-01 9.969375000000000320e-01 9.968500000000000139e-01 9.970875000000000155e-01 9.968624999999999847e-01 9.966500000000000359e-01 9.966000000000000414e-01 9.967500000000000249e-01 9.967500000000000249e-01 9.965125000000000233e-01 9.964374999999999760e-01 9.969875000000000265e-01 9.967749999999999666e-01 9.968000000000000194e-01 9.967375000000000540e-01
9.973125000000000462e-01 9.974625000000000297e-01 9.970999999999999863e-01 9.974374999999999769e-01 9.972750000000000226e-01 9.970999999999999863e-01 9.974125000000000352e-01 9.974250000000000060e-01 9.974874999999999714e-01 9.973874999999999824e-01 9.973625000000000407e-01 9.971250000000000391e-01 9.971499999999999808e-01 9.972750000000000226e-01 9.969124999999999792e-01 9.971250000000000391e-01 9.973499999999999588e-01 9.971375000000000099e-01 9.973499999999999588e-01 9.972250000000000281e-01
9.977875000000000494e-01 9.978124999999999911e-01 9.975374999999999659e-01 9.979249999999999510e-01 9.976749999999999785e-01 9.975874999999999604e-01 9.978624999999999856e-01 9.978249999999999620e-01 9.978875000000000384e-01 9.978624999999999856e-01 9.979249999999999510e-01 9.975249999999999950e-01 9.975249999999999950e-01 9.976874999999999494e-01 9.973499999999999588e-01 9.975625000000000187e-01 9.976625000000000076e-01 9.976000000000000423e-01 9.977500000000000258e-01 9.975749999999999895e-01
9.981624999999999526e-01 9.981999999999999762e-01 9.979249999999999510e-01 9.982499999999999707e-01 9.981499999999999817e-01 9.979875000000000274e-01 9.982124999999999471e-01 9.981875000000000053e-01 9.982374999999999998e-01 9.981375000000000108e-01 9.983625000000000416e-01 9.979624999999999746e-01 9.978624999999999856e-01 9.980750000000000455e-01 9.975874999999999604e-01 9.979000000000000092e-01 9.980750000000000455e-01 9.979624999999999746e-01 9.981999999999999762e-01 9.978124999999999911e-01
9.984250000000000069e-01 9.985374999999999668e-01 9.983374999999999888e-01 9.985874999999999613e-01 9.984874999999999723e-01 9.983499999999999597e-01 9.985000000000000542e-01 9.984250000000000069e-01 9.985749999999999904e-01 9.984374999999999778e-01 9.986749999999999794e-01 9.983374999999999888e-01 9.981999999999999762e-01 9.984750000000000014e-01 9.980250000000000510e-01 9.981124999999999581e-01 9.983750000000000124e-01 9.983999999999999542e-01 9.984499999999999487e-01 9.980999999999999872e-01
9.987249999999999739e-01 9.988124999999999920e-01 9.987000000000000322e-01 9.989000000000000101e-01 9.986625000000000085e-01 9.986374999999999558e-01 9.986874999999999503e-01 9.988000000000000211e-01 9.987374999999999448e-01 9.987624999999999975e-01 9.989000000000000101e-01 9.986749999999999794e-01 9.985749999999999904e-01 9.988000000000000211e-01 9.983625000000000416e-01 9.984250000000000069e-01 9.986625000000000085e-01 9.987000000000000322e-01 9.986625000000000085e-01 9.983250000000000179e-01
9.989749999999999464e-01 9.990750000000000464e-01 9.988875000000000393e-01 9.989999999999999991e-01 9.988749999999999574e-01 9.988875000000000393e-01 9.989624999999999755e-01 9.989124999999999810e-01 9.989749999999999464e-01 9.989749999999999464e-01 9.990375000000000227e-01 9.988875000000000393e-01 9.988000000000000211e-01 9.990250000000000519e-01 9.987249999999999739e-01 9.986249999999999849e-01 9.988875000000000393e-01 9.989000000000000101e-01 9.988249999999999629e-01 9.986874999999999503e-01
9.991499999999999826e-01 9.991750000000000353e-01 9.990250000000000519e-01 9.991499999999999826e-01 9.990375000000000227e-01 9.990375000000000227e-01 9.993125000000000480e-01 9.991124999999999590e-01 9.991750000000000353e-01 9.991875000000000062e-01 9.992375000000000007e-01 9.990375000000000227e-01 9.990875000000000172e-01 9.992250000000000298e-01 9.989000000000000101e-01 9.988624999999999865e-01 9.991624999999999535e-01 9.990999999999999881e-01 9.990375000000000227e-01 9.988249999999999629e-01
9.992625000000000535e-01 9.993374999999999897e-01 9.992124999999999480e-01 9.992999999999999661e-01 9.991999999999999771e-01 9.992124999999999480e-01 9.993999999999999551e-01 9.992625000000000535e-01 9.993499999999999606e-01 9.992874999999999952e-01 9.993625000000000425e-01 9.992250000000000298e-01 9.992499999999999716e-01 9.993374999999999897e-01 9.991250000000000409e-01 9.990124999999999700e-01 9.993625000000000425e-01 9.993125000000000480e-01 9.991624999999999535e-01 9.989999999999999991e-01
9.994250000000000078e-01 9.994625000000000314e-01 9.994625000000000314e-01 9.994499999999999496e-01 9.993625000000000425e-01 9.993999999999999551e-01 9.995374999999999677e-01 9.993999999999999551e-01 9.994625000000000314e-01 9.993999999999999551e-01 9.995125000000000259e-01 9.993874999999999842e-01 9.993999999999999551e-01 9.994750000000000023e-01 9.992874999999999952e-01 9.991875000000000062e-01 9.994125000000000369e-01 9.994750000000000023e-01 9.992625000000000535e-01 9.991750000000000353e-01
9.995125000000000259e-01 9.996625000000000094e-01 9.995374999999999677e-01 9.996125000000000149e-01 9.994499999999999496e-01 9.994874999999999732e-01 9.996249999999999858e-01 9.995500000000000496e-01 9.995749999999999913e-01 9.994750000000000023e-01 9.996125000000000149e-01 9.995500000000000496e-01 9.995125000000000259e-01 9.996125000000000149e-01 9.994125000000000369e-01 9.993999999999999551e-01 9.994625000000000314e-01 9.995500000000000496e-01 9.994625000000000314e-01 9.993874999999999842e-01
9.996625000000000094e-01 9.997500000000000275e-01 9.996000000000000441e-01 9.997000000000000330e-01 9.995874999999999622e-01 9.995249999999999968e-01 9.996874999999999512e-01 9.996749999999999803e-01 9.996374999999999567e-01 9.995249999999999968e-01 9.996874999999999512e-01 9.996500000000000385e-01 9.995874999999999622e-01 9.996874999999999512e-01 9.995500000000000496e-01 9.995874999999999622e-01 9.995874999999999622e-01 9.996249999999999858e-01 9.996249999999999858e-01 9.995374999999999677e-01
9.997374999999999456e-01 9.998000000000000220e-01 9.996249999999999858e-01 9.997500000000000275e-01 9.996874999999999512e-01 9.995500000000000496e-01 9.997125000000000039e-01 9.996874999999999512e-01 9.996874999999999512e-01 9.995625000000000204e-01 9.997624999999999984e-01 9.996874999999999512e-01 9.997125000000000039e-01 9.997500000000000275e-01 9.996125000000000149e-01 9.996625000000000094e-01 9.996500000000000385e-01 9.997000000000000330e-01 9.997500000000000275e-01 9.997500000000000275e-01
9.998375000000000457e-01 9.998375000000000457e-01 9.997000000000000330e-01 9.998000000000000220e-01 9.997500000000000275e-01 9.996749999999999803e-01 9.997500000000000275e-01 9.997624999999999984e-01 9.997374999999999456e-01 9.996249999999999858e-01 9.997875000000000512e-01 9.997500000000000275e-01 9.997249999999999748e-01 9.998000000000000220e-01 9.996749999999999803e-01 9.997249999999999748e-01 9.997125000000000039e-01 9.997749999999999693e-01 9.998124999999999929e-01 9.998249999999999638e-01
9.999000000000000110e-01 9.999000000000000110e-01 9.997500000000000275e-01 9.998375000000000457e-01 9.998249999999999638e-01 9.997374999999999456e-01 9.998124999999999929e-01 9.998624999999999874e-01 9.998000000000000220e-01 9.997500000000000275e-01 9.998749999999999583e-01 9.998249999999999638e-01 9.997500000000000275e-01 9.998500000000000165e-01 9.997500000000000275e-01 9.998000000000000220e-01 9.997875000000000512e-01 9.998375000000000457e-01 9.998500000000000165e-01 9.998500000000000165e-01
9.999000000000000110e-01 9.999000000000000110e-01 9.997749999999999693e-01 9.998624999999999874e-01 9.998249999999999638e-01 9.997500000000000275e-01 9.998124999999999929e-01 9.998624999999999874e-01 9.998124999999999929e-01 9.997500000000000275e-01 9.998875000000000401e-01 9.998249999999999638e-01 9.997624999999999984e-01 9.998624999999999874e-01 9.997749999999999693e-01 9.998000000000000220e-01 9.998249999999999638e-01 9.998375000000000457e-01 9.998624999999999874e-01 9.998624999999999874e-01
9.999249999999999527e-01 9.999000000000000110e-01 9.998500000000000165e-01 9.999000000000000110e-01 9.999000000000000110e-01 9.998624999999999874e-01 9.998500000000000165e-01 9.999249999999999527e-01 9.998624999999999874e-01 9.998749999999999583e-01 9.999500000000000055e-01 9.999124999999999819e-01 9.998249999999999638e-01 9.999375000000000346e-01 9.998749999999999583e-01 9.998500000000000165e-01 9.998875000000000401e-01 9.999000000000000110e-01 9.999624999999999764e-01 9.999124999999999819e-01
9.999249999999999527e-01 9.999000000000000110e-01 9.998624999999999874e-01 9.999000000000000110e-01 9.999000000000000110e-01 9.998624999999999874e-01 9.998624999999999874e-01 9.999375000000000346e-01 9.998624999999999874e-01 9.998749999999999583e-01 9.999500000000000055e-01 9.999249999999999527e-01 9.998375000000000457e-01 9.999375000000000346e-01 9.999000000000000110e-01 9.998749999999999583e-01 9.998875000000000401e-01 9.999124999999999819e-01 9.999624999999999764e-01 9.999249999999999527e-01
9.999375000000000346e-01 9.999500000000000055e-01 9.999124999999999819e-01 9.999500000000000055e-01 9.999375000000000346e-01 9.999249999999999527e-01 9.999000000000000110e-01 9.999500000000000055e-01 9.999500000000000055e-01 9.999500000000000055e-01 9.999624999999999764e-01 9.999624999999999764e-01 9.999249999999999527e-01 9.999624999999999764e-01 9.999124999999999819e-01 9.999749999999999472e-01 9.999500000000000055e-01 9.999375000000000346e-01 9.999875000000000291e-01 9.999624999999999764e-01
9.999375000000000346e-01 9.999500000000000055e-01 9.999124999999999819e-01 9.999500000000000055e-01 9.999375000000000346e-01 9.999500000000000055e-01 9.999000000000000110e-01 9.999500000000000055e-01 9.999500000000000055e-01 9.999500000000000055e-01 9.999624999999999764e-01 9.999624999999999764e-01 9.999249999999999527e-01 9.999624999999999764e-01 9.999375000000000346e-01 9.999749999999999472e-01 9.999500000000000055e-01 9.999375000000000346e-01 1.000000000000000000e+00 9.999624999999999764e-01
9.999375000000000346e-01 9.999500000000000055e-01 9.999124999999999819e-01 9.999500000000000055e-01 9.999375000000000346e-01 9.999500000000000055e-01 9.999000000000000110e-01 9.999500000000000055e-01 9.999500000000000055e-01 9.999500000000000055e-01 9.999624999999999764e-01 9.999624999999999764e-01 9.999249999999999527e-01 9.999624999999999764e-01 9.999375000000000346e-01 9.999749999999999472e-01 9.999500000000000055e-01 9.999375000000000346e-01 1.000000000000000000e+00 9.999624999999999764e-01
9.999375000000000346e-01 9.999500000000000055e-01 9.999124999999999819e-01 9.999500000000000055e-01 9.999375000000000346e-01 9.999500000000000055e-01 9.999000000000000110e-01 9.999500000000000055e-01 9.999500000000000055e-01 9.999500000000000055e-01 9.999624999999999764e-01 9.999624999999999764e-01 9.999249999999999527e-01 9.999624999999999764e-01 9.999375000000000346e-01 9.999749999999999472e-01 9.999500000000000055e-01 9.999375000000000346e-01 1.000000000000000000e+00 9.999624999999999764e-01
1.000000000000000000e+00 1.000000000000000000e+00 1.000000000000000000e+00 1.000000000000000000e+00 1.000000000000000000e+00 1.000000000000000000e+00 1.000000000000000000e+00 1.000000000000000000e+00 1.000000000000000000e+00 1.000000000000000000e+00 1.000000000000000000e+00 1.000000000000000000e+00 1.000000000000000000e+00 1.000000000000000000e+00 1.000000000000000000e+00 1.000000000000000000e+00 1.000000000000000000e+00 1.000000000000000000e+00 1.000000000000000000e+00 1.000000000000000000e+00
1.000000000000000000e+00 1.000000000000000000e+00 1.000000000000000000e+00 1.000000000000000000e+00 1.000000000000000000e+00 1.000000000000000000e+00 1.000000000000000000e+00 1.000000000000000000e+00 1.000000000000000000e+00 1.000000000000000000e+00 1.000000000000000000e+00 1.000000000000000000e+00 1.000000000000000000e+00 1.000000000000000000e+00 1.000000000000000000e+00 1.000000000000000000e+00 1.000000000000000000e+00 1.000000000000000000e+00 1.000000000000000000e+00 1.000000000000000000e+00
