4.427188724235731477e-04 4.997578385556493766e-04 5.641455848280560459e-04 6.368289125805289214e-04 7.188766070412570168e-04 8.114951534738955611e-04 9.160464781598157830e-04 1.034067975091110128e-03 1.167295112860504847e-03 1.317686954175293886e-03 1.487454963251657507e-03 1.679095524692928235e-03 1.895426652031561741e-03 2.139629425722276539e-03 2.415294769918857522e-03 2.726476255872258524e-03 3.077749708407205142e-03 3.474280491971555238e-03 3.921899465678414624e-03 4.427188724235731586e-03
9.143499999999999961e-01 9.157374999999999821e-01 9.173000000000000043e-01 9.177625000000000366e-01 9.184375000000000178e-01 9.188250000000000028e-01 9.205499999999999794e-01 9.218625000000000291e-01 9.219125000000000236e-01 9.218374999999999764e-01 9.211000000000000298e-01 9.207125000000000448e-01 9.194750000000000423e-01 9.187999999999999501e-01 9.175124999999999531e-01 9.160625000000000018e-01 9.144750000000000378e-01 9.136625000000000441e-01 9.120500000000000274e-01 9.109625000000000083e-01
9.152749999999999497e-01 9.168374999999999719e-01 9.184499999999999886e-01 9.188374999999999737e-01 9.196750000000000203e-01 9.202375000000000416e-01 9.218874999999999709e-01 9.232000000000000206e-01 9.232375000000000442e-01 9.232500000000000151e-01 9.226750000000000229e-01 9.222249999999999615e-01 9.209249999999999936e-01 9.207374999999999865e-01 9.191875000000000462e-01 9.178749999999999964e-01 9.163875000000000215e-01 9.154750000000000387e-01 9.141500000000000181e-01 9.130875000000000519e-01
9.158250000000000002e-01 9.173000000000000043e-01 9.189874999999999572e-01 9.194250000000000478e-01 9.202500000000000124e-01 9.206499999999999684e-01 9.224499999999999922e-01 9.238374999999999782e-01 9.239374999999999671e-01 9.238250000000000073e-01 9.233500000000000041e-01 9.229500000000000481e-01 9.220500000000000362e-01 9.215750000000000330e-01 9.205999999999999739e-01 9.190749999999999753e-01 9.173249999999999460e-01 9.167250000000000121e-01 9.154999999999999805e-01 9.144375000000000142e-01
9.162249999999999561e-01 9.177374999999999838e-01 9.193375000000000297e-01 9.197250000000000147e-01 9.204875000000000140e-01 9.209874999999999590e-01 9.229125000000000245e-01 9.242000000000000215e-01 9.243875000000000286e-01 9.243124999999999813e-01 9.239000000000000545e-01 9.236375000000000002e-01 9.228125000000000355e-01 9.224124999999999686e-01 9.213500000000000023e-01 9.199249999999999927e-01 9.183499999999999996e-01 9.177625000000000366e-01 9.166750000000000176e-01 9.155999999999999694e-01
9.164999999999999813e-01 9.179874999999999563e-01 9.196499999999999675e-01 9.200749999999999762e-01 9.208125000000000338e-01 9.213500000000000023e-01 9.232375000000000442e-01 9.246124999999999483e-01 9.247874999999999845e-01 9.247125000000000483e-01 9.243124999999999813e-01 9.241000000000000325e-01 9.232624999999999860e-01 9.230500000000000371e-01 9.221500000000000252e-01 9.205375000000000085e-01 9.193375000000000297e-01 9.185624999999999485e-01 9.176750000000000185e-01 9.168500000000000538e-01
9.168125000000000302e-01 9.181500000000000217e-01 9.199000000000000510e-01 9.203124999999999778e-01 9.210749999999999771e-01 9.217625000000000401e-01 9.235750000000000348e-01 9.249125000000000263e-01 9.251374999999999460e-01 9.250625000000000098e-01 9.247499999999999609e-01 9.246750000000000247e-01 9.239249999999999963e-01 9.236874999999999947e-01 9.226874999999999938e-01 9.213750000000000551e-01 9.199874999999999581e-01 9.194750000000000423e-01 9.186750000000000194e-01 9.180625000000000036e-01
9.172000000000000153e-01 9.184250000000000469e-01 9.201624999999999943e-01 9.205750000000000322e-01 9.213500000000000023e-01 9.220500000000000362e-01 9.238750000000000018e-01 9.252875000000000405e-01 9.255999999999999783e-01 9.254250000000000531e-01 9.251374999999999460e-01 9.250874999999999515e-01 9.245124999999999593e-01 9.241749999999999687e-01 9.232624999999999860e-01 9.220249999999999835e-01 9.207374999999999865e-01 9.202875000000000361e-01 9.198499999999999455e-01 9.191875000000000462e-01
9.173875000000000224e-01 9.186999999999999611e-01 9.203249999999999487e-01 9.208125000000000338e-01 9.216499999999999693e-01 9.223999999999999977e-01 9.242124999999999924e-01 9.256124999999999492e-01 9.259374999999999689e-01 9.258250000000000091e-01 9.255375000000000130e-01 9.255250000000000421e-01 9.249874999999999625e-01 9.246750000000000247e-01 9.239000000000000545e-01 9.225999999999999757e-01 9.214750000000000441e-01 9.213249999999999496e-01 9.209249999999999936e-01 9.201375000000000526e-01
9.176625000000000476e-01 9.189874999999999572e-01 9.207250000000000156e-01 9.210749999999999771e-01 9.219874999999999599e-01 9.226499999999999702e-01 9.245124999999999593e-01 9.259374999999999689e-01 9.262875000000000414e-01 9.261624999999999996e-01 9.258499999999999508e-01 9.259249999999999980e-01 9.254499999999999948e-01 9.252624999999999877e-01 9.244875000000000176e-01 9.233249999999999513e-01 9.222124999999999906e-01 9.222375000000000433e-01 9.219749999999999890e-01 9.211249999999999716e-01
9.179625000000000146e-01 9.192624999999999824e-01 9.209374999999999645e-01 9.213375000000000314e-01 9.223000000000000087e-01 9.229125000000000245e-01 9.248874999999999735e-01 9.262749999999999595e-01 9.267125000000000501e-01 9.265375000000000139e-01 9.262500000000000178e-01 9.263500000000000068e-01 9.258250000000000091e-01 9.258125000000000382e-01 9.250749999999999806e-01 9.239249999999999963e-01 9.231749999999999678e-01 9.232124999999999915e-01 9.229125000000000245e-01 9.222124999999999906e-01
9.183375000000000288e-01 9.196250000000000258e-01 9.211624999999999952e-01 9.216625000000000512e-01 9.225624999999999520e-01 9.232500000000000151e-01 9.253000000000000114e-01 9.266624999999999446e-01 9.270625000000000115e-01 9.268750000000000044e-01 9.266250000000000320e-01 9.267625000000000446e-01 9.263249999999999540e-01 9.263875000000000304e-01 9.256999999999999673e-01 9.246750000000000247e-01 9.241249999999999742e-01 9.242124999999999924e-01 9.238374999999999782e-01 9.229374999999999662e-01
9.186625000000000485e-01 9.199625000000000163e-01 9.214750000000000441e-01 9.219625000000000181e-01 9.228499999999999481e-01 9.235624999999999529e-01 9.256499999999999728e-01 9.270249999999999879e-01 9.273749999999999494e-01 9.272375000000000478e-01 9.270625000000000115e-01 9.271500000000000297e-01 9.267999999999999572e-01 9.269625000000000226e-01 9.262875000000000414e-01 9.255999999999999783e-01 9.249374999999999680e-01 9.249749999999999917e-01 9.248750000000000027e-01 9.239249999999999963e-01
9.191249999999999698e-01 9.203000000000000069e-01 9.218750000000000000e-01 9.223000000000000087e-01 9.231125000000000025e-01 9.240000000000000435e-01 9.260000000000000453e-01 9.273500000000000076e-01 9.277999999999999581e-01 9.275999999999999801e-01 9.274624999999999675e-01 9.275999999999999801e-01 9.274000000000000021e-01 9.274875000000000203e-01 9.268874999999999753e-01 9.263749999999999485e-01 9.257374999999999909e-01 9.259125000000000272e-01 9.257499999999999618e-01 9.249625000000000208e-01
9.194124999999999659e-01 9.206999999999999629e-01 9.221624999999999961e-01 9.226499999999999702e-01 9.233500000000000041e-01 9.243500000000000050e-01 9.264000000000000012e-01 9.276250000000000329e-01 9.281374999999999487e-01 9.280000000000000471e-01 9.278250000000000108e-01 9.280625000000000124e-01 9.278999999999999471e-01 9.280625000000000124e-01 9.275875000000000092e-01 9.271749999999999714e-01 9.265124999999999611e-01 9.267499999999999627e-01 9.266375000000000028e-01 9.260625000000000107e-01
9.198125000000000329e-01 9.211500000000000243e-01 9.224875000000000158e-01 9.229000000000000536e-01 9.237625000000000419e-01 9.246250000000000302e-01 9.267125000000000501e-01 9.280374999999999597e-01 9.284999999999999920e-01 9.284249999999999448e-01 9.281625000000000014e-01 9.286499999999999755e-01 9.284375000000000266e-01 9.286250000000000338e-01 9.283875000000000322e-01 9.279249999999999998e-01 9.274000000000000021e-01 9.274750000000000494e-01 9.276499999999999746e-01 9.270874999999999533e-01
9.203124999999999778e-01 9.215124999999999567e-01 9.229500000000000481e-01 9.231749999999999678e-01 9.241500000000000270e-01 9.250125000000000153e-01 9.270625000000000115e-01 9.284624999999999684e-01 9.289125000000000298e-01 9.287750000000000172e-01 9.285624999999999574e-01 9.291125000000000078e-01 9.290125000000000188e-01 9.291625000000000023e-01 9.291625000000000023e-01 9.285750000000000393e-01 9.281249999999999778e-01 9.283749999999999503e-01 9.286375000000000046e-01 9.280374999999999597e-01
9.206999999999999629e-01 9.218874999999999709e-01 9.232624999999999860e-01 9.236375000000000002e-01 9.243749999999999467e-01 9.253375000000000350e-01 9.274000000000000021e-01 9.288625000000000353e-01 9.294249999999999456e-01 9.292875000000000441e-01 9.290249999999999897e-01 9.294375000000000275e-01 9.294249999999999456e-01 9.299374999999999725e-01 9.298374999999999835e-01 9.292249999999999677e-01 9.288750000000000062e-01 9.290625000000000133e-01 9.295250000000000457e-01 9.291625000000000023e-01
9.211375000000000535e-01 9.223249999999999504e-01 9.237374999999999892e-01 9.240749999999999797e-01 9.247625000000000428e-01 9.256874999999999964e-01 9.278374999999999817e-01 9.292624999999999913e-01 9.297874999999999890e-01 9.297374999999999945e-01 9.293749999999999512e-01 9.299874999999999670e-01 9.299500000000000544e-01 9.305750000000000410e-01 9.305750000000000410e-01 9.299125000000000307e-01 9.295999999999999819e-01 9.300749999999999851e-01 9.303624999999999812e-01 9.303124999999999867e-01
9.216499999999999693e-01 9.226999999999999647e-01 9.240874999999999506e-01 9.244124999999999703e-01 9.250874999999999515e-01 9.261000000000000343e-01 9.282500000000000195e-01 9.296624999999999472e-01 9.302000000000000268e-01 9.300874999999999559e-01 9.298499999999999543e-01 9.305250000000000465e-01 9.305375000000000174e-01 9.312749999999999639e-01 9.311125000000000096e-01 9.306499999999999773e-01 9.303249999999999575e-01 9.309250000000000025e-01 9.313624999999999821e-01 9.313249999999999584e-01
9.221125000000000016e-01 9.233375000000000332e-01 9.245124999999999593e-01 9.248374999999999790e-01 9.255375000000000130e-01 9.264999999999999902e-01 9.287250000000000227e-01 9.301000000000000378e-01 9.305375000000000174e-01 9.304875000000000229e-01 9.303624999999999812e-01 9.309500000000000552e-01 9.312124999999999986e-01 9.319374999999999742e-01 9.317750000000000199e-01 9.312624999999999931e-01 9.311374999999999513e-01 9.318374999999999853e-01 9.324624999999999719e-01 9.325375000000000192e-01
9.227499999999999591e-01 9.236874999999999947e-01 9.248874999999999735e-01 9.251875000000000515e-01 9.258999999999999453e-01 9.269500000000000517e-01 9.291500000000000314e-01 9.304000000000000048e-01 9.309500000000000552e-01 9.308750000000000080e-01 9.309374999999999734e-01 9.314000000000000057e-01 9.317874999999999908e-01 9.324375000000000302e-01 9.323624999999999829e-01 9.319374999999999742e-01 9.320374999999999632e-01 9.325124999999999664e-01 9.333500000000000130e-01 9.334375000000000311e-01
9.231500000000000261e-01 9.242624999999999869e-01 9.253875000000000295e-01 9.257125000000000492e-01 9.262875000000000414e-01 9.274000000000000021e-01 9.295999999999999819e-01 9.308374999999999844e-01 9.313124999999999876e-01 9.313124999999999876e-01 9.313375000000000403e-01 9.319625000000000270e-01 9.324999999999999956e-01 9.330125000000000224e-01 9.331374999999999531e-01 9.326375000000000082e-01 9.328125000000000444e-01 9.334999999999999964e-01 9.343000000000000194e-01 9.346250000000000391e-01
9.239000000000000545e-01 9.248125000000000373e-01 9.259249999999999980e-01 9.261500000000000288e-01 9.268125000000000391e-01 9.278874999999999762e-01 9.299874999999999670e-01 9.313249999999999584e-01 9.317999999999999616e-01 9.317125000000000545e-01 9.317499999999999671e-01 9.325124999999999664e-01 9.330749999999999877e-01 9.336124999999999563e-01 9.336999999999999744e-01 9.334999999999999964e-01 9.336624999999999508e-01 9.345375000000000210e-01 9.353749999999999565e-01 9.356624999999999526e-01
9.245250000000000412e-01 9.253624999999999767e-01 9.264624999999999666e-01 9.266375000000000028e-01 9.271749999999999714e-01 9.283749999999999503e-01 9.305375000000000174e-01 9.317625000000000490e-01 9.322875000000000467e-01 9.322000000000000286e-01 9.321000000000000396e-01 9.330874999999999586e-01 9.336999999999999744e-01 9.341749999999999776e-01 9.342624999999999957e-01 9.343249999999999611e-01 9.343624999999999847e-01 9.354124999999999801e-01 9.361874999999999503e-01 9.368250000000000188e-01
9.252249999999999641e-01 9.259500000000000508e-01 9.271249999999999769e-01 9.271000000000000352e-01 9.276750000000000274e-01 9.288374999999999826e-01 9.309749999999999970e-01 9.322124999999999995e-01 9.326875000000000027e-01 9.326999999999999735e-01 9.326499999999999790e-01 9.337750000000000217e-01 9.343000000000000194e-01 9.348374999999999879e-01 9.351749999999999785e-01 9.351500000000000368e-01 9.353375000000000439e-01 9.362500000000000266e-01 9.374249999999999527e-01 9.378750000000000142e-01
9.260125000000000162e-01 9.267125000000000501e-01 9.276499999999999746e-01 9.277250000000000218e-01 9.282875000000000432e-01 9.294499999999999984e-01 9.315124999999999655e-01 9.327874999999999917e-01 9.332249999999999712e-01 9.331749999999999767e-01 9.332000000000000295e-01 9.343875000000000375e-01 9.348999999999999533e-01 9.354124999999999801e-01 9.358874999999999833e-01 9.359374999999999778e-01 9.362374999999999448e-01 9.371749999999999803e-01 9.384249999999999536e-01 9.391374999999999584e-01
9.269374999999999698e-01 9.275375000000000147e-01 9.283375000000000377e-01 9.283749999999999503e-01 9.289374999999999716e-01 9.300625000000000142e-01 9.319874999999999687e-01 9.333624999999999838e-01 9.337999999999999634e-01 9.336750000000000327e-01 9.337999999999999634e-01 9.349625000000000297e-01 9.354249999999999510e-01 9.359750000000000014e-01 9.366750000000000353e-01 9.368125000000000480e-01 9.371125000000000149e-01 9.379750000000000032e-01 9.394624999999999782e-01 9.405124999999999735e-01
9.276499999999999746e-01 9.284124999999999739e-01 9.290125000000000188e-01 9.289874999999999661e-01 9.296375000000000055e-01 9.304624999999999702e-01 9.326375000000000082e-01 9.338750000000000107e-01 9.343624999999999847e-01 9.342375000000000540e-01 9.346124999999999572e-01 9.355250000000000510e-01 9.361000000000000432e-01 9.368499999999999606e-01 9.375250000000000528e-01 9.376875000000000071e-01 9.380249999999999977e-01 9.391125000000000167e-01 9.405375000000000263e-01 9.417124999999999524e-01
9.285375000000000156e-01 9.291875000000000551e-01 9.297250000000000236e-01 9.296999999999999709e-01 9.303624999999999812e-01 9.311249999999999805e-01 9.334000000000000075e-01 9.344249999999999501e-01 9.349125000000000352e-01 9.348374999999999879e-01 9.352375000000000549e-01 9.362374999999999448e-01 9.368250000000000188e-01 9.375875000000000181e-01 9.382500000000000284e-01 9.385624999999999662e-01 9.390500000000000513e-01 9.401000000000000467e-01 9.416875000000000107e-01 9.429499999999999549e-01
9.296124999999999527e-01 9.301374999999999504e-01 9.306375000000000064e-01 9.304375000000000284e-01 9.310749999999999860e-01 9.316875000000000018e-01 9.341500000000000359e-01 9.351249999999999840e-01 9.353749999999999565e-01 9.355499999999999927e-01 9.358874999999999833e-01 9.367750000000000243e-01 9.374249999999999527e-01 9.385000000000000009e-01 9.390874999999999639e-01 9.394375000000000364e-01 9.396750000000000380e-01 9.412875000000000547e-01 9.430500000000000549e-01 9.443124999999999991e-01
9.307499999999999662e-01 9.310249999999999915e-01 9.314500000000000002e-01 9.310749999999999860e-01 9.317374999999999963e-01 9.324875000000000247e-01 9.349374999999999769e-01 9.357625000000000526e-01 9.361000000000000432e-01 9.362374999999999448e-01 9.365624999999999645e-01 9.375124999999999709e-01 9.380749999999999922e-01 9.393749999999999600e-01 9.400749999999999940e-01 9.402875000000000538e-01 9.407499999999999751e-01 9.423749999999999627e-01 9.442374999999999519e-01 9.456875000000000142e-01
9.318374999999999853e-01 9.321374999999999522e-01 9.323749999999999538e-01 9.319374999999999742e-01 9.326375000000000082e-01 9.336375000000000091e-01 9.355750000000000455e-01 9.364624999999999755e-01 9.367874999999999952e-01 9.369874999999999732e-01 9.374249999999999527e-01 9.383000000000000229e-01 9.389125000000000387e-01 9.400374999999999703e-01 9.409625000000000350e-01 9.413500000000000201e-01 9.418750000000000178e-01 9.434749999999999526e-01 9.455249999999999488e-01 9.471374999999999655e-01
9.329374999999999751e-01 9.331249999999999822e-01 9.333375000000000421e-01 9.329250000000000043e-01 9.334999999999999964e-01 9.346875000000000044e-01 9.364999999999999991e-01 9.371125000000000149e-01 9.376750000000000362e-01 9.379125000000000378e-01 9.381125000000000158e-01 9.390249999999999986e-01 9.397499999999999742e-01 9.410250000000000004e-01 9.417499999999999760e-01 9.422125000000000083e-01 9.430374999999999730e-01 9.447624999999999496e-01 9.468874999999999931e-01 9.485624999999999751e-01
9.340625000000000178e-01 9.342000000000000304e-01 9.341500000000000359e-01 9.339874999999999705e-01 9.343749999999999556e-01 9.358874999999999833e-01 9.373875000000000401e-01 9.380249999999999977e-01 9.382624999999999993e-01 9.388125000000000497e-01 9.387750000000000261e-01 9.397999999999999687e-01 9.407624999999999460e-01 9.418125000000000524e-01 9.426750000000000407e-01 9.433500000000000218e-01 9.442125000000000101e-01 9.460250000000000048e-01 9.480125000000000357e-01 9.499499999999999611e-01
9.354375000000000329e-01 9.354624999999999746e-01 9.353249999999999620e-01 9.351625000000000076e-01 9.354999999999999982e-01 9.369499999999999496e-01 9.383249999999999647e-01 9.390625000000000222e-01 9.392875000000000529e-01 9.397499999999999742e-01 9.395375000000000254e-01 9.406750000000000389e-01 9.417375000000000052e-01 9.428499999999999659e-01 9.437499999999999778e-01 9.444000000000000172e-01 9.454875000000000362e-01 9.472374999999999545e-01 9.494000000000000217e-01 9.513624999999999998e-01
9.369125000000000369e-01 9.367750000000000243e-01 9.365624999999999645e-01 9.363124999999999920e-01 9.367625000000000535e-01 9.379125000000000378e-01 9.393749999999999600e-01 9.400625000000000231e-01 9.401749999999999829e-01 9.407999999999999696e-01 9.404500000000000082e-01 9.415124999999999744e-01 9.428125000000000533e-01 9.438625000000000487e-01 9.446750000000000425e-01 9.455500000000000016e-01 9.468374999999999986e-01 9.485124999999999806e-01 9.509125000000000494e-01 9.528250000000000330e-01
9.383124999999999938e-01 9.379625000000000323e-01 9.379999999999999449e-01 9.376875000000000071e-01 9.379999999999999449e-01 9.392625000000000002e-01 9.404875000000000318e-01 9.410125000000000295e-01 9.411249999999999893e-01 9.417124999999999524e-01 9.412875000000000547e-01 9.423500000000000210e-01 9.438874999999999904e-01 9.450625000000000275e-01 9.458374999999999977e-01 9.467875000000000041e-01 9.482125000000000137e-01 9.497250000000000414e-01 9.524375000000000480e-01 9.542249999999999899e-01
9.397499999999999742e-01 9.394249999999999545e-01 9.394249999999999545e-01 9.391500000000000403e-01 9.393749999999999600e-01 9.404375000000000373e-01 9.417375000000000052e-01 9.418625000000000469e-01 9.422000000000000375e-01 9.426875000000000115e-01 9.424624999999999808e-01 9.434375000000000400e-01 9.449499999999999567e-01 9.460250000000000048e-01 9.470374999999999766e-01 9.481125000000000247e-01 9.492625000000000091e-01 9.510999999999999455e-01 9.539125000000000520e-01 9.557499999999999885e-01
9.414375000000000382e-01 9.408125000000000515e-01 9.409374999999999822e-01 9.405624999999999680e-01 9.406750000000000389e-01 9.418625000000000469e-01 9.430874999999999675e-01 9.430749999999999966e-01 9.434749999999999526e-01 9.438374999999999959e-01 9.436250000000000471e-01 9.447624999999999496e-01 9.462874999999999481e-01 9.471625000000000183e-01 9.483749999999999680e-01 9.494249999999999634e-01 9.506124999999999714e-01 9.526250000000000551e-01 9.554124999999999979e-01 9.572125000000000217e-01
9.429499999999999549e-01 9.425624999999999698e-01 9.426499999999999879e-01 9.421749999999999847e-01 9.422874999999999446e-01 9.431125000000000203e-01 9.444000000000000172e-01 9.445124999999999771e-01 9.447499999999999787e-01 9.451500000000000457e-01 9.449999999999999512e-01 9.460874999999999702e-01 9.474249999999999616e-01 9.482500000000000373e-01 9.499374999999999902e-01 9.509125000000000494e-01 9.519499999999999629e-01 9.542000000000000481e-01 9.569999999999999618e-01 9.586999999999999966e-01
9.445750000000000535e-01 9.441374999999999629e-01 9.443624999999999936e-01 9.438874999999999904e-01 9.438625000000000487e-01 9.447375000000000078e-01 9.459250000000000158e-01 9.458250000000000268e-01 9.462000000000000410e-01 9.463125000000000009e-01 9.463249999999999718e-01 9.476375000000000215e-01 9.488375000000000004e-01 9.496499999999999941e-01 9.514249999999999652e-01 9.524500000000000188e-01 9.534124999999999961e-01 9.558875000000000011e-01 9.584375000000000533e-01 9.603374999999999551e-01
9.462249999999999828e-01 9.459125000000000449e-01 9.461874999999999591e-01 9.454375000000000417e-01 9.455875000000000252e-01 9.463624999999999954e-01 9.474124999999999908e-01 9.472625000000000073e-01 9.476999999999999869e-01 9.478124999999999467e-01 9.476875000000000160e-01 9.490250000000000075e-01 9.501374999999999682e-01 9.512374999999999581e-01 9.529125000000000512e-01 9.539499999999999647e-01 9.550625000000000364e-01 9.574749999999999650e-01 9.599499999999999700e-01 9.619250000000000300e-01
9.480874999999999719e-01 9.477250000000000396e-01 9.479374999999999885e-01 9.472374999999999545e-01 9.472625000000000073e-01 9.483749999999999680e-01 9.489250000000000185e-01 9.486750000000000460e-01 9.491874999999999618e-01 9.494000000000000217e-01 9.491625000000000201e-01 9.506250000000000533e-01 9.516750000000000487e-01 9.526250000000000551e-01 9.545124999999999860e-01 9.553625000000000034e-01 9.566375000000000295e-01 9.589999999999999636e-01 9.613625000000000087e-01 9.636249999999999538e-01
9.499499999999999611e-01 9.495749999999999469e-01 9.497624999999999540e-01 9.491625000000000201e-01 9.489874999999999838e-01 9.501500000000000501e-01 9.505000000000000115e-01 9.502374999999999572e-01 9.508499999999999730e-01 9.509874999999999856e-01 9.509874999999999856e-01 9.520750000000000046e-01 9.532000000000000473e-01 9.543249999999999789e-01 9.562625000000000153e-01 9.569750000000000201e-01 9.583749999999999769e-01 9.606375000000000330e-01 9.630250000000000199e-01 9.655000000000000249e-01
9.518124999999999503e-01 9.514375000000000471e-01 9.516000000000000014e-01 9.510999999999999455e-01 9.509125000000000494e-01 9.519625000000000448e-01 9.523125000000000062e-01 9.520250000000000101e-01 9.524500000000000188e-01 9.528375000000000039e-01 9.525249999999999551e-01 9.537624999999999575e-01 9.546000000000000041e-01 9.560874999999999790e-01 9.581125000000000336e-01 9.586624999999999730e-01 9.601874999999999716e-01 9.624249999999999750e-01 9.647375000000000256e-01 9.671374999999999833e-01
9.535875000000000323e-01 9.535749999999999504e-01 9.534249999999999670e-01 9.530874999999999764e-01 9.528499999999999748e-01 9.538124999999999520e-01 9.541125000000000300e-01 9.538499999999999757e-01 9.541625000000000245e-01 9.546999999999999931e-01 9.544624999999999915e-01 9.554500000000000215e-01 9.564749999999999641e-01 9.578250000000000375e-01 9.598750000000000338e-01 9.604624999999999968e-01 9.619250000000000300e-01 9.640750000000000153e-01 9.665000000000000258e-01 9.687375000000000291e-01
9.556499999999999995e-01 9.554875000000000451e-01 9.554624999999999924e-01 9.552374999999999616e-01 9.550125000000000419e-01 9.558375000000000066e-01 9.558999999999999719e-01 9.558624999999999483e-01 9.560250000000000137e-01 9.565875000000000350e-01 9.565124999999999877e-01 9.573125000000000107e-01 9.584125000000000005e-01 9.597750000000000448e-01 9.616124999999999812e-01 9.621750000000000025e-01 9.637750000000000483e-01 9.656000000000000139e-01 9.682874999999999677e-01 9.702874999999999694e-01
9.577250000000000485e-01 9.576500000000000012e-01 9.574624999999999941e-01 9.572749999999999870e-01 9.570499999999999563e-01 9.578375000000000083e-01 9.577124999999999666e-01 9.577499999999999902e-01 9.578499999999999792e-01 9.585000000000000187e-01 9.584749999999999659e-01 9.590625000000000400e-01 9.603249999999999842e-01 9.618250000000000410e-01 9.634125000000000050e-01 9.640250000000000208e-01 9.654749999999999721e-01 9.673000000000000487e-01 9.701250000000000151e-01 9.716000000000000192e-01
9.596875000000000266e-01 9.596249999999999503e-01 9.595124999999999904e-01 9.591625000000000290e-01 9.590625000000000400e-01 9.598375000000000101e-01 9.597499999999999920e-01 9.595624999999999849e-01 9.597499999999999920e-01 9.604500000000000259e-01 9.605875000000000385e-01 9.609874999999999945e-01 9.622500000000000497e-01 9.636000000000000121e-01 9.652749999999999941e-01 9.658375000000000155e-01 9.673374999999999613e-01 9.691374999999999851e-01 9.719499999999999806e-01 9.731874999999999831e-01
9.618375000000000119e-01 9.618750000000000355e-01 9.616624999999999757e-01 9.611250000000000071e-01 9.612125000000000252e-01 9.617624999999999647e-01 9.616749999999999465e-01 9.615249999999999631e-01 9.618250000000000410e-01 9.622874999999999623e-01 9.624374999999999458e-01 9.627624999999999655e-01 9.642500000000000515e-01 9.654875000000000540e-01 9.670374999999999943e-01 9.677624999999999700e-01 9.693500000000000449e-01 9.708624999999999616e-01 9.736000000000000210e-01 9.749124999999999597e-01
9.639750000000000263e-01 9.638999999999999790e-01 9.638750000000000373e-01 9.633000000000000451e-01 9.632500000000000506e-01 9.637624999999999664e-01 9.636249999999999538e-01 9.636500000000000066e-01 9.638499999999999845e-01 9.642625000000000224e-01 9.644000000000000350e-01 9.648124999999999618e-01 9.663125000000000187e-01 9.673625000000000140e-01 9.686624999999999819e-01 9.696124999999999883e-01 9.710874999999999924e-01 9.727124999999999799e-01 9.752374999999999794e-01 9.768250000000000544e-01
9.659999999999999698e-01 9.660874999999999879e-01 9.660250000000000226e-01 9.652625000000000233e-01 9.654249999999999776e-01 9.657999999999999918e-01 9.657624999999999682e-01 9.658875000000000099e-01 9.657624999999999682e-01 9.663874999999999549e-01 9.663000000000000478e-01 9.668999999999999817e-01 9.681874999999999787e-01 9.691625000000000378e-01 9.706624999999999837e-01 9.714874999999999483e-01 9.728999999999999870e-01 9.745500000000000274e-01 9.767249999999999543e-01 9.785875000000000545e-01
9.681125000000000425e-01 9.681625000000000369e-01 9.681750000000000078e-01 9.674874999999999448e-01 9.677750000000000519e-01 9.678999999999999826e-01 9.678875000000000117e-01 9.677750000000000519e-01 9.677624999999999700e-01 9.686124999999999874e-01 9.681374999999999842e-01 9.690125000000000544e-01 9.703874999999999584e-01 9.710874999999999924e-01 9.724874999999999492e-01 9.733249999999999957e-01 9.745749999999999691e-01 9.762374999999999803e-01 9.782999999999999474e-01 9.800375000000000059e-01
9.701250000000000151e-01 9.701499999999999568e-01 9.703249999999999931e-01 9.695749999999999647e-01 9.696749999999999536e-01 9.701125000000000442e-01 9.698999999999999844e-01 9.698250000000000481e-01 9.698624999999999607e-01 9.707249999999999490e-01 9.701625000000000387e-01 9.710124999999999451e-01 9.722125000000000350e-01 9.730999999999999650e-01 9.740750000000000242e-01 9.750999999999999668e-01 9.762125000000000385e-01 9.779250000000000442e-01 9.797500000000000098e-01 9.816375000000000517e-01
9.720874999999999932e-01 9.721499999999999586e-01 9.722874999999999712e-01 9.717124999999999790e-01 9.717624999999999735e-01 9.720625000000000515e-01 9.717249999999999499e-01 9.716624999999999845e-01 9.717750000000000554e-01 9.729250000000000398e-01 9.723125000000000240e-01 9.730625000000000524e-01 9.741499999999999604e-01 9.748250000000000526e-01 9.758624999999999661e-01 9.769375000000000142e-01 9.779999999999999805e-01 9.794625000000000137e-01 9.812125000000000430e-01 9.830999999999999739e-01
9.741250000000000187e-01 9.742750000000000021e-01 9.742625000000000313e-01 9.740124999999999478e-01 9.737375000000000336e-01 9.738499999999999934e-01 9.735624999999999973e-01 9.738499999999999934e-01 9.737875000000000281e-01 9.749499999999999833e-01 9.740750000000000242e-01 9.748875000000000179e-01 9.760874999999999968e-01 9.767000000000000126e-01 9.776749999999999607e-01 9.787375000000000380e-01 9.797000000000000153e-01 9.811125000000000540e-01 9.825874999999999471e-01 9.845249999999999835e-01
9.761750000000000149e-01 9.763874999999999638e-01 9.760999999999999677e-01 9.761374999999999913e-01 9.756375000000000464e-01 9.757749999999999480e-01 9.754374999999999574e-01 9.760750000000000259e-01 9.756624999999999881e-01 9.768124999999999725e-01 9.759250000000000425e-01 9.766875000000000417e-01 9.777624999999999789e-01 9.784625000000000128e-01 9.795125000000000082e-01 9.803500000000000547e-01 9.813499999999999446e-01 9.827749999999999542e-01 9.840250000000000385e-01 9.859875000000000167e-01
9.778375000000000261e-01 9.782874999999999766e-01 9.777124999999999844e-01 9.780124999999999513e-01 9.774625000000000119e-01 9.778000000000000025e-01 9.773749999999999938e-01 9.778124999999999734e-01 9.773874999999999647e-01 9.785249999999999782e-01 9.777000000000000135e-01 9.786000000000000254e-01 9.795500000000000318e-01 9.801374999999999948e-01 9.812250000000000139e-01 9.817500000000000115e-01 9.828624999999999723e-01 9.842125000000000457e-01 9.852625000000000410e-01 9.871999999999999664e-01
9.797500000000000098e-01 9.801625000000000476e-01 9.796875000000000444e-01 9.797375000000000389e-01 9.789250000000000451e-01 9.797749999999999515e-01 9.790624999999999467e-01 9.795125000000000082e-01 9.791125000000000522e-01 9.803374999999999728e-01 9.793874999999999664e-01 9.803625000000000256e-01 9.812874999999999792e-01 9.816000000000000281e-01 9.829750000000000432e-01 9.832750000000000101e-01 9.841999999999999638e-01 9.856000000000000316e-01 9.868375000000000341e-01 9.883625000000000327e-01
9.815749999999999753e-01 9.818249999999999478e-01 9.814125000000000210e-01 9.814625000000000155e-01 9.807875000000000343e-01 9.814625000000000155e-01 9.808624999999999705e-01 9.811250000000000249e-01 9.808624999999999705e-01 9.818624999999999714e-01 9.809999999999999831e-01 9.821750000000000203e-01 9.829250000000000487e-01 9.833250000000000046e-01 9.842125000000000457e-01 9.847000000000000197e-01 9.855874999999999497e-01 9.867000000000000215e-01 9.882250000000000201e-01 9.895874999999999533e-01
9.830499999999999794e-01 9.834749999999999881e-01 9.830375000000000085e-01 9.832999999999999519e-01 9.825249999999999817e-01 9.831750000000000211e-01 9.826624999999999943e-01 9.828999999999999959e-01 9.825749999999999762e-01 9.834625000000000172e-01 9.827249999999999597e-01 9.837500000000000133e-01 9.843125000000000346e-01 9.846249999999999725e-01 9.855249999999999844e-01 9.860250000000000403e-01 9.870875000000000066e-01 9.877500000000000169e-01 9.893750000000000044e-01 9.903750000000000053e-01
9.847000000000000197e-01 9.848999999999999977e-01 9.844749999999999890e-01 9.849750000000000449e-01 9.841750000000000220e-01 9.848624999999999741e-01 9.841374999999999984e-01 9.843750000000000000e-01 9.843750000000000000e-01 9.849375000000000213e-01 9.844125000000000236e-01 9.851625000000000520e-01 9.858500000000000041e-01 9.860250000000000403e-01 9.869875000000000176e-01 9.874500000000000499e-01 9.882625000000000437e-01 9.888375000000000359e-01 9.902999999999999581e-01 9.913125000000000409e-01
9.861874999999999947e-01 9.866000000000000325e-01 9.861124999999999474e-01 9.863250000000000073e-01 9.856875000000000497e-01 9.863499999999999490e-01 9.856875000000000497e-01 9.858999999999999986e-01 9.859250000000000513e-01 9.863750000000000018e-01 9.859124999999999694e-01 9.867249999999999632e-01 9.872625000000000428e-01 9.873625000000000318e-01 9.882499999999999618e-01 9.886875000000000524e-01 9.893874999999999753e-01 9.899999999999999911e-01 9.912250000000000227e-01 9.922999999999999599e-01
9.875749999999999806e-01 9.878749999999999476e-01 9.876125000000000043e-01 9.878500000000000059e-01 9.869624999999999648e-01 9.875500000000000389e-01 9.870999999999999774e-01 9.871375000000000011e-01 9.874749999999999917e-01 9.879624999999999657e-01 9.875125000000000153e-01 9.878375000000000350e-01 9.884874999999999634e-01 9.884500000000000508e-01 9.892750000000000155e-01 9.897749999999999604e-01 9.903999999999999471e-01 9.910375000000000156e-01 9.921375000000000055e-01 9.929999999999999938e-01
9.889124999999999721e-01 9.890499999999999847e-01 9.887749999999999595e-01 9.889124999999999721e-01 9.881874999999999964e-01 9.887124999999999941e-01 9.884249999999999980e-01 9.887000000000000233e-01 9.889750000000000485e-01 9.892999999999999572e-01 9.887875000000000414e-01 9.889999999999999902e-01 9.897749999999999604e-01 9.896249999999999769e-01 9.905749999999999833e-01 9.907875000000000432e-01 9.914749999999999952e-01 9.920250000000000457e-01 9.931250000000000355e-01 9.936749999999999750e-01
9.899624999999999675e-01 9.904625000000000234e-01 9.901874999999999982e-01 9.901250000000000329e-01 9.894125000000000281e-01 9.899000000000000021e-01 9.896749999999999714e-01 9.898749999999999494e-01 9.900999999999999801e-01 9.904374999999999707e-01 9.900124999999999620e-01 9.900875000000000092e-01 9.906625000000000014e-01 9.906749999999999723e-01 9.915249999999999897e-01 9.916000000000000369e-01 9.923750000000000071e-01 9.930624999999999591e-01 9.939750000000000529e-01 9.943999999999999506e-01
9.913250000000000117e-01 9.915125000000000188e-01 9.913125000000000409e-01 9.914374999999999716e-01 9.904625000000000234e-01 9.911375000000000046e-01 9.905749999999999833e-01 9.910124999999999629e-01 9.912374999999999936e-01 9.914749999999999952e-01 9.911874999999999991e-01 9.911874999999999991e-01 9.916374999999999496e-01 9.918249999999999567e-01 9.925749999999999851e-01 9.924749999999999961e-01 9.931624999999999481e-01 9.938500000000000112e-01 9.947000000000000286e-01 9.950624999999999609e-01
9.924250000000000016e-01 9.925500000000000433e-01 9.922499999999999654e-01 9.923999999999999488e-01 9.916625000000000023e-01 9.922374999999999945e-01 9.916374999999999496e-01 9.920250000000000457e-01 9.919999999999999929e-01 9.924125000000000307e-01 9.922625000000000473e-01 9.921999999999999709e-01 9.927124999999999977e-01 9.926125000000000087e-01 9.933625000000000371e-01 9.932874999999999899e-01 9.939375000000000293e-01 9.946374999999999522e-01 9.954125000000000334e-01 9.957249999999999712e-01
9.932750000000000190e-01 9.935500000000000442e-01 9.933125000000000426e-01 9.932874999999999899e-01 9.927375000000000504e-01 9.933250000000000135e-01 9.926374999999999504e-01 9.929000000000000048e-01 9.929124999999999757e-01 9.932750000000000190e-01 9.930499999999999883e-01 9.930624999999999591e-01 9.934250000000000025e-01 9.934874999999999678e-01 9.940624999999999600e-01 9.940375000000000183e-01 9.945625000000000160e-01 9.951750000000000318e-01 9.959750000000000547e-01 9.961750000000000327e-01
9.940875000000000128e-01 9.944499999999999451e-01 9.939875000000000238e-01 9.942250000000000254e-01 9.934749999999999970e-01 9.941250000000000364e-01 9.935874999999999568e-01 9.936500000000000332e-01 9.939375000000000293e-01 9.940750000000000419e-01 9.938500000000000112e-01 9.940124999999999655e-01 9.942250000000000254e-01 9.942750000000000199e-01 9.946625000000000050e-01 9.946749999999999758e-01 9.951250000000000373e-01 9.956625000000000059e-01 9.964250000000000052e-01 9.967500000000000249e-01
9.948749999999999538e-01 9.950624999999999609e-01 9.947624999999999940e-01 9.949624999999999719e-01 9.943625000000000380e-01 9.949624999999999719e-01 9.943874999999999797e-01 9.943499999999999561e-01 9.946625000000000050e-01 9.947624999999999940e-01 9.944374999999999742e-01 9.947875000000000467e-01 9.949500000000000011e-01 9.948249999999999593e-01 9.952499999999999680e-01 9.953625000000000389e-01 9.956500000000000350e-01 9.962499999999999689e-01 9.968749999999999556e-01 9.971124999999999572e-01
9.957624999999999948e-01 9.957624999999999948e-01 9.954625000000000279e-01 9.956374999999999531e-01 9.951124999999999554e-01 9.957000000000000295e-01 9.950875000000000137e-01 9.950875000000000137e-01 9.954125000000000334e-01 9.954125000000000334e-01 9.952499999999999680e-01 9.952750000000000208e-01 9.955749999999999877e-01 9.954125000000000334e-01 9.958375000000000421e-01 9.960250000000000492e-01 9.963125000000000453e-01 9.966625000000000068e-01 9.972499999999999698e-01 9.974499999999999478e-01
9.963874999999999815e-01 9.963625000000000398e-01 9.960875000000000146e-01 9.961750000000000327e-01 9.957249999999999712e-01 9.961375000000000091e-01 9.957000000000000295e-01 9.957375000000000531e-01 9.960499999999999909e-01 9.959500000000000020e-01 9.959500000000000020e-01 9.959124999999999783e-01 9.960499999999999909e-01 9.960124999999999673e-01 9.963625000000000398e-01 9.965749999999999886e-01 9.968500000000000139e-01 9.972250000000000281e-01 9.976000000000000423e-01 9.977749999999999675e-01
9.969249999999999501e-01 9.968624999999999847e-01 9.967500000000000249e-01 9.969000000000000083e-01 9.963499999999999579e-01 9.966625000000000068e-01 9.962625000000000508e-01 9.963250000000000162e-01 9.965000000000000524e-01 9.965625000000000178e-01 9.964374999999999760e-01 9.965000000000000524e-01 9.966374999999999540e-01 9.965625000000000178e-01 9.968124999999999902e-01 9.970624999999999627e-01 9.972999999999999643e-01 9.975874999999999604e-01 9.979500000000000037e-01 9.980250000000000510e-01
9.973625000000000407e-01 9.972999999999999643e-01 9.972124999999999462e-01 9.973250000000000171e-01 9.969875000000000265e-01 9.971875000000000044e-01 9.969375000000000320e-01 9.967875000000000485e-01 9.970499999999999918e-01 9.968624999999999847e-01 9.969249999999999501e-01 9.970375000000000210e-01 9.969749999999999446e-01 9.969375000000000320e-01 9.971499999999999808e-01 9.973125000000000462e-01 9.976125000000000131e-01 9.979500000000000037e-01 9.982250000000000290e-01 9.982499999999999707e-01
9.977624999999999966e-01 9.977749999999999675e-01 9.975000000000000533e-01 9.977875000000000494e-01 9.974125000000000352e-01 9.977375000000000549e-01 9.974499999999999478e-01 9.973374999999999879e-01 9.975000000000000533e-01 9.973499999999999588e-01 9.973874999999999824e-01 9.974374999999999769e-01 9.974250000000000060e-01 9.974625000000000297e-01 9.975000000000000533e-01 9.976625000000000076e-01 9.978875000000000384e-01 9.981999999999999762e-01 9.985000000000000542e-01 9.985125000000000250e-01
9.981124999999999581e-01 9.981875000000000053e-01 9.979249999999999510e-01 9.981875000000000053e-01 9.979000000000000092e-01 9.980875000000000163e-01 9.978624999999999856e-01 9.977000000000000313e-01 9.978875000000000384e-01 9.976874999999999494e-01 9.978249999999999620e-01 9.979375000000000329e-01 9.977875000000000494e-01 9.978500000000000147e-01 9.978000000000000203e-01 9.979124999999999801e-01 9.982250000000000290e-01 9.984499999999999487e-01 9.987249999999999739e-01 9.987249999999999739e-01
9.984125000000000361e-01 9.984750000000000014e-01 9.982250000000000290e-01 9.985749999999999904e-01 9.981999999999999762e-01 9.984125000000000361e-01 9.981999999999999762e-01 9.980375000000000218e-01 9.981499999999999817e-01 9.980999999999999872e-01 9.980999999999999872e-01 9.982499999999999707e-01 9.981375000000000108e-01 9.982499999999999707e-01 9.981499999999999817e-01 9.982499999999999707e-01 9.984499999999999487e-01 9.987500000000000266e-01 9.989249999999999519e-01 9.989500000000000046e-01
9.986874999999999503e-01 9.987624999999999975e-01 9.985749999999999904e-01 9.987500000000000266e-01 9.985249999999999959e-01 9.986500000000000377e-01 9.986000000000000432e-01 9.984625000000000306e-01 9.984250000000000069e-01 9.983625000000000416e-01 9.983625000000000416e-01 9.984874999999999723e-01 9.983374999999999888e-01 9.984374999999999778e-01 9.985000000000000542e-01 9.985000000000000542e-01 9.987125000000000030e-01 9.989875000000000282e-01 9.991124999999999590e-01 9.990624999999999645e-01
9.988249999999999629e-01 9.989500000000000046e-01 9.988749999999999574e-01 9.989249999999999519e-01 9.987749999999999684e-01 9.989624999999999755e-01 9.988624999999999865e-01 9.987875000000000503e-01 9.986749999999999794e-01 9.986374999999999558e-01 9.985625000000000195e-01 9.988124999999999920e-01 9.985125000000000250e-01 9.987500000000000266e-01 9.987000000000000322e-01 9.987000000000000322e-01 9.988624999999999865e-01 9.990999999999999881e-01 9.991999999999999771e-01 9.991750000000000353e-01
9.990499999999999936e-01 9.990875000000000172e-01 9.990999999999999881e-01 9.990624999999999645e-01 9.989749999999999464e-01 9.991250000000000409e-01 9.990999999999999881e-01 9.990250000000000519e-01 9.989749999999999464e-01 9.988375000000000448e-01 9.987749999999999684e-01 9.990750000000000464e-01 9.987500000000000266e-01 9.989124999999999810e-01 9.989500000000000046e-01 9.989749999999999464e-01 9.990375000000000227e-01 9.991999999999999771e-01 9.993125000000000480e-01 9.993374999999999897e-01
9.991624999999999535e-01 9.992250000000000298e-01 9.992250000000000298e-01 9.992250000000000298e-01 9.991624999999999535e-01 9.993125000000000480e-01 9.992625000000000535e-01 9.991499999999999826e-01 9.991875000000000062e-01 9.990375000000000227e-01 9.989749999999999464e-01 9.991875000000000062e-01 9.990250000000000519e-01 9.990875000000000172e-01 9.990875000000000172e-01 9.992250000000000298e-01 9.992124999999999480e-01 9.993625000000000425e-01 9.993999999999999551e-01 9.994625000000000314e-01
9.993374999999999897e-01 9.993750000000000133e-01 9.993374999999999897e-01 9.993999999999999551e-01 9.992625000000000535e-01 9.993874999999999842e-01 9.993874999999999842e-01 9.992250000000000298e-01 9.993625000000000425e-01 9.991375000000000117e-01 9.992375000000000007e-01 9.993125000000000480e-01 9.991624999999999535e-01 9.992625000000000535e-01 9.992375000000000007e-01 9.993374999999999897e-01 9.993125000000000480e-01 9.994374999999999787e-01 9.994750000000000023e-01 9.995874999999999622e-01
9.994499999999999496e-01 9.995625000000000204e-01 9.994125000000000369e-01 9.995125000000000259e-01 9.993499999999999606e-01 9.994750000000000023e-01 9.994750000000000023e-01 9.993374999999999897e-01 9.994499999999999496e-01 9.992874999999999952e-01 9.994125000000000369e-01 9.993499999999999606e-01 9.992499999999999716e-01 9.993625000000000425e-01 9.993499999999999606e-01 9.994750000000000023e-01 9.994750000000000023e-01 9.995625000000000204e-01 9.995249999999999968e-01 9.996500000000000385e-01
9.995625000000000204e-01 9.996625000000000094e-01 9.995000000000000551e-01 9.996249999999999858e-01 9.994125000000000369e-01 9.995000000000000551e-01 9.995374999999999677e-01 9.994499999999999496e-01 9.995249999999999968e-01 9.993999999999999551e-01 9.995374999999999677e-01 9.995125000000000259e-01 9.993874999999999842e-01 9.995125000000000259e-01 9.994625000000000314e-01 9.995625000000000204e-01 9.995125000000000259e-01 9.996625000000000094e-01 9.995749999999999913e-01 9.996874999999999512e-01
9.996249999999999858e-01 9.997125000000000039e-01 9.996125000000000149e-01 9.996749999999999803e-01 9.995500000000000496e-01 9.995625000000000204e-01 9.996125000000000149e-01 9.995125000000000259e-01 9.996125000000000149e-01 9.995125000000000259e-01 9.996500000000000385e-01 9.996000000000000441e-01 9.994750000000000023e-01 9.995874999999999622e-01 9.995749999999999913e-01 9.995874999999999622e-01 9.996625000000000094e-01 9.997125000000000039e-01 9.996625000000000094e-01 9.997249999999999748e-01
9.997125000000000039e-01 9.997500000000000275e-01 9.996625000000000094e-01 9.997500000000000275e-01 9.995874999999999622e-01 9.997249999999999748e-01 9.996749999999999803e-01 9.995874999999999622e-01 9.996500000000000385e-01 9.996125000000000149e-01 9.997000000000000330e-01 9.996625000000000094e-01 9.996000000000000441e-01 9.996749999999999803e-01 9.996374999999999567e-01 9.996874999999999512e-01 9.996874999999999512e-01 9.997374999999999456e-01 9.997249999999999748e-01 9.997624999999999984e-01
9.997500000000000275e-01 9.998249999999999638e-01 9.997249999999999748e-01 9.997875000000000512e-01 9.996374999999999567e-01 9.997749999999999693e-01 9.997624999999999984e-01 9.996374999999999567e-01 9.997500000000000275e-01 9.996625000000000094e-01 9.997500000000000275e-01 9.997000000000000330e-01 9.996625000000000094e-01 9.997500000000000275e-01 9.997249999999999748e-01 9.998124999999999929e-01 9.998000000000000220e-01 9.998249999999999638e-01 9.997624999999999984e-01 9.998000000000000220e-01
9.998249999999999638e-01 9.998624999999999874e-01 9.997500000000000275e-01 9.998249999999999638e-01 9.997000000000000330e-01 9.997875000000000512e-01 9.997875000000000512e-01 9.996874999999999512e-01 9.998000000000000220e-01 9.997875000000000512e-01 9.998124999999999929e-01 9.997624999999999984e-01 9.997125000000000039e-01 9.997749999999999693e-01 9.998124999999999929e-01 9.998375000000000457e-01 9.998749999999999583e-01 9.998500000000000165e-01 9.998124999999999929e-01 9.998375000000000457e-01
9.998375000000000457e-01 9.999124999999999819e-01 9.998375000000000457e-01 9.998875000000000401e-01 9.997374999999999456e-01 9.998624999999999874e-01 9.998000000000000220e-01 9.997500000000000275e-01 9.998124999999999929e-01 9.998624999999999874e-01 9.998249999999999638e-01 9.997749999999999693e-01 9.997875000000000512e-01 9.998124999999999929e-01 9.998500000000000165e-01 9.998875000000000401e-01 9.998875000000000401e-01 9.998624999999999874e-01 9.998249999999999638e-01 9.998500000000000165e-01
9.998875000000000401e-01 9.999375000000000346e-01 9.998875000000000401e-01 9.998875000000000401e-01 9.998124999999999929e-01 9.999000000000000110e-01 9.998375000000000457e-01 9.998124999999999929e-01 9.998500000000000165e-01 9.999124999999999819e-01 9.998249999999999638e-01 9.998000000000000220e-01 9.998375000000000457e-01 9.998875000000000401e-01 9.998624999999999874e-01 9.999124999999999819e-01 9.999124999999999819e-01 9.998749999999999583e-01 9.998749999999999583e-01 9.998749999999999583e-01
9.998875000000000401e-01 9.999500000000000055e-01 9.999000000000000110e-01 9.999000000000000110e-01 9.998124999999999929e-01 9.999000000000000110e-01 9.998500000000000165e-01 9.998375000000000457e-01 9.998500000000000165e-01 9.999124999999999819e-01 9.998249999999999638e-01 9.998000000000000220e-01 9.998624999999999874e-01 9.998875000000000401e-01 9.998749999999999583e-01 9.999500000000000055e-01 9.999124999999999819e-01 9.998875000000000401e-01 9.998875000000000401e-01 9.998749999999999583e-01
9.999375000000000346e-01 9.999624999999999764e-01 9.999500000000000055e-01 9.999624999999999764e-01 9.999000000000000110e-01 9.999749999999999472e-01 9.999124999999999819e-01 9.998624999999999874e-01 9.998749999999999583e-01 9.999249999999999527e-01 9.998624999999999874e-01 9.998624999999999874e-01 9.998875000000000401e-01 9.999375000000000346e-01 9.998875000000000401e-01 9.999875000000000291e-01 9.999375000000000346e-01 9.999124999999999819e-01 9.999124999999999819e-01 9.999000000000000110e-01
9.999375000000000346e-01 9.999624999999999764e-01 9.999500000000000055e-01 9.999624999999999764e-01 9.999000000000000110e-01 9.999749999999999472e-01 9.999124999999999819e-01 9.998624999999999874e-01 9.998749999999999583e-01 9.999249999999999527e-01 9.998749999999999583e-01 9.998624999999999874e-01 9.998875000000000401e-01 9.999375000000000346e-01 9.999124999999999819e-01 9.999875000000000291e-01 9.999624999999999764e-01 9.999249999999999527e-01 9.999249999999999527e-01 9.999124999999999819e-01
9.999624999999999764e-01 9.999749999999999472e-01 9.999624999999999764e-01 9.999749999999999472e-01 9.999375000000000346e-01 9.999875000000000291e-01 9.999624999999999764e-01 9.999124999999999819e-01 9.999624999999999764e-01 9.999624999999999764e-01 9.999500000000000055e-01 9.999249999999999527e-01 9.999000000000000110e-01 9.999500000000000055e-01 9.999875000000000291e-01 1.000000000000000000e+00 9.999875000000000291e-01 9.999375000000000346e-01 9.999500000000000055e-01 9.999500000000000055e-01
9.999624999999999764e-01 9.999749999999999472e-01 9.999624999999999764e-01 9.999749999999999472e-01 9.999375000000000346e-01 9.999875000000000291e-01 9.999624999999999764e-01 9.999249999999999527e-01 9.999624999999999764e-01 9.999624999999999764e-01 9.999500000000000055e-01 9.999375000000000346e-01 9.999124999999999819e-01 9.999749999999999472e-01 9.999875000000000291e-01 1.000000000000000000e+00 9.999875000000000291e-01 9.999500000000000055e-01 9.999500000000000055e-01 9.999624999999999764e-01
9.999624999999999764e-01 9.999749999999999472e-01 9.999624999999999764e-01 9.999749999999999472e-01 9.999375000000000346e-01 9.999875000000000291e-01 9.999624999999999764e-01 9.999249999999999527e-01 9.999624999999999764e-01 9.999624999999999764e-01 9.999500000000000055e-01 9.999375000000000346e-01 9.999124999999999819e-01 9.999749999999999472e-01 9.999875000000000291e-01 1.000000000000000000e+00 9.999875000000000291e-01 9.999500000000000055e-01 9.999624999999999764e-01 9.999624999999999764e-01
9.999624999999999764e-01 9.999749999999999472e-01 9.999624999999999764e-01 9.999749999999999472e-01 9.999375000000000346e-01 9.999875000000000291e-01 9.999624999999999764e-01 9.999249999999999527e-01 9.999624999999999764e-01 9.999624999999999764e-01 9.999500000000000055e-01 9.999375000000000346e-01 9.999124999999999819e-01 9.999749999999999472e-01 9.999875000000000291e-01 1.000000000000000000e+00 9.999875000000000291e-01 9.999500000000000055e-01 9.999624999999999764e-01 9.999624999999999764e-01
1.000000000000000000e+00 1.000000000000000000e+00 1.000000000000000000e+00 1.000000000000000000e+00 1.000000000000000000e+00 1.000000000000000000e+00 1.000000000000000000e+00 1.000000000000000000e+00 1.000000000000000000e+00 1.000000000000000000e+00 1.000000000000000000e+00 1.000000000000000000e+00 1.000000000000000000e+00 1.000000000000000000e+00 1.000000000000000000e+00 1.000000000000000000e+00 1.000000000000000000e+00 1.000000000000000000e+00 1.000000000000000000e+00 1.000000000000000000e+00
1.000000000000000000e+00 1.000000000000000000e+00 1.000000000000000000e+00 1.000000000000000000e+00 1.000000000000000000e+00 1.000000000000000000e+00 1.000000000000000000e+00 1.000000000000000000e+00 1.000000000000000000e+00 1.000000000000000000e+00 1.000000000000000000e+00 1.000000000000000000e+00 1.000000000000000000e+00 1.000000000000000000e+00 1.000000000000000000e+00 1.000000000000000000e+00 1.000000000000000000e+00 1.000000000000000000e+00 1.000000000000000000e+00 1.000000000000000000e+00
