4.427188724235731477e-04 4.997578385556493766e-04 5.641455848280560459e-04 6.368289125805289214e-04 7.188766070412570168e-04 8.114951534738955611e-04 9.160464781598157830e-04 1.034067975091110128e-03 1.167295112860504847e-03 1.317686954175293886e-03 1.487454963251657507e-03 1.679095524692928235e-03 1.895426652031561741e-03 2.139629425722276539e-03 2.415294769918857522e-03 2.726476255872258524e-03 3.077749708407205142e-03 3.474280491971555238e-03 3.921899465678414624e-03 4.427188724235731586e-03
8.742750000000000243e-01 8.745500000000000496e-01 8.737749999999999684e-01 8.743374999999999897e-01 8.755374999999999686e-01 8.758875000000000410e-01 8.763499999999999623e-01 8.765249999999999986e-01 8.770499999999999963e-01 8.777249999999999774e-01 8.786749999999999838e-01 8.798500000000000210e-01 8.806000000000000494e-01 8.804250000000000131e-01 8.818249999999999700e-01 8.817125000000000101e-01 8.831250000000000488e-01 8.845374999999999766e-01 8.851624999999999632e-01 8.858500000000000263e-01
8.751250000000000417e-01 8.753750000000000142e-01 8.747749999999999693e-01 8.751875000000000071e-01 8.765625000000000222e-01 8.769500000000000073e-01 8.773625000000000451e-01 8.776249999999999885e-01 8.780000000000000027e-01 8.787125000000000075e-01 8.796874999999999556e-01 8.809124999999999872e-01 8.816874999999999574e-01 8.816374999999999629e-01 8.830624999999999725e-01 8.827749999999999764e-01 8.840624999999999734e-01 8.856249999999999956e-01 8.861875000000000169e-01 8.867749999999999799e-01
8.752750000000000252e-01 8.755500000000000504e-01 8.750124999999999709e-01 8.754250000000000087e-01 8.768124999999999947e-01 8.771499999999999853e-01 8.776249999999999885e-01 8.780624999999999680e-01 8.783874999999999877e-01 8.789375000000000382e-01 8.800124999999999753e-01 8.811624999999999597e-01 8.819000000000000172e-01 8.819500000000000117e-01 8.835250000000000048e-01 8.831750000000000433e-01 8.844499999999999584e-01 8.858624999999999972e-01 8.864499999999999602e-01 8.871624999999999650e-01
8.753374999999999906e-01 8.756374999999999575e-01 8.750624999999999654e-01 8.754874999999999741e-01 8.769375000000000364e-01 8.772624999999999451e-01 8.777000000000000357e-01 8.781624999999999570e-01 8.784999999999999476e-01 8.790875000000000217e-01 8.801875000000000115e-01 8.813125000000000542e-01 8.820000000000000062e-01 8.820624999999999716e-01 8.836125000000000229e-01 8.833499999999999686e-01 8.846125000000000238e-01 8.860000000000000098e-01 8.865499999999999492e-01 8.872375000000000123e-01
8.753499999999999615e-01 8.756374999999999575e-01 8.750875000000000181e-01 8.754874999999999741e-01 8.769500000000000073e-01 8.772750000000000270e-01 8.777125000000000066e-01 8.781999999999999806e-01 8.785125000000000295e-01 8.790999999999999925e-01 8.802250000000000352e-01 8.813125000000000542e-01 8.820500000000000007e-01 8.820875000000000243e-01 8.836500000000000465e-01 8.833625000000000504e-01 8.846749999999999892e-01 8.860624999999999751e-01 8.865874999999999728e-01 8.872875000000000068e-01
8.753499999999999615e-01 8.756374999999999575e-01 8.750875000000000181e-01 8.754874999999999741e-01 8.769500000000000073e-01 8.772750000000000270e-01 8.777125000000000066e-01 8.781999999999999806e-01 8.785250000000000004e-01 8.791124999999999634e-01 8.802375000000000060e-01 8.813250000000000250e-01 8.820624999999999716e-01 8.820999999999999952e-01 8.836625000000000174e-01 8.833874999999999922e-01 8.846874999999999600e-01 8.860875000000000279e-01 8.865874999999999728e-01 8.872999999999999776e-01
8.753499999999999615e-01 8.756374999999999575e-01 8.750999999999999890e-01 8.754874999999999741e-01 8.769500000000000073e-01 8.772750000000000270e-01 8.777125000000000066e-01 8.781999999999999806e-01 8.785250000000000004e-01 8.791124999999999634e-01 8.802375000000000060e-01 8.813250000000000250e-01 8.820624999999999716e-01 8.821124999999999661e-01 8.836625000000000174e-01 8.833874999999999922e-01 8.846874999999999600e-01 8.860875000000000279e-01 8.865874999999999728e-01 8.872999999999999776e-01
8.753499999999999615e-01 8.756374999999999575e-01 8.750999999999999890e-01 8.754874999999999741e-01 8.769500000000000073e-01 8.772750000000000270e-01 8.777125000000000066e-01 8.781999999999999806e-01 8.785250000000000004e-01 8.791124999999999634e-01 8.802375000000000060e-01 8.813250000000000250e-01 8.820624999999999716e-01 8.821124999999999661e-01 8.836625000000000174e-01 8.833874999999999922e-01 8.846874999999999600e-01 8.860875000000000279e-01 8.866000000000000547e-01 8.872999999999999776e-01
8.753499999999999615e-01 8.756374999999999575e-01 8.750999999999999890e-01 8.754874999999999741e-01 8.769500000000000073e-01 8.772750000000000270e-01 8.777125000000000066e-01 8.781999999999999806e-01 8.785250000000000004e-01 8.791124999999999634e-01 8.802375000000000060e-01 8.813250000000000250e-01 8.820624999999999716e-01 8.821124999999999661e-01 8.836625000000000174e-01 8.833874999999999922e-01 8.846874999999999600e-01 8.860875000000000279e-01 8.866000000000000547e-01 8.872999999999999776e-01
8.753499999999999615e-01 8.756374999999999575e-01 8.750999999999999890e-01 8.754874999999999741e-01 8.769500000000000073e-01 8.772750000000000270e-01 8.777125000000000066e-01 8.781999999999999806e-01 8.785250000000000004e-01 8.791124999999999634e-01 8.802375000000000060e-01 8.813250000000000250e-01 8.820624999999999716e-01 8.821124999999999661e-01 8.836625000000000174e-01 8.833874999999999922e-01 8.846874999999999600e-01 8.860875000000000279e-01 8.866000000000000547e-01 8.872999999999999776e-01
8.753499999999999615e-01 8.756374999999999575e-01 8.750999999999999890e-01 8.754874999999999741e-01 8.769500000000000073e-01 8.772750000000000270e-01 8.777125000000000066e-01 8.781999999999999806e-01 8.785250000000000004e-01 8.791124999999999634e-01 8.802375000000000060e-01 8.813250000000000250e-01 8.820624999999999716e-01 8.821124999999999661e-01 8.836625000000000174e-01 8.833874999999999922e-01 8.846874999999999600e-01 8.860875000000000279e-01 8.866000000000000547e-01 8.872999999999999776e-01
8.753499999999999615e-01 8.756374999999999575e-01 8.750999999999999890e-01 8.754874999999999741e-01 8.769500000000000073e-01 8.772750000000000270e-01 8.777125000000000066e-01 8.781999999999999806e-01 8.785250000000000004e-01 8.791124999999999634e-01 8.802375000000000060e-01 8.813250000000000250e-01 8.820624999999999716e-01 8.821124999999999661e-01 8.836625000000000174e-01 8.833874999999999922e-01 8.846874999999999600e-01 8.860875000000000279e-01 8.866000000000000547e-01 8.872999999999999776e-01
8.753499999999999615e-01 8.756374999999999575e-01 8.750999999999999890e-01 8.754874999999999741e-01 8.769500000000000073e-01 8.772750000000000270e-01 8.777125000000000066e-01 8.781999999999999806e-01 8.785250000000000004e-01 8.791124999999999634e-01 8.802375000000000060e-01 8.813250000000000250e-01 8.820624999999999716e-01 8.821124999999999661e-01 8.836625000000000174e-01 8.833874999999999922e-01 8.846874999999999600e-01 8.860875000000000279e-01 8.866000000000000547e-01 8.872999999999999776e-01
8.753499999999999615e-01 8.756374999999999575e-01 8.750999999999999890e-01 8.754874999999999741e-01 8.769500000000000073e-01 8.772750000000000270e-01 8.777125000000000066e-01 8.781999999999999806e-01 8.785250000000000004e-01 8.791124999999999634e-01 8.802375000000000060e-01 8.813250000000000250e-01 8.820624999999999716e-01 8.821124999999999661e-01 8.836625000000000174e-01 8.833874999999999922e-01 8.846874999999999600e-01 8.860875000000000279e-01 8.866000000000000547e-01 8.872999999999999776e-01
8.753499999999999615e-01 8.756374999999999575e-01 8.750999999999999890e-01 8.754874999999999741e-01 8.769500000000000073e-01 8.772750000000000270e-01 8.777125000000000066e-01 8.781999999999999806e-01 8.785250000000000004e-01 8.791124999999999634e-01 8.802375000000000060e-01 8.813250000000000250e-01 8.820624999999999716e-01 8.821124999999999661e-01 8.836625000000000174e-01 8.833874999999999922e-01 8.846874999999999600e-01 8.860875000000000279e-01 8.866000000000000547e-01 8.872999999999999776e-01
8.753499999999999615e-01 8.756374999999999575e-01 8.750999999999999890e-01 8.754874999999999741e-01 8.769500000000000073e-01 8.772750000000000270e-01 8.777125000000000066e-01 8.781999999999999806e-01 8.785250000000000004e-01 8.791124999999999634e-01 8.802375000000000060e-01 8.813250000000000250e-01 8.820624999999999716e-01 8.821124999999999661e-01 8.836625000000000174e-01 8.833874999999999922e-01 8.846874999999999600e-01 8.860875000000000279e-01 8.866000000000000547e-01 8.872999999999999776e-01
8.753625000000000433e-01 8.756374999999999575e-01 8.750999999999999890e-01 8.754874999999999741e-01 8.769500000000000073e-01 8.772750000000000270e-01 8.777125000000000066e-01 8.781999999999999806e-01 8.785250000000000004e-01 8.791124999999999634e-01 8.802375000000000060e-01 8.813250000000000250e-01 8.820624999999999716e-01 8.821124999999999661e-01 8.836625000000000174e-01 8.833874999999999922e-01 8.846874999999999600e-01 8.860875000000000279e-01 8.866000000000000547e-01 8.872999999999999776e-01
8.753625000000000433e-01 8.756374999999999575e-01 8.750999999999999890e-01 8.754874999999999741e-01 8.769500000000000073e-01 8.772750000000000270e-01 8.777125000000000066e-01 8.781999999999999806e-01 8.785250000000000004e-01 8.791124999999999634e-01 8.802375000000000060e-01 8.813250000000000250e-01 8.820624999999999716e-01 8.821124999999999661e-01 8.836625000000000174e-01 8.833874999999999922e-01 8.846874999999999600e-01 8.860875000000000279e-01 8.866000000000000547e-01 8.872999999999999776e-01
8.753625000000000433e-01 8.756374999999999575e-01 8.750999999999999890e-01 8.754999999999999449e-01 8.769624999999999782e-01 8.772750000000000270e-01 8.777125000000000066e-01 8.781999999999999806e-01 8.785250000000000004e-01 8.791124999999999634e-01 8.802375000000000060e-01 8.813250000000000250e-01 8.820624999999999716e-01 8.821124999999999661e-01 8.836625000000000174e-01 8.833874999999999922e-01 8.846874999999999600e-01 8.860875000000000279e-01 8.866000000000000547e-01 8.872999999999999776e-01
8.753750000000000142e-01 8.756374999999999575e-01 8.750999999999999890e-01 8.754999999999999449e-01 8.769624999999999782e-01 8.772750000000000270e-01 8.777125000000000066e-01 8.781999999999999806e-01 8.785250000000000004e-01 8.791124999999999634e-01 8.802375000000000060e-01 8.813250000000000250e-01 8.820624999999999716e-01 8.821124999999999661e-01 8.836625000000000174e-01 8.833874999999999922e-01 8.846874999999999600e-01 8.860875000000000279e-01 8.866000000000000547e-01 8.872999999999999776e-01
8.753750000000000142e-01 8.756374999999999575e-01 8.750999999999999890e-01 8.754999999999999449e-01 8.769624999999999782e-01 8.772750000000000270e-01 8.777125000000000066e-01 8.781999999999999806e-01 8.785250000000000004e-01 8.791124999999999634e-01 8.802375000000000060e-01 8.813250000000000250e-01 8.820624999999999716e-01 8.821124999999999661e-01 8.836625000000000174e-01 8.833874999999999922e-01 8.846874999999999600e-01 8.860875000000000279e-01 8.866000000000000547e-01 8.872999999999999776e-01
8.753750000000000142e-01 8.756374999999999575e-01 8.751250000000000417e-01 8.754999999999999449e-01 8.769749999999999490e-01 8.772750000000000270e-01 8.777249999999999774e-01 8.781999999999999806e-01 8.785374999999999712e-01 8.791124999999999634e-01 8.802375000000000060e-01 8.813250000000000250e-01 8.820624999999999716e-01 8.821124999999999661e-01 8.836625000000000174e-01 8.833874999999999922e-01 8.846874999999999600e-01 8.860875000000000279e-01 8.866000000000000547e-01 8.872999999999999776e-01
8.753999999999999559e-01 8.756500000000000394e-01 8.751499999999999835e-01 8.755125000000000268e-01 8.769749999999999490e-01 8.772750000000000270e-01 8.777249999999999774e-01 8.781999999999999806e-01 8.785500000000000531e-01 8.791124999999999634e-01 8.802375000000000060e-01 8.813250000000000250e-01 8.820624999999999716e-01 8.821124999999999661e-01 8.836625000000000174e-01 8.833874999999999922e-01 8.846874999999999600e-01 8.860875000000000279e-01 8.866000000000000547e-01 8.872999999999999776e-01
8.754250000000000087e-01 8.756625000000000103e-01 8.751875000000000071e-01 8.755500000000000504e-01 8.770124999999999726e-01 8.772750000000000270e-01 8.777374999999999483e-01 8.781999999999999806e-01 8.785625000000000240e-01 8.791124999999999634e-01 8.802375000000000060e-01 8.813250000000000250e-01 8.820624999999999716e-01 8.821124999999999661e-01 8.836625000000000174e-01 8.833874999999999922e-01 8.846874999999999600e-01 8.860875000000000279e-01 8.866000000000000547e-01 8.872999999999999776e-01
8.754499999999999504e-01 8.756625000000000103e-01 8.751875000000000071e-01 8.755625000000000213e-01 8.770624999999999671e-01 8.772750000000000270e-01 8.777625000000000011e-01 8.782250000000000334e-01 8.785625000000000240e-01 8.791124999999999634e-01 8.802375000000000060e-01 8.813250000000000250e-01 8.820624999999999716e-01 8.821124999999999661e-01 8.836625000000000174e-01 8.833874999999999922e-01 8.846874999999999600e-01 8.860875000000000279e-01 8.866000000000000547e-01 8.872999999999999776e-01
8.754750000000000032e-01 8.757000000000000339e-01 8.752250000000000307e-01 8.756125000000000158e-01 8.770875000000000199e-01 8.773250000000000215e-01 8.777625000000000011e-01 8.782375000000000043e-01 8.785625000000000240e-01 8.791124999999999634e-01 8.802375000000000060e-01 8.813250000000000250e-01 8.820624999999999716e-01 8.821124999999999661e-01 8.836625000000000174e-01 8.833874999999999922e-01 8.846874999999999600e-01 8.860875000000000279e-01 8.866000000000000547e-01 8.872999999999999776e-01
8.755249999999999977e-01 8.757125000000000048e-01 8.752499999999999725e-01 8.756625000000000103e-01 8.770999999999999908e-01 8.773625000000000451e-01 8.777749999999999719e-01 8.782375000000000043e-01 8.785749999999999948e-01 8.791250000000000453e-01 8.802499999999999769e-01 8.813374999999999959e-01 8.820624999999999716e-01 8.821124999999999661e-01 8.836625000000000174e-01 8.833874999999999922e-01 8.846874999999999600e-01 8.860875000000000279e-01 8.866000000000000547e-01 8.872999999999999776e-01
8.755874999999999631e-01 8.757749999999999702e-01 8.752874999999999961e-01 8.757500000000000284e-01 8.771124999999999616e-01 8.773750000000000160e-01 8.778000000000000247e-01 8.782624999999999460e-01 8.786000000000000476e-01 8.791499999999999870e-01 8.802499999999999769e-01 8.813374999999999959e-01 8.820624999999999716e-01 8.821124999999999661e-01 8.836625000000000174e-01 8.833874999999999922e-01 8.846874999999999600e-01 8.860875000000000279e-01 8.866000000000000547e-01 8.872999999999999776e-01
8.756374999999999575e-01 8.758624999999999883e-01 8.753874999999999851e-01 8.758375000000000465e-01 8.771624999999999561e-01 8.774374999999999813e-01 8.778124999999999956e-01 8.782999999999999696e-01 8.786249999999999893e-01 8.791624999999999579e-01 8.802624999999999478e-01 8.813499999999999668e-01 8.820750000000000535e-01 8.821124999999999661e-01 8.836625000000000174e-01 8.833874999999999922e-01 8.847000000000000419e-01 8.860875000000000279e-01 8.866000000000000547e-01 8.872999999999999776e-01
8.757374999999999465e-01 8.760000000000000009e-01 8.754874999999999741e-01 8.759000000000000119e-01 8.772499999999999742e-01 8.775249999999999995e-01 8.778375000000000483e-01 8.783250000000000224e-01 8.786625000000000130e-01 8.791875000000000107e-01 8.802999999999999714e-01 8.813499999999999668e-01 8.820750000000000535e-01 8.821124999999999661e-01 8.836625000000000174e-01 8.833874999999999922e-01 8.847000000000000419e-01 8.860875000000000279e-01 8.866000000000000547e-01 8.872999999999999776e-01
8.758749999999999591e-01 8.760624999999999662e-01 8.754999999999999449e-01 8.760124999999999718e-01 8.772999999999999687e-01 8.775625000000000231e-01 8.779124999999999845e-01 8.783499999999999641e-01 8.787500000000000311e-01 8.792124999999999524e-01 8.802999999999999714e-01 8.813499999999999668e-01 8.820750000000000535e-01 8.821124999999999661e-01 8.836625000000000174e-01 8.833999999999999631e-01 8.847000000000000419e-01 8.860875000000000279e-01 8.866000000000000547e-01 8.873124999999999485e-01
8.759749999999999481e-01 8.760875000000000190e-01 8.755625000000000213e-01 8.761375000000000135e-01 8.773999999999999577e-01 8.776374999999999593e-01 8.779375000000000373e-01 8.784499999999999531e-01 8.787625000000000020e-01 8.792375000000000052e-01 8.803374999999999950e-01 8.813625000000000487e-01 8.820750000000000535e-01 8.821124999999999661e-01 8.836625000000000174e-01 8.833999999999999631e-01 8.847000000000000419e-01 8.860999999999999988e-01 8.866000000000000547e-01 8.873375000000000012e-01
8.761250000000000426e-01 8.762499999999999734e-01 8.757875000000000520e-01 8.762250000000000316e-01 8.775374999999999703e-01 8.777500000000000302e-01 8.779749999999999499e-01 8.785125000000000295e-01 8.788249999999999673e-01 8.792999999999999705e-01 8.803874999999999895e-01 8.813999999999999613e-01 8.820999999999999952e-01 8.821124999999999661e-01 8.836874999999999591e-01 8.834250000000000158e-01 8.847249999999999837e-01 8.860999999999999988e-01 8.866125000000000256e-01 8.873375000000000012e-01
8.762499999999999734e-01 8.763874999999999860e-01 8.759124999999999828e-01 8.763750000000000151e-01 8.776000000000000467e-01 8.779000000000000137e-01 8.780999999999999917e-01 8.786000000000000476e-01 8.789624999999999799e-01 8.793750000000000178e-01 8.804374999999999840e-01 8.814250000000000140e-01 8.821499999999999897e-01 8.821624999999999606e-01 8.837000000000000410e-01 8.834374999999999867e-01 8.847749999999999782e-01 8.861124999999999696e-01 8.866125000000000256e-01 8.873499999999999721e-01
8.764125000000000387e-01 8.766125000000000167e-01 8.760624999999999662e-01 8.765874999999999639e-01 8.777625000000000011e-01 8.780250000000000554e-01 8.782375000000000043e-01 8.787125000000000075e-01 8.790499999999999980e-01 8.794750000000000068e-01 8.804750000000000076e-01 8.815250000000000030e-01 8.821750000000000425e-01 8.821999999999999842e-01 8.837249999999999828e-01 8.834499999999999575e-01 8.847874999999999490e-01 8.861375000000000224e-01 8.866374999999999673e-01 8.873625000000000540e-01
8.766500000000000403e-01 8.768500000000000183e-01 8.763250000000000206e-01 8.768249999999999655e-01 8.779124999999999845e-01 8.781999999999999806e-01 8.783874999999999877e-01 8.788749999999999618e-01 8.791250000000000453e-01 8.795874999999999666e-01 8.805625000000000258e-01 8.815374999999999739e-01 8.822499999999999787e-01 8.822124999999999551e-01 8.837374999999999536e-01 8.834874999999999812e-01 8.848375000000000545e-01 8.861999999999999877e-01 8.866374999999999673e-01 8.873750000000000249e-01
8.768500000000000183e-01 8.771124999999999616e-01 8.765500000000000513e-01 8.770624999999999671e-01 8.781375000000000153e-01 8.784625000000000350e-01 8.786000000000000476e-01 8.790124999999999744e-01 8.793625000000000469e-01 8.798500000000000210e-01 8.807374999999999510e-01 8.816500000000000448e-01 8.823499999999999677e-01 8.822624999999999496e-01 8.838125000000000009e-01 8.835125000000000339e-01 8.848875000000000490e-01 8.861999999999999877e-01 8.866874999999999618e-01 8.874250000000000194e-01
8.772624999999999451e-01 8.773874999999999869e-01 8.769500000000000073e-01 8.772874999999999979e-01 8.783125000000000515e-01 8.786874999999999547e-01 8.788749999999999618e-01 8.792375000000000052e-01 8.795749999999999957e-01 8.800375000000000281e-01 8.808624999999999927e-01 8.817500000000000338e-01 8.824374999999999858e-01 8.824250000000000149e-01 8.839249999999999607e-01 8.836125000000000229e-01 8.849249999999999616e-01 8.862999999999999767e-01 8.867249999999999854e-01 8.874874999999999847e-01
8.775500000000000522e-01 8.777000000000000357e-01 8.771750000000000380e-01 8.775374999999999703e-01 8.786125000000000185e-01 8.790875000000000217e-01 8.791750000000000398e-01 8.794874999999999776e-01 8.798249999999999682e-01 8.802499999999999769e-01 8.810999999999999943e-01 8.818875000000000464e-01 8.825625000000000275e-01 8.825749999999999984e-01 8.840500000000000025e-01 8.837374999999999536e-01 8.849875000000000380e-01 8.863375000000000004e-01 8.868125000000000036e-01 8.875625000000000320e-01
8.779500000000000082e-01 8.781250000000000444e-01 8.775125000000000286e-01 8.778749999999999609e-01 8.789124999999999854e-01 8.793750000000000178e-01 8.794625000000000359e-01 8.798124999999999973e-01 8.800999999999999934e-01 8.804750000000000076e-01 8.813125000000000542e-01 8.821499999999999897e-01 8.827874999999999472e-01 8.827500000000000346e-01 8.842124999999999568e-01 8.838749999999999662e-01 8.851875000000000160e-01 8.864999999999999547e-01 8.869375000000000453e-01 8.876749999999999918e-01
8.785374999999999712e-01 8.785625000000000240e-01 8.779875000000000318e-01 8.783125000000000515e-01 8.793374999999999941e-01 8.798500000000000210e-01 8.798749999999999627e-01 8.802624999999999478e-01 8.804999999999999494e-01 8.808500000000000218e-01 8.815499999999999448e-01 8.824999999999999512e-01 8.831875000000000142e-01 8.830124999999999780e-01 8.843874999999999931e-01 8.841124999999999678e-01 8.853874999999999940e-01 8.866874999999999618e-01 8.871375000000000233e-01 8.878500000000000281e-01
8.790624999999999689e-01 8.791499999999999870e-01 8.785749999999999948e-01 8.789500000000000091e-01 8.799124999999999863e-01 8.803625000000000478e-01 8.803499999999999659e-01 8.806500000000000439e-01 8.810249999999999471e-01 8.811250000000000471e-01 8.819500000000000117e-01 8.828875000000000473e-01 8.835125000000000339e-01 8.834250000000000158e-01 8.846749999999999892e-01 8.844750000000000112e-01 8.855250000000000066e-01 8.869000000000000217e-01 8.873499999999999721e-01 8.881250000000000533e-01
8.799624999999999808e-01 8.800375000000000281e-01 8.792499999999999760e-01 8.796374999999999611e-01 8.804250000000000131e-01 8.809749999999999526e-01 8.809624999999999817e-01 8.812124999999999542e-01 8.814750000000000085e-01 8.815874999999999684e-01 8.824750000000000094e-01 8.832750000000000323e-01 8.839249999999999607e-01 8.837625000000000064e-01 8.850249999999999506e-01 8.849749999999999561e-01 8.859124999999999917e-01 8.872499999999999831e-01 8.877500000000000391e-01 8.885499999999999510e-01
8.810750000000000526e-01 8.813499999999999668e-01 8.802375000000000060e-01 8.805749999999999966e-01 8.812624999999999487e-01 8.818124999999999991e-01 8.817249999999999810e-01 8.819875000000000353e-01 8.821750000000000425e-01 8.821624999999999606e-01 8.830124999999999780e-01 8.838000000000000300e-01 8.845374999999999766e-01 8.842750000000000332e-01 8.855374999999999774e-01 8.853625000000000522e-01 8.863124999999999476e-01 8.876874999999999627e-01 8.882624999999999549e-01 8.891124999999999723e-01
8.824999999999999512e-01 8.827000000000000401e-01 8.814750000000000085e-01 8.814250000000000140e-01 8.823750000000000204e-01 8.829500000000000126e-01 8.828125000000000000e-01 8.827500000000000346e-01 8.830249999999999488e-01 8.830750000000000544e-01 8.837749999999999773e-01 8.846000000000000529e-01 8.852624999999999522e-01 8.849875000000000380e-01 8.862624999999999531e-01 8.858624999999999972e-01 8.868875000000000508e-01 8.881999999999999895e-01 8.889749999999999597e-01 8.897374999999999590e-01
8.845250000000000057e-01 8.843124999999999458e-01 8.827874999999999472e-01 8.828500000000000236e-01 8.838375000000000536e-01 8.843999999999999639e-01 8.840124999999999789e-01 8.839124999999999899e-01 8.840875000000000261e-01 8.841124999999999678e-01 8.847625000000000073e-01 8.857374999999999554e-01 8.862124999999999586e-01 8.860124999999999806e-01 8.871250000000000524e-01 8.867625000000000091e-01 8.880375000000000352e-01 8.893874999999999975e-01 8.900375000000000369e-01 8.907625000000000126e-01
8.867625000000000091e-01 8.865125000000000366e-01 8.850500000000000034e-01 8.850999999999999979e-01 8.855499999999999483e-01 8.860624999999999751e-01 8.854999999999999538e-01 8.855499999999999483e-01 8.854125000000000467e-01 8.857249999999999845e-01 8.862999999999999767e-01 8.869875000000000398e-01 8.874374999999999902e-01 8.874499999999999611e-01 8.884999999999999565e-01 8.881250000000000533e-01 8.894874999999999865e-01 8.907249999999999890e-01 8.911499999999999977e-01 8.923875000000000002e-01
8.897125000000000172e-01 8.891000000000000014e-01 8.880875000000000297e-01 8.873999999999999666e-01 8.880375000000000352e-01 8.883874999999999966e-01 8.878624999999999989e-01 8.878500000000000281e-01 8.871375000000000233e-01 8.874374999999999902e-01 8.881375000000000242e-01 8.890749999999999487e-01 8.892999999999999794e-01 8.890000000000000124e-01 8.900875000000000314e-01 8.899124999999999952e-01 8.914374999999999938e-01 8.924250000000000238e-01 8.930749999999999522e-01 8.943375000000000075e-01
8.932875000000000121e-01 8.925999999999999490e-01 8.915750000000000064e-01 8.904125000000000512e-01 8.909624999999999906e-01 8.912624999999999575e-01 8.904499999999999638e-01 8.901624999999999677e-01 8.896125000000000282e-01 8.898249999999999771e-01 8.907374999999999599e-01 8.916125000000000300e-01 8.916874999999999662e-01 8.915125000000000410e-01 8.923499999999999766e-01 8.921124999999999750e-01 8.941624999999999712e-01 8.951249999999999485e-01 8.953375000000000083e-01 8.972999999999999865e-01
8.981749999999999456e-01 8.967374999999999652e-01 8.958249999999999824e-01 8.941624999999999712e-01 8.947625000000000162e-01 8.947125000000000217e-01 8.938749999999999751e-01 8.935625000000000373e-01 8.924125000000000529e-01 8.930500000000000105e-01 8.937125000000000208e-01 8.943375000000000075e-01 8.945874999999999799e-01 8.943499999999999783e-01 8.952375000000000194e-01 8.949124999999999996e-01 8.971624999999999739e-01 8.981124999999999803e-01 8.986374999999999780e-01 9.011124999999999829e-01
9.039749999999999730e-01 9.022250000000000547e-01 9.012999999999999901e-01 8.991624999999999757e-01 8.994250000000000300e-01 8.990249999999999631e-01 8.985625000000000417e-01 8.973624999999999519e-01 8.964499999999999691e-01 8.967625000000000179e-01 8.975874999999999826e-01 8.979500000000000259e-01 8.981249999999999512e-01 8.980875000000000385e-01 8.989125000000000032e-01 8.984499999999999709e-01 9.008125000000000160e-01 9.022124999999999728e-01 9.024375000000000036e-01 9.056999999999999496e-01
9.098749999999999893e-01 9.081249999999999600e-01 9.072124999999999773e-01 9.043624999999999581e-01 9.047749999999999959e-01 9.042124999999999746e-01 9.038500000000000423e-01 9.022875000000000201e-01 9.010500000000000176e-01 9.014750000000000263e-01 9.022375000000000256e-01 9.023999999999999799e-01 9.028125000000000178e-01 9.026625000000000343e-01 9.039125000000000076e-01 9.026250000000000107e-01 9.056374999999999842e-01 9.066250000000000142e-01 9.068749999999999867e-01 9.107374999999999776e-01
9.157874999999999766e-01 9.143000000000000016e-01 9.135250000000000314e-01 9.102124999999999799e-01 9.106874999999999831e-01 9.099125000000000130e-01 9.092000000000000082e-01 9.078374999999999639e-01 9.067499999999999449e-01 9.068874999999999575e-01 9.070875000000000465e-01 9.081500000000000128e-01 9.081624999999999837e-01 9.077874999999999694e-01 9.089000000000000412e-01 9.076625000000000387e-01 9.105250000000000288e-01 9.115625000000000533e-01 9.118125000000000258e-01 9.154999999999999805e-01
9.215750000000000330e-01 9.204624999999999613e-01 9.197125000000000439e-01 9.165124999999999522e-01 9.172124999999999861e-01 9.160125000000000073e-01 9.156125000000000513e-01 9.140749999999999709e-01 9.129500000000000393e-01 9.129500000000000393e-01 9.132000000000000117e-01 9.144124999999999615e-01 9.140000000000000346e-01 9.132500000000000062e-01 9.144375000000000142e-01 9.127125000000000377e-01 9.157999999999999474e-01 9.170249999999999790e-01 9.169374999999999609e-01 9.213124999999999787e-01
9.276375000000000037e-01 9.266624999999999446e-01 9.256874999999999964e-01 9.226499999999999702e-01 9.232875000000000387e-01 9.225124999999999575e-01 9.214624999999999622e-01 9.203249999999999487e-01 9.191375000000000517e-01 9.192375000000000407e-01 9.190874999999999462e-01 9.201875000000000471e-01 9.203124999999999778e-01 9.189125000000000210e-01 9.201249999999999707e-01 9.183750000000000524e-01 9.213999999999999968e-01 9.230625000000000080e-01 9.224250000000000504e-01 9.269625000000000226e-01
9.335250000000000492e-01 9.325875000000000137e-01 9.314750000000000529e-01 9.291500000000000314e-01 9.295375000000000165e-01 9.288625000000000353e-01 9.268625000000000336e-01 9.266874999999999973e-01 9.254499999999999948e-01 9.256499999999999728e-01 9.254000000000000004e-01 9.262624999999999886e-01 9.265999999999999792e-01 9.252249999999999641e-01 9.262500000000000178e-01 9.245250000000000412e-01 9.278499999999999526e-01 9.292500000000000204e-01 9.287125000000000519e-01 9.326124999999999554e-01
9.393375000000000474e-01 9.387375000000000025e-01 9.373749999999999583e-01 9.353000000000000203e-01 9.354375000000000329e-01 9.350374999999999659e-01 9.328499999999999570e-01 9.328499999999999570e-01 9.310625000000000151e-01 9.315499999999999892e-01 9.310249999999999915e-01 9.321125000000000105e-01 9.324750000000000538e-01 9.313749999999999529e-01 9.321000000000000396e-01 9.306875000000000009e-01 9.337250000000000272e-01 9.349250000000000060e-01 9.346250000000000391e-01 9.383624999999999883e-01
9.447750000000000314e-01 9.442749999999999755e-01 9.425124999999999753e-01 9.412374999999999492e-01 9.409374999999999822e-01 9.406624999999999570e-01 9.386250000000000426e-01 9.386124999999999607e-01 9.371500000000000385e-01 9.377124999999999488e-01 9.369499999999999496e-01 9.379374999999999796e-01 9.384000000000000119e-01 9.370625000000000204e-01 9.379999999999999449e-01 9.367250000000000298e-01 9.393375000000000474e-01 9.405250000000000554e-01 9.399374999999999813e-01 9.437375000000000069e-01
9.496250000000000524e-01 9.494875000000000398e-01 9.476624999999999632e-01 9.469499999999999584e-01 9.463875000000000481e-01 9.460250000000000048e-01 9.445124999999999771e-01 9.442374999999999519e-01 9.428250000000000242e-01 9.434749999999999526e-01 9.422500000000000320e-01 9.438874999999999904e-01 9.439750000000000085e-01 9.425999999999999934e-01 9.433500000000000218e-01 9.422000000000000375e-01 9.445875000000000243e-01 9.455500000000000016e-01 9.453249999999999709e-01 9.492625000000000091e-01
9.539874999999999883e-01 9.544375000000000497e-01 9.527999999999999803e-01 9.519499999999999629e-01 9.514124999999999943e-01 9.511249999999999982e-01 9.500250000000000083e-01 9.494749999999999579e-01 9.481374999999999664e-01 9.488375000000000004e-01 9.477124999999999577e-01 9.487999999999999767e-01 9.495124999999999815e-01 9.480125000000000357e-01 9.482625000000000082e-01 9.476750000000000451e-01 9.500750000000000028e-01 9.506624999999999659e-01 9.506499999999999950e-01 9.542249999999999899e-01
9.585249999999999604e-01 9.587499999999999911e-01 9.573625000000000052e-01 9.569999999999999618e-01 9.560250000000000137e-01 9.558499999999999774e-01 9.551874999999999671e-01 9.541374999999999718e-01 9.530125000000000401e-01 9.536375000000000268e-01 9.530999999999999472e-01 9.540250000000000119e-01 9.546875000000000222e-01 9.534249999999999670e-01 9.531749999999999945e-01 9.530374999999999819e-01 9.550250000000000128e-01 9.554375000000000506e-01 9.558875000000000011e-01 9.585875000000000368e-01
9.626124999999999821e-01 9.631999999999999451e-01 9.612625000000000197e-01 9.612000000000000544e-01 9.602000000000000535e-01 9.603874999999999496e-01 9.597375000000000211e-01 9.588250000000000384e-01 9.581374999999999753e-01 9.582874999999999588e-01 9.578250000000000375e-01 9.584249999999999714e-01 9.592749999999999888e-01 9.582625000000000171e-01 9.580625000000000391e-01 9.579999999999999627e-01 9.594375000000000542e-01 9.598750000000000338e-01 9.604500000000000259e-01 9.630125000000000490e-01
9.667000000000000037e-01 9.673000000000000487e-01 9.653249999999999886e-01 9.657249999999999446e-01 9.642374999999999696e-01 9.646249999999999547e-01 9.637999999999999901e-01 9.631874999999999742e-01 9.622749999999999915e-01 9.625249999999999639e-01 9.621874999999999734e-01 9.630125000000000490e-01 9.638624999999999554e-01 9.623749999999999805e-01 9.624500000000000277e-01 9.619874999999999954e-01 9.634125000000000050e-01 9.640125000000000499e-01 9.648875000000000091e-01 9.672125000000000306e-01
9.701874999999999805e-01 9.708375000000000199e-01 9.692499999999999449e-01 9.691625000000000378e-01 9.682250000000000023e-01 9.681625000000000369e-01 9.675500000000000211e-01 9.670999999999999597e-01 9.665624999999999911e-01 9.663625000000000131e-01 9.661750000000000060e-01 9.672749999999999959e-01 9.676624999999999810e-01 9.666124999999999856e-01 9.665375000000000494e-01 9.662874999999999659e-01 9.674749999999999739e-01 9.678750000000000409e-01 9.684249999999999803e-01 9.709499999999999797e-01
9.734125000000000139e-01 9.737500000000000044e-01 9.726875000000000382e-01 9.726000000000000201e-01 9.720124999999999460e-01 9.716624999999999845e-01 9.711750000000000105e-01 9.708750000000000435e-01 9.704249999999999821e-01 9.705500000000000238e-01 9.700250000000000261e-01 9.708375000000000199e-01 9.713000000000000522e-01 9.704874999999999474e-01 9.701625000000000387e-01 9.701125000000000442e-01 9.707249999999999490e-01 9.713625000000000176e-01 9.719999999999999751e-01 9.740999999999999659e-01
9.762874999999999748e-01 9.769624999999999559e-01 9.758000000000000007e-01 9.758750000000000480e-01 9.751125000000000487e-01 9.752499999999999503e-01 9.741625000000000423e-01 9.738999999999999879e-01 9.735749999999999682e-01 9.739124999999999588e-01 9.735624999999999973e-01 9.741374999999999895e-01 9.745875000000000510e-01 9.739999999999999769e-01 9.734249999999999847e-01 9.734249999999999847e-01 9.741999999999999549e-01 9.746000000000000218e-01 9.752125000000000377e-01 9.769250000000000433e-01
9.793500000000000538e-01 9.796249999999999680e-01 9.787875000000000325e-01 9.787124999999999853e-01 9.781250000000000222e-01 9.782625000000000348e-01 9.770250000000000323e-01 9.770624999999999449e-01 9.763874999999999638e-01 9.770499999999999741e-01 9.769624999999999559e-01 9.770999999999999686e-01 9.774500000000000410e-01 9.768250000000000544e-01 9.768499999999999961e-01 9.765374999999999472e-01 9.774249999999999883e-01 9.774249999999999883e-01 9.781250000000000222e-01 9.798499999999999988e-01
9.817249999999999588e-01 9.818500000000000005e-01 9.812250000000000139e-01 9.814125000000000210e-01 9.808624999999999705e-01 9.810999999999999721e-01 9.795249999999999790e-01 9.796875000000000444e-01 9.791999999999999593e-01 9.798375000000000279e-01 9.798999999999999932e-01 9.800375000000000059e-01 9.801125000000000531e-01 9.795374999999999499e-01 9.794625000000000137e-01 9.791750000000000176e-01 9.800250000000000350e-01 9.802250000000000130e-01 9.811750000000000194e-01 9.823250000000000037e-01
9.839250000000000496e-01 9.840624999999999512e-01 9.833749999999999991e-01 9.837249999999999606e-01 9.830875000000000030e-01 9.833499999999999464e-01 9.819999999999999840e-01 9.820499999999999785e-01 9.814874999999999572e-01 9.819999999999999840e-01 9.821250000000000258e-01 9.824249999999999927e-01 9.825749999999999762e-01 9.817624999999999824e-01 9.819624999999999604e-01 9.818249999999999478e-01 9.824874999999999581e-01 9.824374999999999636e-01 9.835249999999999826e-01 9.845000000000000417e-01
9.859250000000000513e-01 9.860875000000000057e-01 9.855500000000000371e-01 9.856624999999999970e-01 9.851499999999999702e-01 9.853250000000000064e-01 9.839999999999999858e-01 9.841499999999999693e-01 9.838124999999999787e-01 9.840375000000000094e-01 9.843250000000000055e-01 9.844874999999999599e-01 9.845874999999999488e-01 9.840875000000000039e-01 9.840124999999999567e-01 9.838000000000000078e-01 9.844249999999999945e-01 9.846500000000000252e-01 9.856000000000000316e-01 9.863750000000000018e-01
9.876125000000000043e-01 9.876374999999999460e-01 9.873750000000000027e-01 9.875625000000000098e-01 9.870375000000000121e-01 9.871750000000000247e-01 9.860999999999999766e-01 9.862874999999999837e-01 9.857249999999999623e-01 9.861750000000000238e-01 9.862750000000000128e-01 9.864749999999999908e-01 9.864749999999999908e-01 9.861375000000000002e-01 9.861499999999999710e-01 9.858249999999999513e-01 9.863874999999999726e-01 9.867500000000000160e-01 9.875374999999999570e-01 9.883125000000000382e-01
9.892250000000000210e-01 9.891999999999999682e-01 9.889875000000000194e-01 9.892125000000000501e-01 9.886249999999999760e-01 9.887375000000000469e-01 9.879624999999999657e-01 9.879375000000000240e-01 9.875500000000000389e-01 9.878249999999999531e-01 9.881375000000000020e-01 9.883374999999999799e-01 9.881750000000000256e-01 9.880124999999999602e-01 9.877624999999999877e-01 9.875249999999999861e-01 9.880999999999999783e-01 9.882750000000000146e-01 9.890250000000000430e-01 9.896500000000000297e-01
9.907875000000000432e-01 9.906625000000000014e-01 9.902499999999999636e-01 9.905749999999999833e-01 9.899875000000000203e-01 9.902374999999999927e-01 9.895000000000000462e-01 9.895249999999999879e-01 9.891999999999999682e-01 9.891750000000000265e-01 9.898875000000000313e-01 9.896000000000000352e-01 9.898000000000000131e-01 9.895625000000000115e-01 9.892125000000000501e-01 9.890999999999999792e-01 9.896500000000000297e-01 9.898124999999999840e-01 9.903999999999999471e-01 9.911250000000000338e-01
9.918624999999999803e-01 9.918875000000000330e-01 9.916374999999999496e-01 9.919750000000000512e-01 9.914250000000000007e-01 9.914125000000000298e-01 9.910624999999999574e-01 9.908875000000000322e-01 9.906749999999999723e-01 9.906125000000000069e-01 9.911250000000000338e-01 9.911874999999999991e-01 9.910999999999999810e-01 9.909624999999999684e-01 9.906625000000000014e-01 9.906625000000000014e-01 9.909000000000000030e-01 9.910624999999999574e-01 9.918500000000000094e-01 9.923125000000000417e-01
9.928749999999999520e-01 9.930499999999999883e-01 9.925874999999999559e-01 9.931999999999999718e-01 9.926000000000000378e-01 9.925749999999999851e-01 9.922874999999999890e-01 9.919999999999999929e-01 9.918000000000000149e-01 9.917500000000000204e-01 9.923250000000000126e-01 9.924625000000000252e-01 9.921750000000000291e-01 9.920499999999999874e-01 9.919624999999999693e-01 9.919124999999999748e-01 9.921499999999999764e-01 9.922999999999999599e-01 9.927500000000000213e-01 9.932625000000000481e-01
9.939750000000000529e-01 9.940375000000000183e-01 9.934749999999999970e-01 9.942125000000000545e-01 9.937375000000000513e-01 9.934749999999999970e-01 9.934374999999999734e-01 9.931375000000000064e-01 9.929999999999999938e-01 9.928375000000000394e-01 9.933625000000000371e-01 9.936000000000000387e-01 9.932374999999999954e-01 9.930875000000000119e-01 9.929375000000000284e-01 9.930499999999999883e-01 9.932499999999999662e-01 9.932999999999999607e-01 9.937249999999999694e-01 9.943125000000000435e-01
9.948124999999999885e-01 9.950124999999999664e-01 9.944499999999999451e-01 9.948875000000000357e-01 9.947249999999999703e-01 9.944625000000000270e-01 9.943499999999999561e-01 9.938500000000000112e-01 9.940875000000000128e-01 9.937249999999999694e-01 9.941750000000000309e-01 9.944749999999999979e-01 9.940875000000000128e-01 9.939500000000000002e-01 9.938124999999999876e-01 9.940624999999999600e-01 9.940624999999999600e-01 9.942750000000000199e-01 9.947000000000000286e-01 9.951750000000000318e-01
9.956874999999999476e-01 9.957375000000000531e-01 9.953499999999999570e-01 9.956749999999999767e-01 9.954499999999999460e-01 9.952750000000000208e-01 9.949624999999999719e-01 9.947124999999999995e-01 9.948875000000000357e-01 9.946374999999999522e-01 9.950499999999999901e-01 9.952999999999999625e-01 9.949124999999999774e-01 9.949750000000000538e-01 9.946625000000000050e-01 9.948000000000000176e-01 9.946625000000000050e-01 9.949750000000000538e-01 9.953874999999999806e-01 9.957500000000000240e-01
9.963125000000000453e-01 9.964374999999999760e-01 9.960750000000000437e-01 9.962374999999999980e-01 9.961999999999999744e-01 9.958875000000000366e-01 9.957749999999999657e-01 9.957125000000000004e-01 9.956374999999999531e-01 9.952874999999999917e-01 9.957375000000000531e-01 9.959375000000000311e-01 9.955749999999999877e-01 9.956625000000000059e-01 9.954125000000000334e-01 9.953874999999999806e-01 9.954125000000000334e-01 9.957000000000000295e-01 9.960624999999999618e-01 9.963374999999999870e-01
9.968624999999999847e-01 9.969000000000000083e-01 9.967125000000000012e-01 9.966125000000000123e-01 9.968000000000000194e-01 9.965125000000000233e-01 9.963499999999999579e-01 9.964250000000000052e-01 9.961499999999999799e-01 9.959999999999999964e-01 9.961999999999999744e-01 9.965000000000000524e-01 9.961875000000000036e-01 9.962499999999999689e-01 9.962250000000000272e-01 9.960624999999999618e-01 9.959249999999999492e-01 9.962874999999999925e-01 9.965500000000000469e-01 9.968249999999999611e-01
9.973250000000000171e-01 9.973999999999999533e-01 9.972750000000000226e-01 9.971124999999999572e-01 9.971750000000000336e-01 9.971250000000000391e-01 9.969500000000000028e-01 9.969249999999999501e-01 9.967375000000000540e-01 9.965125000000000233e-01 9.966749999999999776e-01 9.971250000000000391e-01 9.966749999999999776e-01 9.968124999999999902e-01 9.966500000000000359e-01 9.967249999999999721e-01 9.965500000000000469e-01 9.969000000000000083e-01 9.969999999999999973e-01 9.972750000000000226e-01
9.976874999999999494e-01 9.978249999999999620e-01 9.978124999999999911e-01 9.976374999999999549e-01 9.976249999999999840e-01 9.974499999999999478e-01 9.973374999999999879e-01 9.974374999999999769e-01 9.973125000000000462e-01 9.971375000000000099e-01 9.970624999999999627e-01 9.975500000000000478e-01 9.971999999999999753e-01 9.973750000000000115e-01 9.971750000000000336e-01 9.973250000000000171e-01 9.970375000000000210e-01 9.972874999999999934e-01 9.974125000000000352e-01 9.977125000000000021e-01
9.981999999999999762e-01 9.981999999999999762e-01 9.981875000000000053e-01 9.980124999999999691e-01 9.979000000000000092e-01 9.978875000000000384e-01 9.977500000000000258e-01 9.978124999999999911e-01 9.976625000000000076e-01 9.975625000000000187e-01 9.975625000000000187e-01 9.979124999999999801e-01 9.976249999999999840e-01 9.977375000000000549e-01 9.975874999999999604e-01 9.978000000000000203e-01 9.974625000000000297e-01 9.976374999999999549e-01 9.977500000000000258e-01 9.980375000000000218e-01
9.985249999999999959e-01 9.985374999999999668e-01 9.984499999999999487e-01 9.983625000000000416e-01 9.983250000000000179e-01 9.982625000000000526e-01 9.981250000000000400e-01 9.981999999999999762e-01 9.979749999999999455e-01 9.979375000000000329e-01 9.981750000000000345e-01 9.981750000000000345e-01 9.979249999999999510e-01 9.980499999999999927e-01 9.980499999999999927e-01 9.981750000000000345e-01 9.978500000000000147e-01 9.980875000000000163e-01 9.981250000000000400e-01 9.983874999999999833e-01
9.988500000000000156e-01 9.988624999999999865e-01 9.986625000000000085e-01 9.987875000000000503e-01 9.985749999999999904e-01 9.985125000000000250e-01 9.984250000000000069e-01 9.985125000000000250e-01 9.982999999999999652e-01 9.982250000000000290e-01 9.983999999999999542e-01 9.985625000000000195e-01 9.983999999999999542e-01 9.983499999999999597e-01 9.982750000000000234e-01 9.984625000000000306e-01 9.982499999999999707e-01 9.985000000000000542e-01 9.984750000000000014e-01 9.985625000000000195e-01
9.990750000000000464e-01 9.991124999999999590e-01 9.989124999999999810e-01 9.989875000000000282e-01 9.987749999999999684e-01 9.987875000000000503e-01 9.986374999999999558e-01 9.987125000000000030e-01 9.986000000000000432e-01 9.985500000000000487e-01 9.986625000000000085e-01 9.986874999999999503e-01 9.987249999999999739e-01 9.986374999999999558e-01 9.984750000000000014e-01 9.987125000000000030e-01 9.985500000000000487e-01 9.987749999999999684e-01 9.986249999999999849e-01 9.987624999999999975e-01
9.992499999999999716e-01 9.993250000000000188e-01 9.990375000000000227e-01 9.991250000000000409e-01 9.989624999999999755e-01 9.991124999999999590e-01 9.988375000000000448e-01 9.989749999999999464e-01 9.987749999999999684e-01 9.987624999999999975e-01 9.988749999999999574e-01 9.988875000000000393e-01 9.989249999999999519e-01 9.989624999999999755e-01 9.987000000000000322e-01 9.988875000000000393e-01 9.988249999999999629e-01 9.989749999999999464e-01 9.988624999999999865e-01 9.989749999999999464e-01
9.993999999999999551e-01 9.994374999999999787e-01 9.992375000000000007e-01 9.992874999999999952e-01 9.991624999999999535e-01 9.993125000000000480e-01 9.990999999999999881e-01 9.991499999999999826e-01 9.990875000000000172e-01 9.989624999999999755e-01 9.991499999999999826e-01 9.990750000000000464e-01 9.990999999999999881e-01 9.990999999999999881e-01 9.990375000000000227e-01 9.990999999999999881e-01 9.991250000000000409e-01 9.991624999999999535e-01 9.990875000000000172e-01 9.991875000000000062e-01
9.995374999999999677e-01 9.995374999999999677e-01 9.993499999999999606e-01 9.994125000000000369e-01 9.993125000000000480e-01 9.993625000000000425e-01 9.993125000000000480e-01 9.992499999999999716e-01 9.993250000000000188e-01 9.991875000000000062e-01 9.993499999999999606e-01 9.991999999999999771e-01 9.992625000000000535e-01 9.992750000000000243e-01 9.992999999999999661e-01 9.992375000000000007e-01 9.992625000000000535e-01 9.992499999999999716e-01 9.992250000000000298e-01 9.993250000000000188e-01
9.996000000000000441e-01 9.997125000000000039e-01 9.995249999999999968e-01 9.996125000000000149e-01 9.994750000000000023e-01 9.995249999999999968e-01 9.994374999999999787e-01 9.994750000000000023e-01 9.994250000000000078e-01 9.993874999999999842e-01 9.994125000000000369e-01 9.993499999999999606e-01 9.994250000000000078e-01 9.994374999999999787e-01 9.994125000000000369e-01 9.993750000000000133e-01 9.993374999999999897e-01 9.993874999999999842e-01 9.993250000000000188e-01 9.994499999999999496e-01
9.996625000000000094e-01 9.998124999999999929e-01 9.996500000000000385e-01 9.997125000000000039e-01 9.996000000000000441e-01 9.995874999999999622e-01 9.994874999999999732e-01 9.995000000000000551e-01 9.995874999999999622e-01 9.994750000000000023e-01 9.994874999999999732e-01 9.995000000000000551e-01 9.995374999999999677e-01 9.996000000000000441e-01 9.995000000000000551e-01 9.994499999999999496e-01 9.995000000000000551e-01 9.995249999999999968e-01 9.993999999999999551e-01 9.995625000000000204e-01
9.996749999999999803e-01 9.998375000000000457e-01 9.997249999999999748e-01 9.997500000000000275e-01 9.996125000000000149e-01 9.996500000000000385e-01 9.995500000000000496e-01 9.996125000000000149e-01 9.996000000000000441e-01 9.996249999999999858e-01 9.995374999999999677e-01 9.995625000000000204e-01 9.995625000000000204e-01 9.996749999999999803e-01 9.995374999999999677e-01 9.995500000000000496e-01 9.995749999999999913e-01 9.995749999999999913e-01 9.994750000000000023e-01 9.996625000000000094e-01
9.997624999999999984e-01 9.998749999999999583e-01 9.998124999999999929e-01 9.998000000000000220e-01 9.997125000000000039e-01 9.997624999999999984e-01 9.997000000000000330e-01 9.997125000000000039e-01 9.996874999999999512e-01 9.997374999999999456e-01 9.996500000000000385e-01 9.997000000000000330e-01 9.996625000000000094e-01 9.997500000000000275e-01 9.996625000000000094e-01 9.997000000000000330e-01 9.996374999999999567e-01 9.996749999999999803e-01 9.995625000000000204e-01 9.996874999999999512e-01
9.997875000000000512e-01 9.998749999999999583e-01 9.998500000000000165e-01 9.998249999999999638e-01 9.997374999999999456e-01 9.997749999999999693e-01 9.997249999999999748e-01 9.997500000000000275e-01 9.997000000000000330e-01 9.997875000000000512e-01 9.997000000000000330e-01 9.997374999999999456e-01 9.996874999999999512e-01 9.998000000000000220e-01 9.997249999999999748e-01 9.997249999999999748e-01 9.997125000000000039e-01 9.997000000000000330e-01 9.996125000000000149e-01 9.997125000000000039e-01
9.999124999999999819e-01 9.999375000000000346e-01 9.999249999999999527e-01 9.998875000000000401e-01 9.998375000000000457e-01 9.998624999999999874e-01 9.998000000000000220e-01 9.998624999999999874e-01 9.998124999999999929e-01 9.998749999999999583e-01 9.998000000000000220e-01 9.998249999999999638e-01 9.997875000000000512e-01 9.998500000000000165e-01 9.998500000000000165e-01 9.998124999999999929e-01 9.998249999999999638e-01 9.998000000000000220e-01 9.997500000000000275e-01 9.997875000000000512e-01
9.999124999999999819e-01 9.999500000000000055e-01 9.999375000000000346e-01 9.998875000000000401e-01 9.998749999999999583e-01 9.998875000000000401e-01 9.998124999999999929e-01 9.999000000000000110e-01 9.998624999999999874e-01 9.999249999999999527e-01 9.998875000000000401e-01 9.998749999999999583e-01 9.998249999999999638e-01 9.998749999999999583e-01 9.999124999999999819e-01 9.998624999999999874e-01 9.998624999999999874e-01 9.998500000000000165e-01 9.997875000000000512e-01 9.998624999999999874e-01
9.999124999999999819e-01 9.999500000000000055e-01 9.999375000000000346e-01 9.998875000000000401e-01 9.998749999999999583e-01 9.998875000000000401e-01 9.998124999999999929e-01 9.999000000000000110e-01 9.998749999999999583e-01 9.999249999999999527e-01 9.998875000000000401e-01 9.998749999999999583e-01 9.998375000000000457e-01 9.998875000000000401e-01 9.999124999999999819e-01 9.998624999999999874e-01 9.998624999999999874e-01 9.998624999999999874e-01 9.998000000000000220e-01 9.998875000000000401e-01
9.999124999999999819e-01 9.999500000000000055e-01 9.999375000000000346e-01 9.998875000000000401e-01 9.998749999999999583e-01 9.998875000000000401e-01 9.998124999999999929e-01 9.999000000000000110e-01 9.998749999999999583e-01 9.999249999999999527e-01 9.999000000000000110e-01 9.998875000000000401e-01 9.998375000000000457e-01 9.998875000000000401e-01 9.999249999999999527e-01 9.998624999999999874e-01 9.998749999999999583e-01 9.998624999999999874e-01 9.998124999999999929e-01 9.998875000000000401e-01
1.000000000000000000e+00 1.000000000000000000e+00 1.000000000000000000e+00 1.000000000000000000e+00 1.000000000000000000e+00 1.000000000000000000e+00 9.999875000000000291e-01 1.000000000000000000e+00 1.000000000000000000e+00 9.999875000000000291e-01 9.999875000000000291e-01 1.000000000000000000e+00 9.999749999999999472e-01 9.999875000000000291e-01 9.999749999999999472e-01 9.999875000000000291e-01 9.999875000000000291e-01 9.999875000000000291e-01 1.000000000000000000e+00 1.000000000000000000e+00
1.000000000000000000e+00 1.000000000000000000e+00 1.000000000000000000e+00 1.000000000000000000e+00 1.000000000000000000e+00 1.000000000000000000e+00 1.000000000000000000e+00 1.000000000000000000e+00 1.000000000000000000e+00 1.000000000000000000e+00 1.000000000000000000e+00 1.000000000000000000e+00 1.000000000000000000e+00 1.000000000000000000e+00 1.000000000000000000e+00 1.000000000000000000e+00 1.000000000000000000e+00 1.000000000000000000e+00 1.000000000000000000e+00 1.000000000000000000e+00
