4.427188724235731477e-04 4.997578385556493766e-04 5.641455848280560459e-04 6.368289125805289214e-04 7.188766070412570168e-04 8.114951534738955611e-04 9.160464781598157830e-04 1.034067975091110128e-03 1.167295112860504847e-03 1.317686954175293886e-03 1.487454963251657507e-03 1.679095524692928235e-03 1.895426652031561741e-03 2.139629425722276539e-03 2.415294769918857522e-03 2.726476255872258524e-03 3.077749708407205142e-03 3.474280491971555238e-03 3.921899465678414624e-03 4.427188724235731586e-03
9.085999999999999632e-01 9.098249999999999948e-01 9.107250000000000068e-01 9.114124999999999588e-01 9.126499999999999613e-01 9.147374999999999812e-01 9.157874999999999766e-01 9.180749999999999744e-01 9.191500000000000226e-01 9.208625000000000282e-01 9.224250000000000504e-01 9.246999999999999664e-01 9.256750000000000256e-01 9.278874999999999762e-01 9.287499999999999645e-01 9.305124999999999647e-01 9.319749999999999979e-01 9.336875000000000036e-01 9.351125000000000131e-01 9.366250000000000409e-01
9.101249999999999618e-01 9.112749999999999462e-01 9.123375000000000234e-01 9.128874999999999629e-01 9.143000000000000016e-01 9.162624999999999797e-01 9.173624999999999696e-01 9.195875000000000021e-01 9.206750000000000211e-01 9.222624999999999851e-01 9.237499999999999600e-01 9.260249999999999870e-01 9.271125000000000060e-01 9.290625000000000133e-01 9.301500000000000323e-01 9.316999999999999726e-01 9.331249999999999822e-01 9.346375000000000099e-01 9.363500000000000156e-01 9.377750000000000252e-01
9.110875000000000501e-01 9.122000000000000108e-01 9.132124999999999826e-01 9.137250000000000094e-01 9.152375000000000371e-01 9.171375000000000499e-01 9.181749999999999634e-01 9.204499999999999904e-01 9.217374999999999874e-01 9.228874999999999718e-01 9.245124999999999593e-01 9.266874999999999973e-01 9.279749999999999943e-01 9.296499999999999764e-01 9.308999999999999497e-01 9.325124999999999664e-01 9.337999999999999634e-01 9.353624999999999856e-01 9.371125000000000149e-01 9.385250000000000536e-01
9.120875000000000510e-01 9.131249999999999645e-01 9.140125000000000055e-01 9.147125000000000394e-01 9.161000000000000254e-01 9.177750000000000075e-01 9.189749999999999863e-01 9.212249999999999606e-01 9.224250000000000504e-01 9.233999999999999986e-01 9.251125000000000043e-01 9.274624999999999675e-01 9.285750000000000393e-01 9.302000000000000268e-01 9.315124999999999655e-01 9.330625000000000169e-01 9.344500000000000028e-01 9.361000000000000432e-01 9.377625000000000544e-01 9.392000000000000348e-01
9.127374999999999794e-01 9.138500000000000512e-01 9.148374999999999702e-01 9.154499999999999860e-01 9.167250000000000121e-01 9.185124999999999540e-01 9.195875000000000021e-01 9.218625000000000291e-01 9.229000000000000536e-01 9.241749999999999687e-01 9.257625000000000437e-01 9.281125000000000069e-01 9.291000000000000369e-01 9.307750000000000190e-01 9.321000000000000396e-01 9.336124999999999563e-01 9.349374999999999769e-01 9.367375000000000007e-01 9.383624999999999883e-01 9.397750000000000270e-01
9.136625000000000441e-01 9.145750000000000268e-01 9.156999999999999584e-01 9.162624999999999797e-01 9.174124999999999641e-01 9.192249999999999588e-01 9.202749999999999542e-01 9.224875000000000158e-01 9.234999999999999876e-01 9.247374999999999901e-01 9.264250000000000540e-01 9.286750000000000282e-01 9.297874999999999890e-01 9.314875000000000238e-01 9.326999999999999735e-01 9.341125000000000123e-01 9.355875000000000163e-01 9.373500000000000165e-01 9.388625000000000442e-01 9.403000000000000247e-01
9.144250000000000433e-01 9.154999999999999805e-01 9.164750000000000396e-01 9.170000000000000373e-01 9.181624999999999925e-01 9.197999999999999510e-01 9.209374999999999645e-01 9.230625000000000080e-01 9.241749999999999687e-01 9.253624999999999767e-01 9.269874999999999643e-01 9.292749999999999622e-01 9.304124999999999757e-01 9.319625000000000270e-01 9.332125000000000004e-01 9.347250000000000281e-01 9.362000000000000322e-01 9.379750000000000032e-01 9.394749999999999490e-01 9.409125000000000405e-01
9.152624999999999789e-01 9.163249999999999451e-01 9.173875000000000224e-01 9.178500000000000547e-01 9.189249999999999918e-01 9.205250000000000377e-01 9.216124999999999456e-01 9.237625000000000419e-01 9.249000000000000554e-01 9.260625000000000107e-01 9.276124999999999510e-01 9.298750000000000071e-01 9.310374999999999623e-01 9.325375000000000192e-01 9.338374999999999870e-01 9.354500000000000037e-01 9.369874999999999732e-01 9.385375000000000245e-01 9.400625000000000231e-01 9.416124999999999634e-01
9.162624999999999797e-01 9.171875000000000444e-01 9.182249999999999579e-01 9.185375000000000068e-01 9.196374999999999966e-01 9.213249999999999496e-01 9.222749999999999559e-01 9.244875000000000176e-01 9.257125000000000492e-01 9.265875000000000083e-01 9.283000000000000140e-01 9.305624999999999591e-01 9.315624999999999600e-01 9.331625000000000059e-01 9.345250000000000501e-01 9.361000000000000432e-01 9.375624999999999654e-01 9.391874999999999529e-01 9.408125000000000515e-01 9.421874999999999556e-01
9.171124999999999972e-01 9.181500000000000217e-01 9.190625000000000044e-01 9.194624999999999604e-01 9.203875000000000250e-01 9.219874999999999599e-01 9.230249999999999844e-01 9.252375000000000460e-01 9.264499999999999957e-01 9.272749999999999604e-01 9.289500000000000535e-01 9.312624999999999931e-01 9.321500000000000341e-01 9.338999999999999524e-01 9.352249999999999730e-01 9.368250000000000188e-01 9.381500000000000394e-01 9.397124999999999506e-01 9.415124999999999744e-01 9.428250000000000242e-01
9.179625000000000146e-01 9.190625000000000044e-01 9.199000000000000510e-01 9.203249999999999487e-01 9.212500000000000133e-01 9.227625000000000410e-01 9.237999999999999545e-01 9.260125000000000162e-01 9.271249999999999769e-01 9.280249999999999888e-01 9.296999999999999709e-01 9.318625000000000380e-01 9.329125000000000334e-01 9.345375000000000210e-01 9.359625000000000306e-01 9.373749999999999583e-01 9.387999999999999678e-01 9.405499999999999972e-01 9.420625000000000249e-01 9.434249999999999581e-01
9.191249999999999698e-01 9.200125000000000108e-01 9.208374999999999755e-01 9.210374999999999535e-01 9.221125000000000016e-01 9.235750000000000348e-01 9.246625000000000538e-01 9.268125000000000391e-01 9.278750000000000053e-01 9.286375000000000046e-01 9.305250000000000465e-01 9.324999999999999956e-01 9.336499999999999799e-01 9.352500000000000258e-01 9.367625000000000535e-01 9.380374999999999686e-01 9.394749999999999490e-01 9.411874999999999547e-01 9.427750000000000297e-01 9.441374999999999629e-01
9.202375000000000416e-01 9.209874999999999590e-01 9.217625000000000401e-01 9.219374999999999654e-01 9.229749999999999899e-01 9.244375000000000231e-01 9.255999999999999783e-01 9.275624999999999565e-01 9.286250000000000338e-01 9.293624999999999803e-01 9.311749999999999750e-01 9.333000000000000185e-01 9.343875000000000375e-01 9.359125000000000361e-01 9.373624999999999874e-01 9.387250000000000316e-01 9.403749999999999609e-01 9.417750000000000288e-01 9.433624999999999927e-01 9.448874999999999913e-01
9.211000000000000298e-01 9.219500000000000473e-01 9.225875000000000048e-01 9.228499999999999481e-01 9.237999999999999545e-01 9.253500000000000059e-01 9.265250000000000430e-01 9.284499999999999975e-01 9.293500000000000094e-01 9.303000000000000158e-01 9.319250000000000034e-01 9.341249999999999831e-01 9.352500000000000258e-01 9.367499999999999716e-01 9.380874999999999631e-01 9.394749999999999490e-01 9.409374999999999822e-01 9.425499999999999989e-01 9.440625000000000266e-01 9.455000000000000071e-01
9.222249999999999615e-01 9.228625000000000300e-01 9.235875000000000057e-01 9.237374999999999892e-01 9.246874999999999956e-01 9.263624999999999776e-01 9.272500000000000187e-01 9.291875000000000551e-01 9.301249999999999796e-01 9.311249999999999805e-01 9.327999999999999625e-01 9.349125000000000352e-01 9.360249999999999959e-01 9.373875000000000401e-01 9.389874999999999750e-01 9.403875000000000428e-01 9.416750000000000398e-01 9.432374999999999510e-01 9.447499999999999787e-01 9.464375000000000426e-01
9.234250000000000513e-01 9.238250000000000073e-01 9.244999999999999885e-01 9.247374999999999901e-01 9.256999999999999673e-01 9.274124999999999730e-01 9.282749999999999613e-01 9.298999999999999488e-01 9.312249999999999694e-01 9.318750000000000089e-01 9.336750000000000327e-01 9.358625000000000416e-01 9.368499999999999606e-01 9.381374999999999575e-01 9.397375000000000034e-01 9.409874999999999767e-01 9.425624999999999698e-01 9.439750000000000085e-01 9.455375000000000307e-01 9.469999999999999529e-01
9.245124999999999593e-01 9.248250000000000082e-01 9.256375000000000020e-01 9.257874999999999854e-01 9.268874999999999753e-01 9.282124999999999959e-01 9.291249999999999787e-01 9.307874999999999899e-01 9.320749999999999869e-01 9.327625000000000499e-01 9.344500000000000028e-01 9.365375000000000227e-01 9.376875000000000071e-01 9.390249999999999986e-01 9.406750000000000389e-01 9.417499999999999760e-01 9.433375000000000510e-01 9.447375000000000078e-01 9.462874999999999481e-01 9.478625000000000522e-01
9.256874999999999964e-01 9.259625000000000217e-01 9.265750000000000375e-01 9.267874999999999863e-01 9.279749999999999943e-01 9.291625000000000023e-01 9.299374999999999725e-01 9.317250000000000254e-01 9.328750000000000098e-01 9.336999999999999744e-01 9.352875000000000494e-01 9.375250000000000528e-01 9.384500000000000064e-01 9.397750000000000270e-01 9.415375000000000272e-01 9.426499999999999879e-01 9.440874999999999684e-01 9.455750000000000544e-01 9.471249999999999947e-01 9.487875000000000059e-01
9.267250000000000210e-01 9.270874999999999533e-01 9.276999999999999691e-01 9.279249999999999998e-01 9.290749999999999842e-01 9.300874999999999559e-01 9.308625000000000371e-01 9.327625000000000499e-01 9.337250000000000272e-01 9.346124999999999572e-01 9.363500000000000156e-01 9.385375000000000245e-01 9.392625000000000002e-01 9.406750000000000389e-01 9.424375000000000391e-01 9.435750000000000526e-01 9.450374999999999748e-01 9.463000000000000300e-01 9.478625000000000522e-01 9.494749999999999579e-01
9.278874999999999762e-01 9.282875000000000432e-01 9.288374999999999826e-01 9.290374999999999606e-01 9.300749999999999851e-01 9.310374999999999623e-01 9.318750000000000089e-01 9.337625000000000508e-01 9.347499999999999698e-01 9.355750000000000455e-01 9.372125000000000039e-01 9.392875000000000529e-01 9.402875000000000538e-01 9.416624999999999579e-01 9.432749999999999746e-01 9.443375000000000519e-01 9.457999999999999741e-01 9.472625000000000073e-01 9.487624999999999531e-01 9.503000000000000336e-01
9.290749999999999842e-01 9.293375000000000385e-01 9.299625000000000252e-01 9.304249999999999465e-01 9.311625000000000041e-01 9.319749999999999979e-01 9.330249999999999932e-01 9.346999999999999753e-01 9.357750000000000234e-01 9.367250000000000298e-01 9.381374999999999575e-01 9.401874999999999538e-01 9.411500000000000421e-01 9.425499999999999989e-01 9.444249999999999590e-01 9.452874999999999472e-01 9.467999999999999750e-01 9.480125000000000357e-01 9.496124999999999705e-01 9.510499999999999510e-01
9.302624999999999922e-01 9.306624999999999481e-01 9.313249999999999584e-01 9.315250000000000474e-01 9.322375000000000522e-01 9.330249999999999932e-01 9.341374999999999540e-01 9.356375000000000108e-01 9.367250000000000298e-01 9.377124999999999488e-01 9.391625000000000112e-01 9.413500000000000201e-01 9.422625000000000028e-01 9.434124999999999872e-01 9.451500000000000457e-01 9.460749999999999993e-01 9.474624999999999853e-01 9.489874999999999838e-01 9.503875000000000517e-01 9.517375000000000140e-01
9.314124999999999766e-01 9.318750000000000089e-01 9.326250000000000373e-01 9.326624999999999499e-01 9.332875000000000476e-01 9.341000000000000414e-01 9.352624999999999966e-01 9.365750000000000464e-01 9.376875000000000071e-01 9.388125000000000497e-01 9.400625000000000231e-01 9.422874999999999446e-01 9.434000000000000163e-01 9.444375000000000409e-01 9.459125000000000449e-01 9.470374999999999766e-01 9.485500000000000043e-01 9.498375000000000012e-01 9.511874999999999636e-01 9.525249999999999551e-01
9.326999999999999735e-01 9.331500000000000350e-01 9.340749999999999886e-01 9.338874999999999815e-01 9.344375000000000320e-01 9.354999999999999982e-01 9.363375000000000448e-01 9.376750000000000362e-01 9.389999999999999458e-01 9.398874999999999869e-01 9.411000000000000476e-01 9.433500000000000218e-01 9.443375000000000519e-01 9.456250000000000488e-01 9.469625000000000403e-01 9.479125000000000467e-01 9.493374999999999453e-01 9.507375000000000131e-01 9.520374999999999810e-01 9.533000000000000362e-01
9.341374999999999540e-01 9.347874999999999934e-01 9.352749999999999675e-01 9.351625000000000076e-01 9.355999999999999872e-01 9.366999999999999771e-01 9.375124999999999709e-01 9.389125000000000387e-01 9.400625000000000231e-01 9.409625000000000350e-01 9.424249999999999572e-01 9.445124999999999771e-01 9.453875000000000473e-01 9.464124999999999899e-01 9.478499999999999703e-01 9.486750000000000460e-01 9.503500000000000281e-01 9.516750000000000487e-01 9.528624999999999456e-01 9.542249999999999899e-01
9.354875000000000274e-01 9.361000000000000432e-01 9.364999999999999991e-01 9.362374999999999448e-01 9.368999999999999551e-01 9.378750000000000142e-01 9.386875000000000080e-01 9.399750000000000050e-01 9.412125000000000075e-01 9.419750000000000068e-01 9.435499999999999998e-01 9.456250000000000488e-01 9.464875000000000371e-01 9.472374999999999545e-01 9.487624999999999531e-01 9.497999999999999776e-01 9.513125000000000053e-01 9.525249999999999551e-01 9.537375000000000158e-01 9.551125000000000309e-01
9.369250000000000078e-01 9.376999999999999780e-01 9.379250000000000087e-01 9.376875000000000071e-01 9.383124999999999938e-01 9.390374999999999694e-01 9.399874999999999758e-01 9.414375000000000382e-01 9.424249999999999572e-01 9.430625000000000258e-01 9.446624999999999606e-01 9.465999999999999970e-01 9.477624999999999522e-01 9.483875000000000499e-01 9.497875000000000068e-01 9.507375000000000131e-01 9.521749999999999936e-01 9.535124999999999851e-01 9.546375000000000277e-01 9.560250000000000137e-01
9.386250000000000426e-01 9.389999999999999458e-01 9.392749999999999710e-01 9.389750000000000041e-01 9.397999999999999687e-01 9.401625000000000121e-01 9.413624999999999909e-01 9.426750000000000407e-01 9.436624999999999597e-01 9.445500000000000007e-01 9.459125000000000449e-01 9.478499999999999703e-01 9.487375000000000114e-01 9.493374999999999453e-01 9.507750000000000368e-01 9.517750000000000377e-01 9.534124999999999961e-01 9.544500000000000206e-01 9.556875000000000231e-01 9.570374999999999854e-01
9.402249999999999774e-01 9.403249999999999664e-01 9.406124999999999625e-01 9.403000000000000247e-01 9.411000000000000476e-01 9.414375000000000382e-01 9.424749999999999517e-01 9.438999999999999613e-01 9.447499999999999787e-01 9.457875000000000032e-01 9.471874999999999600e-01 9.490250000000000075e-01 9.495999999999999996e-01 9.503875000000000517e-01 9.519374999999999920e-01 9.527750000000000385e-01 9.543000000000000371e-01 9.555500000000000105e-01 9.566624999999999712e-01 9.580250000000000155e-01
9.419374999999999831e-01 9.418750000000000178e-01 9.421249999999999902e-01 9.418625000000000469e-01 9.424249999999999572e-01 9.430125000000000313e-01 9.440625000000000266e-01 9.451000000000000512e-01 9.458999999999999631e-01 9.470374999999999766e-01 9.482874999999999499e-01 9.503875000000000517e-01 9.508124999999999494e-01 9.515249999999999542e-01 9.529874999999999874e-01 9.538375000000000048e-01 9.552874999999999561e-01 9.564875000000000460e-01 9.576750000000000540e-01 9.589250000000000274e-01
9.434000000000000163e-01 9.434500000000000108e-01 9.435999999999999943e-01 9.435624999999999707e-01 9.437624999999999487e-01 9.444000000000000172e-01 9.454875000000000362e-01 9.466250000000000497e-01 9.474749999999999561e-01 9.485249999999999515e-01 9.495000000000000107e-01 9.515124999999999833e-01 9.520125000000000393e-01 9.525624999999999787e-01 9.541250000000000009e-01 9.549750000000000183e-01 9.563625000000000043e-01 9.577250000000000485e-01 9.587750000000000439e-01 9.598375000000000101e-01
9.447124999999999551e-01 9.449250000000000149e-01 9.449999999999999512e-01 9.451125000000000220e-01 9.451500000000000457e-01 9.458999999999999631e-01 9.468250000000000277e-01 9.477375000000000105e-01 9.486375000000000224e-01 9.500750000000000028e-01 9.508999999999999675e-01 9.525375000000000369e-01 9.531374999999999709e-01 9.538250000000000339e-01 9.553125000000000089e-01 9.560750000000000082e-01 9.575249999999999595e-01 9.587250000000000494e-01 9.597999999999999865e-01 9.607499999999999929e-01
9.463375000000000536e-01 9.465000000000000080e-01 9.465249999999999497e-01 9.466375000000000206e-01 9.468374999999999986e-01 9.474249999999999616e-01 9.482500000000000373e-01 9.490499999999999492e-01 9.499750000000000139e-01 9.515875000000000306e-01 9.524249999999999661e-01 9.537499999999999867e-01 9.543249999999999789e-01 9.548999999999999710e-01 9.565124999999999877e-01 9.571625000000000272e-01 9.585249999999999604e-01 9.598375000000000101e-01 9.608124999999999583e-01 9.617375000000000229e-01
9.480374999999999774e-01 9.482374999999999554e-01 9.483624999999999972e-01 9.481500000000000483e-01 9.483500000000000263e-01 9.492000000000000437e-01 9.497750000000000359e-01 9.504875000000000407e-01 9.516124999999999723e-01 9.527875000000000094e-01 9.538124999999999520e-01 9.551749999999999963e-01 9.552749999999999853e-01 9.562249999999999917e-01 9.576500000000000012e-01 9.582749999999999879e-01 9.598124999999999574e-01 9.610250000000000181e-01 9.617375000000000229e-01 9.626375000000000348e-01
9.497750000000000359e-01 9.496875000000000178e-01 9.501249999999999973e-01 9.495500000000000052e-01 9.498750000000000249e-01 9.507875000000000076e-01 9.512625000000000108e-01 9.521374999999999700e-01 9.533625000000000016e-01 9.541625000000000245e-01 9.552000000000000490e-01 9.564375000000000515e-01 9.566999999999999948e-01 9.575375000000000414e-01 9.588750000000000329e-01 9.596249999999999503e-01 9.610625000000000417e-01 9.622125000000000261e-01 9.627499999999999947e-01 9.637375000000000247e-01
9.512249999999999872e-01 9.513249999999999762e-01 9.517624999999999558e-01 9.513500000000000290e-01 9.513749999999999707e-01 9.523374999999999480e-01 9.526999999999999913e-01 9.535000000000000142e-01 9.549250000000000238e-01 9.558250000000000357e-01 9.564249999999999696e-01 9.577999999999999847e-01 9.578999999999999737e-01 9.589750000000000218e-01 9.600625000000000409e-01 9.609124999999999472e-01 9.622249999999999970e-01 9.633125000000000160e-01 9.637750000000000483e-01 9.647750000000000492e-01
9.529625000000000457e-01 9.530874999999999764e-01 9.534624999999999906e-01 9.530499999999999527e-01 9.530874999999999764e-01 9.540125000000000410e-01 9.541125000000000300e-01 9.550374999999999837e-01 9.563874999999999460e-01 9.573500000000000343e-01 9.579250000000000265e-01 9.590374999999999872e-01 9.593749999999999778e-01 9.601499999999999480e-01 9.612125000000000252e-01 9.621125000000000371e-01 9.634624999999999995e-01 9.643249999999999877e-01 9.647999999999999909e-01 9.661499999999999533e-01
9.546999999999999931e-01 9.548875000000000002e-01 9.550750000000000073e-01 9.548875000000000002e-01 9.550499999999999545e-01 9.557750000000000412e-01 9.557624999999999593e-01 9.566500000000000004e-01 9.579124999999999446e-01 9.587499999999999911e-01 9.594125000000000014e-01 9.602874999999999606e-01 9.608124999999999583e-01 9.614500000000000268e-01 9.625500000000000167e-01 9.635000000000000231e-01 9.646749999999999492e-01 9.655000000000000249e-01 9.659250000000000336e-01 9.673125000000000195e-01
9.564875000000000460e-01 9.567250000000000476e-01 9.567999999999999838e-01 9.564500000000000224e-01 9.567124999999999657e-01 9.573500000000000343e-01 9.575124999999999886e-01 9.585124999999999895e-01 9.594500000000000250e-01 9.604249999999999732e-01 9.608499999999999819e-01 9.617875000000000174e-01 9.621750000000000025e-01 9.627124999999999710e-01 9.639999999999999680e-01 9.647999999999999909e-01 9.659250000000000336e-01 9.666375000000000384e-01 9.668875000000000108e-01 9.683749999999999858e-01
9.582249999999999934e-01 9.585000000000000187e-01 9.586500000000000021e-01 9.581125000000000336e-01 9.584000000000000297e-01 9.589750000000000218e-01 9.591374999999999762e-01 9.600625000000000409e-01 9.612000000000000544e-01 9.618624999999999536e-01 9.624500000000000277e-01 9.631499999999999506e-01 9.637375000000000247e-01 9.640874999999999861e-01 9.654875000000000540e-01 9.661250000000000115e-01 9.670874999999999888e-01 9.677499999999999991e-01 9.682250000000000023e-01 9.695375000000000520e-01
9.601625000000000298e-01 9.603374999999999551e-01 9.604125000000000023e-01 9.598999999999999755e-01 9.599499999999999700e-01 9.605000000000000204e-01 9.609999999999999654e-01 9.616999999999999993e-01 9.628250000000000419e-01 9.634500000000000286e-01 9.640250000000000208e-01 9.646624999999999783e-01 9.650625000000000453e-01 9.653749999999999831e-01 9.666875000000000329e-01 9.676375000000000393e-01 9.683249999999999913e-01 9.688375000000000181e-01 9.695875000000000465e-01 9.707000000000000073e-01
9.619499999999999718e-01 9.622249999999999970e-01 9.620499999999999607e-01 9.617375000000000229e-01 9.619250000000000300e-01 9.623625000000000096e-01 9.625249999999999639e-01 9.632749999999999924e-01 9.643874999999999531e-01 9.650999999999999579e-01 9.655000000000000249e-01 9.660999999999999588e-01 9.664125000000000076e-01 9.668124999999999636e-01 9.682250000000000023e-01 9.688875000000000126e-01 9.695875000000000465e-01 9.700250000000000261e-01 9.708624999999999616e-01 9.718250000000000499e-01
9.640250000000000208e-01 9.640499999999999625e-01 9.639250000000000318e-01 9.636875000000000302e-01 9.636749999999999483e-01 9.641374999999999806e-01 9.644500000000000295e-01 9.650625000000000453e-01 9.660750000000000171e-01 9.666124999999999856e-01 9.670374999999999943e-01 9.677000000000000046e-01 9.678750000000000409e-01 9.685249999999999693e-01 9.698124999999999662e-01 9.703625000000000167e-01 9.708750000000000435e-01 9.712499999999999467e-01 9.720499999999999696e-01 9.728999999999999870e-01
9.656375000000000375e-01 9.658750000000000391e-01 9.657124999999999737e-01 9.653249999999999886e-01 9.654000000000000359e-01 9.659375000000000044e-01 9.662500000000000533e-01 9.667624999999999691e-01 9.676624999999999810e-01 9.682500000000000551e-01 9.686500000000000110e-01 9.692625000000000268e-01 9.694249999999999812e-01 9.700125000000000552e-01 9.712374999999999758e-01 9.717624999999999735e-01 9.720374999999999988e-01 9.726624999999999854e-01 9.735249999999999737e-01 9.742125000000000368e-01
9.675749999999999629e-01 9.675624999999999920e-01 9.675000000000000266e-01 9.671874999999999778e-01 9.670750000000000179e-01 9.676000000000000156e-01 9.680625000000000480e-01 9.684249999999999803e-01 9.693249999999999922e-01 9.699999999999999734e-01 9.701625000000000387e-01 9.707624999999999726e-01 9.708499999999999908e-01 9.714749999999999774e-01 9.727000000000000091e-01 9.729250000000000398e-01 9.734000000000000430e-01 9.741499999999999604e-01 9.746875000000000400e-01 9.754249999999999865e-01
9.692625000000000268e-01 9.694500000000000339e-01 9.693625000000000158e-01 9.689250000000000362e-01 9.687375000000000291e-01 9.693125000000000213e-01 9.695500000000000229e-01 9.701999999999999513e-01 9.708750000000000435e-01 9.716875000000000373e-01 9.716875000000000373e-01 9.722125000000000350e-01 9.723000000000000531e-01 9.729250000000000398e-01 9.741374999999999895e-01 9.743625000000000203e-01 9.745000000000000329e-01 9.755000000000000338e-01 9.758999999999999897e-01 9.767749999999999488e-01
9.710124999999999451e-01 9.710750000000000215e-01 9.711499999999999577e-01 9.707000000000000073e-01 9.706000000000000183e-01 9.710625000000000506e-01 9.714000000000000412e-01 9.719999999999999751e-01 9.723874999999999602e-01 9.730999999999999650e-01 9.732625000000000304e-01 9.737124999999999808e-01 9.738750000000000462e-01 9.744749999999999801e-01 9.758000000000000007e-01 9.756124999999999936e-01 9.760375000000000023e-01 9.768124999999999725e-01 9.770375000000000032e-01 9.780375000000000041e-01
9.726375000000000437e-01 9.726875000000000382e-01 9.728624999999999634e-01 9.725125000000000020e-01 9.724500000000000366e-01 9.727500000000000036e-01 9.730750000000000233e-01 9.737000000000000099e-01 9.741625000000000423e-01 9.745624999999999982e-01 9.747875000000000290e-01 9.751625000000000432e-01 9.754500000000000393e-01 9.761250000000000204e-01 9.772750000000000048e-01 9.771125000000000504e-01 9.772625000000000339e-01 9.780624999999999458e-01 9.781499999999999639e-01 9.791874999999999885e-01
9.743374999999999675e-01 9.744000000000000439e-01 9.745875000000000510e-01 9.740625000000000533e-01 9.741999999999999549e-01 9.745125000000000037e-01 9.747500000000000053e-01 9.753249999999999975e-01 9.757875000000000298e-01 9.763500000000000512e-01 9.764000000000000457e-01 9.767000000000000126e-01 9.770499999999999741e-01 9.776500000000000190e-01 9.786749999999999616e-01 9.783125000000000293e-01 9.787500000000000089e-01 9.795000000000000373e-01 9.794625000000000137e-01 9.806624999999999925e-01
9.761374999999999913e-01 9.759750000000000369e-01 9.761999999999999567e-01 9.757375000000000353e-01 9.757500000000000062e-01 9.761374999999999913e-01 9.763249999999999984e-01 9.768250000000000544e-01 9.772999999999999465e-01 9.777249999999999552e-01 9.779875000000000096e-01 9.781250000000000222e-01 9.785000000000000364e-01 9.790124999999999522e-01 9.800124999999999531e-01 9.796875000000000444e-01 9.800875000000000004e-01 9.807000000000000162e-01 9.806249999999999689e-01 9.820124999999999549e-01
9.777875000000000316e-01 9.776124999999999954e-01 9.778124999999999734e-01 9.773249999999999993e-01 9.773874999999999647e-01 9.778250000000000552e-01 9.779875000000000096e-01 9.781625000000000458e-01 9.789124999999999632e-01 9.791625000000000467e-01 9.795000000000000373e-01 9.793374999999999719e-01 9.796500000000000208e-01 9.804000000000000492e-01 9.812125000000000430e-01 9.809250000000000469e-01 9.814749999999999863e-01 9.820750000000000313e-01 9.819624999999999604e-01 9.832750000000000101e-01
9.791250000000000231e-01 9.795125000000000082e-01 9.793874999999999664e-01 9.787749999999999506e-01 9.789375000000000160e-01 9.793500000000000538e-01 9.795374999999999499e-01 9.798124999999999751e-01 9.802125000000000421e-01 9.807375000000000398e-01 9.808249999999999469e-01 9.809250000000000469e-01 9.812125000000000430e-01 9.817249999999999588e-01 9.824374999999999636e-01 9.821250000000000258e-01 9.827624999999999833e-01 9.832125000000000448e-01 9.831374999999999975e-01 9.846375000000000544e-01
9.806875000000000453e-01 9.809375000000000178e-01 9.809250000000000469e-01 9.804249999999999909e-01 9.803125000000000311e-01 9.808750000000000524e-01 9.809750000000000414e-01 9.811374999999999957e-01 9.817124999999999879e-01 9.822125000000000439e-01 9.822750000000000092e-01 9.821874999999999911e-01 9.825500000000000345e-01 9.832374999999999865e-01 9.835374999999999535e-01 9.834500000000000464e-01 9.839750000000000441e-01 9.842499999999999583e-01 9.843374999999999764e-01 9.857749999999999568e-01
9.820375000000000076e-01 9.824874999999999581e-01 9.825500000000000345e-01 9.820250000000000368e-01 9.818500000000000005e-01 9.823125000000000329e-01 9.825125000000000108e-01 9.824374999999999636e-01 9.830750000000000322e-01 9.835625000000000062e-01 9.837500000000000133e-01 9.836375000000000535e-01 9.840499999999999803e-01 9.844874999999999599e-01 9.849124999999999686e-01 9.846125000000000016e-01 9.851750000000000229e-01 9.852750000000000119e-01 9.855125000000000135e-01 9.869624999999999648e-01
9.833749999999999991e-01 9.838249999999999496e-01 9.838249999999999496e-01 9.833874999999999700e-01 9.833874999999999700e-01 9.837875000000000369e-01 9.840375000000000094e-01 9.837249999999999606e-01 9.844374999999999654e-01 9.849624999999999631e-01 9.849375000000000213e-01 9.850250000000000394e-01 9.853750000000000009e-01 9.857000000000000206e-01 9.861124999999999474e-01 9.857375000000000442e-01 9.864374999999999671e-01 9.864625000000000199e-01 9.867500000000000160e-01 9.879250000000000531e-01
9.848875000000000268e-01 9.850499999999999812e-01 9.851374999999999993e-01 9.849375000000000213e-01 9.846375000000000544e-01 9.851499999999999702e-01 9.852374999999999883e-01 9.851999999999999647e-01 9.858375000000000332e-01 9.860999999999999766e-01 9.860124999999999584e-01 9.862374999999999892e-01 9.865625000000000089e-01 9.870624999999999538e-01 9.870499999999999829e-01 9.869999999999999885e-01 9.875749999999999806e-01 9.875000000000000444e-01 9.879624999999999657e-01 9.888000000000000123e-01
9.861250000000000293e-01 9.863625000000000309e-01 9.864874999999999616e-01 9.861874999999999947e-01 9.861250000000000293e-01 9.863625000000000309e-01 9.863250000000000073e-01 9.864749999999999908e-01 9.869250000000000522e-01 9.874374999999999680e-01 9.872874999999999845e-01 9.872999999999999554e-01 9.876500000000000279e-01 9.881124999999999492e-01 9.882499999999999618e-01 9.880750000000000366e-01 9.887500000000000178e-01 9.885249999999999870e-01 9.890499999999999847e-01 9.897624999999999895e-01
9.873125000000000373e-01 9.876624999999999988e-01 9.874500000000000499e-01 9.872374999999999901e-01 9.875000000000000444e-01 9.876624999999999988e-01 9.874874999999999625e-01 9.877624999999999877e-01 9.879875000000000185e-01 9.884374999999999689e-01 9.883750000000000036e-01 9.883499999999999508e-01 9.887124999999999941e-01 9.890624999999999556e-01 9.892250000000000210e-01 9.891375000000000028e-01 9.897124999999999950e-01 9.895374999999999588e-01 9.899375000000000258e-01 9.906625000000000014e-01
9.884625000000000217e-01 9.888000000000000123e-01 9.886875000000000524e-01 9.883125000000000382e-01 9.886125000000000052e-01 9.887375000000000469e-01 9.885749999999999815e-01 9.888375000000000359e-01 9.891375000000000028e-01 9.894749999999999934e-01 9.894249999999999989e-01 9.892625000000000446e-01 9.897124999999999950e-01 9.900375000000000147e-01 9.901624999999999455e-01 9.901375000000000037e-01 9.906625000000000014e-01 9.905374999999999597e-01 9.910124999999999629e-01 9.914625000000000243e-01
9.896000000000000352e-01 9.897749999999999604e-01 9.897375000000000478e-01 9.894874999999999643e-01 9.895625000000000115e-01 9.898249999999999549e-01 9.897375000000000478e-01 9.899375000000000258e-01 9.902125000000000510e-01 9.903625000000000345e-01 9.903750000000000053e-01 9.903499999999999526e-01 9.908124999999999849e-01 9.909875000000000211e-01 9.909999999999999920e-01 9.910124999999999629e-01 9.914625000000000243e-01 9.912374999999999936e-01 9.918749999999999512e-01 9.922625000000000473e-01
9.906000000000000361e-01 9.908249999999999558e-01 9.907249999999999668e-01 9.904125000000000290e-01 9.905500000000000416e-01 9.908000000000000140e-01 9.906749999999999723e-01 9.909249999999999448e-01 9.913250000000000117e-01 9.911624999999999464e-01 9.913625000000000353e-01 9.913874999999999771e-01 9.915749999999999842e-01 9.918875000000000330e-01 9.919249999999999456e-01 9.918500000000000094e-01 9.922999999999999599e-01 9.919375000000000275e-01 9.927249999999999686e-01 9.929875000000000229e-01
9.915749999999999842e-01 9.918249999999999567e-01 9.916374999999999496e-01 9.912999999999999590e-01 9.916374999999999496e-01 9.917749999999999622e-01 9.916249999999999787e-01 9.916749999999999732e-01 9.922250000000000236e-01 9.918875000000000330e-01 9.921624999999999472e-01 9.921999999999999709e-01 9.924250000000000016e-01 9.926249999999999796e-01 9.927000000000000268e-01 9.926874999999999449e-01 9.930750000000000410e-01 9.926874999999999449e-01 9.934374999999999734e-01 9.936249999999999805e-01
9.923874999999999780e-01 9.926249999999999796e-01 9.925374999999999615e-01 9.921250000000000346e-01 9.922625000000000473e-01 9.925125000000000197e-01 9.924250000000000016e-01 9.926374999999999504e-01 9.929499999999999993e-01 9.927375000000000504e-01 9.929375000000000284e-01 9.929249999999999465e-01 9.931624999999999481e-01 9.933125000000000426e-01 9.934250000000000025e-01 9.933874999999999789e-01 9.936625000000000041e-01 9.934250000000000025e-01 9.940750000000000419e-01 9.943750000000000089e-01
9.932250000000000245e-01 9.933625000000000371e-01 9.934374999999999734e-01 9.929000000000000048e-01 9.930375000000000174e-01 9.932250000000000245e-01 9.931624999999999481e-01 9.931624999999999481e-01 9.937375000000000513e-01 9.936874999999999458e-01 9.936874999999999458e-01 9.936249999999999805e-01 9.938249999999999584e-01 9.939875000000000238e-01 9.940999999999999837e-01 9.941624999999999490e-01 9.942750000000000199e-01 9.941875000000000018e-01 9.946874999999999467e-01 9.949375000000000302e-01
9.941375000000000073e-01 9.940999999999999837e-01 9.940499999999999892e-01 9.937000000000000277e-01 9.938500000000000112e-01 9.939124999999999766e-01 9.939500000000000002e-01 9.939750000000000529e-01 9.945000000000000506e-01 9.943999999999999506e-01 9.943999999999999506e-01 9.942999999999999616e-01 9.945749999999999869e-01 9.945374999999999632e-01 9.946749999999999758e-01 9.946125000000000105e-01 9.949124999999999774e-01 9.947875000000000467e-01 9.953499999999999570e-01 9.954625000000000279e-01
9.947500000000000231e-01 9.947624999999999940e-01 9.948249999999999593e-01 9.943750000000000089e-01 9.944874999999999687e-01 9.947624999999999940e-01 9.945874999999999577e-01 9.945374999999999632e-01 9.950250000000000483e-01 9.949875000000000247e-01 9.949999999999999956e-01 9.949375000000000302e-01 9.951750000000000318e-01 9.951750000000000318e-01 9.952125000000000554e-01 9.949999999999999956e-01 9.953999999999999515e-01 9.953874999999999806e-01 9.957749999999999657e-01 9.959375000000000311e-01
9.954125000000000334e-01 9.952750000000000208e-01 9.952625000000000499e-01 9.950124999999999664e-01 9.951250000000000373e-01 9.953999999999999515e-01 9.951375000000000082e-01 9.950999999999999845e-01 9.954874999999999696e-01 9.957375000000000531e-01 9.956249999999999822e-01 9.955749999999999877e-01 9.957500000000000240e-01 9.957125000000000004e-01 9.957749999999999657e-01 9.955625000000000169e-01 9.957749999999999657e-01 9.959500000000000020e-01 9.964125000000000343e-01 9.963874999999999815e-01
9.958749999999999547e-01 9.958624999999999838e-01 9.959375000000000311e-01 9.955000000000000515e-01 9.957125000000000004e-01 9.960250000000000492e-01 9.957000000000000295e-01 9.955374999999999641e-01 9.959624999999999728e-01 9.961250000000000382e-01 9.962874999999999925e-01 9.961624999999999508e-01 9.963374999999999870e-01 9.960624999999999618e-01 9.960999999999999854e-01 9.960750000000000437e-01 9.963374999999999870e-01 9.965374999999999650e-01 9.967375000000000540e-01 9.968000000000000194e-01
9.962999999999999634e-01 9.963750000000000107e-01 9.963874999999999815e-01 9.961375000000000091e-01 9.963374999999999870e-01 9.964499999999999469e-01 9.962124999999999453e-01 9.960124999999999673e-01 9.965125000000000233e-01 9.965374999999999650e-01 9.966625000000000068e-01 9.966374999999999540e-01 9.967624999999999957e-01 9.964874999999999705e-01 9.965374999999999650e-01 9.964749999999999996e-01 9.967249999999999721e-01 9.968749999999999556e-01 9.971375000000000099e-01 9.972250000000000281e-01
9.967000000000000304e-01 9.968500000000000139e-01 9.968375000000000430e-01 9.966125000000000123e-01 9.967875000000000485e-01 9.968875000000000375e-01 9.966500000000000359e-01 9.964499999999999469e-01 9.970124999999999682e-01 9.969749999999999446e-01 9.970750000000000446e-01 9.970375000000000210e-01 9.971375000000000099e-01 9.969500000000000028e-01 9.969749999999999446e-01 9.968875000000000375e-01 9.970875000000000155e-01 9.972374999999999989e-01 9.975249999999999950e-01 9.975500000000000478e-01
9.971750000000000336e-01 9.972124999999999462e-01 9.972250000000000281e-01 9.970875000000000155e-01 9.971999999999999753e-01 9.973999999999999533e-01 9.970250000000000501e-01 9.968749999999999556e-01 9.972750000000000226e-01 9.973499999999999588e-01 9.974499999999999478e-01 9.973874999999999824e-01 9.973999999999999533e-01 9.973499999999999588e-01 9.973499999999999588e-01 9.972874999999999934e-01 9.974374999999999769e-01 9.976500000000000368e-01 9.978624999999999856e-01 9.978375000000000439e-01
9.975125000000000242e-01 9.975374999999999659e-01 9.975874999999999604e-01 9.974250000000000060e-01 9.975125000000000242e-01 9.977125000000000021e-01 9.973125000000000462e-01 9.972250000000000281e-01 9.977000000000000313e-01 9.976874999999999494e-01 9.978000000000000203e-01 9.976625000000000076e-01 9.977624999999999966e-01 9.976374999999999549e-01 9.976125000000000131e-01 9.976749999999999785e-01 9.978624999999999856e-01 9.978500000000000147e-01 9.981250000000000400e-01 9.981124999999999581e-01
9.978375000000000439e-01 9.979249999999999510e-01 9.978624999999999856e-01 9.976874999999999494e-01 9.978249999999999620e-01 9.980250000000000510e-01 9.976749999999999785e-01 9.976874999999999494e-01 9.979624999999999746e-01 9.980250000000000510e-01 9.980875000000000163e-01 9.979749999999999455e-01 9.981499999999999817e-01 9.979000000000000092e-01 9.979500000000000037e-01 9.979375000000000329e-01 9.980999999999999872e-01 9.982124999999999471e-01 9.983625000000000416e-01 9.983250000000000179e-01
9.981124999999999581e-01 9.980750000000000455e-01 9.980999999999999872e-01 9.980499999999999927e-01 9.981124999999999581e-01 9.982250000000000290e-01 9.979249999999999510e-01 9.978875000000000384e-01 9.982124999999999471e-01 9.982750000000000234e-01 9.983499999999999597e-01 9.983250000000000179e-01 9.983499999999999597e-01 9.982374999999999998e-01 9.982124999999999471e-01 9.982374999999999998e-01 9.982750000000000234e-01 9.984625000000000306e-01 9.986249999999999849e-01 9.985874999999999613e-01
9.983625000000000416e-01 9.983250000000000179e-01 9.983874999999999833e-01 9.982750000000000234e-01 9.983999999999999542e-01 9.984499999999999487e-01 9.982499999999999707e-01 9.981499999999999817e-01 9.985125000000000250e-01 9.984374999999999778e-01 9.985500000000000487e-01 9.985749999999999904e-01 9.985874999999999613e-01 9.984625000000000306e-01 9.984625000000000306e-01 9.984874999999999723e-01 9.985874999999999613e-01 9.986374999999999558e-01 9.988375000000000448e-01 9.987125000000000030e-01
9.986374999999999558e-01 9.985374999999999668e-01 9.986125000000000140e-01 9.985625000000000195e-01 9.986249999999999849e-01 9.987500000000000266e-01 9.985125000000000250e-01 9.984374999999999778e-01 9.987249999999999739e-01 9.986874999999999503e-01 9.987875000000000503e-01 9.987875000000000503e-01 9.988000000000000211e-01 9.987000000000000322e-01 9.986125000000000140e-01 9.986000000000000432e-01 9.987875000000000503e-01 9.988000000000000211e-01 9.990499999999999936e-01 9.989624999999999755e-01
9.988749999999999574e-01 9.987249999999999739e-01 9.987624999999999975e-01 9.988375000000000448e-01 9.989000000000000101e-01 9.989999999999999991e-01 9.988000000000000211e-01 9.987000000000000322e-01 9.988875000000000393e-01 9.987624999999999975e-01 9.989624999999999755e-01 9.990124999999999700e-01 9.990124999999999700e-01 9.988500000000000156e-01 9.987000000000000322e-01 9.987249999999999739e-01 9.989500000000000046e-01 9.990499999999999936e-01 9.992124999999999480e-01 9.991375000000000117e-01
9.990124999999999700e-01 9.989500000000000046e-01 9.989624999999999755e-01 9.990750000000000464e-01 9.990499999999999936e-01 9.990750000000000464e-01 9.989749999999999464e-01 9.988749999999999574e-01 9.991250000000000409e-01 9.989375000000000338e-01 9.991499999999999826e-01 9.991750000000000353e-01 9.991499999999999826e-01 9.990875000000000172e-01 9.989124999999999810e-01 9.989624999999999755e-01 9.991124999999999590e-01 9.992874999999999952e-01 9.993625000000000425e-01 9.992499999999999716e-01
9.991875000000000062e-01 9.990999999999999881e-01 9.991375000000000117e-01 9.991999999999999771e-01 9.992124999999999480e-01 9.992750000000000243e-01 9.991750000000000353e-01 9.990624999999999645e-01 9.992625000000000535e-01 9.990624999999999645e-01 9.993250000000000188e-01 9.992874999999999952e-01 9.992499999999999716e-01 9.992750000000000243e-01 9.991124999999999590e-01 9.991124999999999590e-01 9.992499999999999716e-01 9.993999999999999551e-01 9.994625000000000314e-01 9.993750000000000133e-01
9.992625000000000535e-01 9.992750000000000243e-01 9.992999999999999661e-01 9.993750000000000133e-01 9.993750000000000133e-01 9.994125000000000369e-01 9.993250000000000188e-01 9.991999999999999771e-01 9.993750000000000133e-01 9.992124999999999480e-01 9.994250000000000078e-01 9.994250000000000078e-01 9.993374999999999897e-01 9.993750000000000133e-01 9.992250000000000298e-01 9.992999999999999661e-01 9.992750000000000243e-01 9.994750000000000023e-01 9.995249999999999968e-01 9.994750000000000023e-01
9.993625000000000425e-01 9.993374999999999897e-01 9.994625000000000314e-01 9.994374999999999787e-01 9.995249999999999968e-01 9.994874999999999732e-01 9.993999999999999551e-01 9.993374999999999897e-01 9.994499999999999496e-01 9.992874999999999952e-01 9.995000000000000551e-01 9.995125000000000259e-01 9.994499999999999496e-01 9.994374999999999787e-01 9.993499999999999606e-01 9.994625000000000314e-01 9.994625000000000314e-01 9.995625000000000204e-01 9.996249999999999858e-01 9.995874999999999622e-01
9.994499999999999496e-01 9.994250000000000078e-01 9.995125000000000259e-01 9.995374999999999677e-01 9.996000000000000441e-01 9.996125000000000149e-01 9.995125000000000259e-01 9.993999999999999551e-01 9.995625000000000204e-01 9.994499999999999496e-01 9.995749999999999913e-01 9.995874999999999622e-01 9.995500000000000496e-01 9.995374999999999677e-01 9.993999999999999551e-01 9.995749999999999913e-01 9.995374999999999677e-01 9.996874999999999512e-01 9.997000000000000330e-01 9.996625000000000094e-01
9.995374999999999677e-01 9.995374999999999677e-01 9.995625000000000204e-01 9.996374999999999567e-01 9.996374999999999567e-01 9.996625000000000094e-01 9.996125000000000149e-01 9.994625000000000314e-01 9.995874999999999622e-01 9.995374999999999677e-01 9.996374999999999567e-01 9.996125000000000149e-01 9.996125000000000149e-01 9.996125000000000149e-01 9.994874999999999732e-01 9.996125000000000149e-01 9.995749999999999913e-01 9.997249999999999748e-01 9.997249999999999748e-01 9.997374999999999456e-01
9.995874999999999622e-01 9.996500000000000385e-01 9.996000000000000441e-01 9.997875000000000512e-01 9.997374999999999456e-01 9.997249999999999748e-01 9.996625000000000094e-01 9.995249999999999968e-01 9.996625000000000094e-01 9.996000000000000441e-01 9.997249999999999748e-01 9.996874999999999512e-01 9.996500000000000385e-01 9.996625000000000094e-01 9.995374999999999677e-01 9.996874999999999512e-01 9.996374999999999567e-01 9.997624999999999984e-01 9.997500000000000275e-01 9.998124999999999929e-01
9.996500000000000385e-01 9.997500000000000275e-01 9.996749999999999803e-01 9.998500000000000165e-01 9.997624999999999984e-01 9.997500000000000275e-01 9.996874999999999512e-01 9.995500000000000496e-01 9.997125000000000039e-01 9.996874999999999512e-01 9.998000000000000220e-01 9.997125000000000039e-01 9.997249999999999748e-01 9.997374999999999456e-01 9.996000000000000441e-01 9.996874999999999512e-01 9.997125000000000039e-01 9.997749999999999693e-01 9.997624999999999984e-01 9.998500000000000165e-01
9.996874999999999512e-01 9.998000000000000220e-01 9.997249999999999748e-01 9.998749999999999583e-01 9.998000000000000220e-01 9.998000000000000220e-01 9.997374999999999456e-01 9.996000000000000441e-01 9.997749999999999693e-01 9.997624999999999984e-01 9.998500000000000165e-01 9.997875000000000512e-01 9.997624999999999984e-01 9.997875000000000512e-01 9.997000000000000330e-01 9.997000000000000330e-01 9.998000000000000220e-01 9.998375000000000457e-01 9.998249999999999638e-01 9.998624999999999874e-01
9.997749999999999693e-01 9.998124999999999929e-01 9.997624999999999984e-01 9.998875000000000401e-01 9.998249999999999638e-01 9.998624999999999874e-01 9.998000000000000220e-01 9.996749999999999803e-01 9.998249999999999638e-01 9.998124999999999929e-01 9.998624999999999874e-01 9.998124999999999929e-01 9.998249999999999638e-01 9.998124999999999929e-01 9.997624999999999984e-01 9.997875000000000512e-01 9.998500000000000165e-01 9.998624999999999874e-01 9.998375000000000457e-01 9.999124999999999819e-01
9.998124999999999929e-01 9.998500000000000165e-01 9.998124999999999929e-01 9.998875000000000401e-01 9.998875000000000401e-01 9.999124999999999819e-01 9.998375000000000457e-01 9.997249999999999748e-01 9.999124999999999819e-01 9.998375000000000457e-01 9.998875000000000401e-01 9.998500000000000165e-01 9.998624999999999874e-01 9.998375000000000457e-01 9.998124999999999929e-01 9.998249999999999638e-01 9.998749999999999583e-01 9.998875000000000401e-01 9.998624999999999874e-01 9.999249999999999527e-01
9.998375000000000457e-01 9.999000000000000110e-01 9.998375000000000457e-01 9.998875000000000401e-01 9.999000000000000110e-01 9.999375000000000346e-01 9.998500000000000165e-01 9.997624999999999984e-01 9.999249999999999527e-01 9.998624999999999874e-01 9.999000000000000110e-01 9.998749999999999583e-01 9.998875000000000401e-01 9.998624999999999874e-01 9.998749999999999583e-01 9.998624999999999874e-01 9.999000000000000110e-01 9.999124999999999819e-01 9.998749999999999583e-01 9.999249999999999527e-01
9.998624999999999874e-01 9.999249999999999527e-01 9.999000000000000110e-01 9.999249999999999527e-01 9.999000000000000110e-01 9.999624999999999764e-01 9.998624999999999874e-01 9.997875000000000512e-01 9.999375000000000346e-01 9.999000000000000110e-01 9.999000000000000110e-01 9.999124999999999819e-01 9.999124999999999819e-01 9.999000000000000110e-01 9.999000000000000110e-01 9.999000000000000110e-01 9.999124999999999819e-01 9.999249999999999527e-01 9.999124999999999819e-01 9.999249999999999527e-01
9.998749999999999583e-01 9.999500000000000055e-01 9.999375000000000346e-01 9.999249999999999527e-01 9.999624999999999764e-01 9.999749999999999472e-01 9.998875000000000401e-01 9.998375000000000457e-01 9.999500000000000055e-01 9.999375000000000346e-01 9.999124999999999819e-01 9.999124999999999819e-01 9.999500000000000055e-01 9.999375000000000346e-01 9.999124999999999819e-01 9.999249999999999527e-01 9.999375000000000346e-01 9.999375000000000346e-01 9.999375000000000346e-01 9.999500000000000055e-01
9.998875000000000401e-01 9.999500000000000055e-01 9.999500000000000055e-01 9.999249999999999527e-01 9.999624999999999764e-01 9.999749999999999472e-01 9.999000000000000110e-01 9.998624999999999874e-01 9.999500000000000055e-01 9.999500000000000055e-01 9.999124999999999819e-01 9.999124999999999819e-01 9.999624999999999764e-01 9.999500000000000055e-01 9.999124999999999819e-01 9.999500000000000055e-01 9.999500000000000055e-01 9.999500000000000055e-01 9.999375000000000346e-01 9.999624999999999764e-01
9.999000000000000110e-01 9.999624999999999764e-01 9.999624999999999764e-01 9.999875000000000291e-01 9.999749999999999472e-01 9.999749999999999472e-01 9.999500000000000055e-01 9.998875000000000401e-01 9.999624999999999764e-01 9.999500000000000055e-01 9.999624999999999764e-01 9.999249999999999527e-01 9.999624999999999764e-01 9.999749999999999472e-01 9.999375000000000346e-01 9.999624999999999764e-01 9.999624999999999764e-01 9.999500000000000055e-01 9.999500000000000055e-01 9.999749999999999472e-01
9.999124999999999819e-01 9.999624999999999764e-01 9.999624999999999764e-01 9.999875000000000291e-01 9.999749999999999472e-01 9.999875000000000291e-01 9.999500000000000055e-01 9.998875000000000401e-01 9.999624999999999764e-01 9.999500000000000055e-01 9.999624999999999764e-01 9.999249999999999527e-01 9.999749999999999472e-01 9.999875000000000291e-01 9.999500000000000055e-01 9.999624999999999764e-01 9.999749999999999472e-01 9.999500000000000055e-01 9.999500000000000055e-01 9.999749999999999472e-01
9.999500000000000055e-01 9.999875000000000291e-01 9.999875000000000291e-01 9.999875000000000291e-01 9.999875000000000291e-01 9.999875000000000291e-01 9.999749999999999472e-01 9.999624999999999764e-01 1.000000000000000000e+00 9.999749999999999472e-01 9.999875000000000291e-01 9.999500000000000055e-01 9.999875000000000291e-01 1.000000000000000000e+00 9.999749999999999472e-01 9.999749999999999472e-01 9.999749999999999472e-01 9.999749999999999472e-01 9.999624999999999764e-01 9.999875000000000291e-01
9.999500000000000055e-01 9.999875000000000291e-01 9.999875000000000291e-01 9.999875000000000291e-01 9.999875000000000291e-01 9.999875000000000291e-01 9.999749999999999472e-01 9.999624999999999764e-01 1.000000000000000000e+00 9.999749999999999472e-01 9.999875000000000291e-01 9.999500000000000055e-01 9.999875000000000291e-01 1.000000000000000000e+00 9.999749999999999472e-01 9.999875000000000291e-01 9.999749999999999472e-01 9.999749999999999472e-01 9.999624999999999764e-01 9.999875000000000291e-01
9.999500000000000055e-01 9.999875000000000291e-01 9.999875000000000291e-01 9.999875000000000291e-01 9.999875000000000291e-01 9.999875000000000291e-01 9.999749999999999472e-01 9.999624999999999764e-01 1.000000000000000000e+00 9.999749999999999472e-01 9.999875000000000291e-01 9.999500000000000055e-01 9.999875000000000291e-01 1.000000000000000000e+00 9.999749999999999472e-01 9.999875000000000291e-01 9.999749999999999472e-01 9.999749999999999472e-01 9.999624999999999764e-01 9.999875000000000291e-01
9.999500000000000055e-01 9.999875000000000291e-01 9.999875000000000291e-01 9.999875000000000291e-01 9.999875000000000291e-01 9.999875000000000291e-01 9.999749999999999472e-01 9.999624999999999764e-01 1.000000000000000000e+00 9.999749999999999472e-01 9.999875000000000291e-01 9.999500000000000055e-01 9.999875000000000291e-01 1.000000000000000000e+00 9.999749999999999472e-01 9.999875000000000291e-01 9.999749999999999472e-01 9.999749999999999472e-01 9.999624999999999764e-01 9.999875000000000291e-01
1.000000000000000000e+00 1.000000000000000000e+00 1.000000000000000000e+00 1.000000000000000000e+00 1.000000000000000000e+00 1.000000000000000000e+00 1.000000000000000000e+00 1.000000000000000000e+00 1.000000000000000000e+00 1.000000000000000000e+00 1.000000000000000000e+00 1.000000000000000000e+00 1.000000000000000000e+00 1.000000000000000000e+00 1.000000000000000000e+00 1.000000000000000000e+00 1.000000000000000000e+00 1.000000000000000000e+00 1.000000000000000000e+00 1.000000000000000000e+00
1.000000000000000000e+00 1.000000000000000000e+00 1.000000000000000000e+00 1.000000000000000000e+00 1.000000000000000000e+00 1.000000000000000000e+00 1.000000000000000000e+00 1.000000000000000000e+00 1.000000000000000000e+00 1.000000000000000000e+00 1.000000000000000000e+00 1.000000000000000000e+00 1.000000000000000000e+00 1.000000000000000000e+00 1.000000000000000000e+00 1.000000000000000000e+00 1.000000000000000000e+00 1.000000000000000000e+00 1.000000000000000000e+00 1.000000000000000000e+00
