4.427188724235731477e-04 4.997578385556493766e-04 5.641455848280560459e-04 6.368289125805289214e-04 7.188766070412570168e-04 8.114951534738955611e-04 9.160464781598157830e-04 1.034067975091110128e-03 1.167295112860504847e-03 1.317686954175293886e-03 1.487454963251657507e-03 1.679095524692928235e-03 1.895426652031561741e-03 2.139629425722276539e-03 2.415294769918857522e-03 2.726476255872258524e-03 3.077749708407205142e-03 3.474280491971555238e-03 3.921899465678414624e-03 4.427188724235731586e-03
8.291374999999999718e-01 8.313625000000000043e-01 8.338875000000000037e-01 8.358750000000000346e-01 8.373874999999999513e-01 8.399624999999999453e-01 8.421125000000000416e-01 8.452374999999999750e-01 8.495249999999999746e-01 8.521125000000000504e-01 8.533374999999999710e-01 8.572625000000000384e-01 8.587624999999999842e-01 8.635125000000000162e-01 8.655625000000000124e-01 8.673125000000000417e-01 8.705500000000000460e-01 8.733374999999999888e-01 8.758124999999999938e-01 8.778624999999999901e-01
8.308375000000000066e-01 8.332249999999999934e-01 8.359250000000000291e-01 8.377124999999999710e-01 8.390874999999999861e-01 8.417124999999999746e-01 8.439250000000000362e-01 8.471874999999999822e-01 8.511750000000000149e-01 8.537249999999999561e-01 8.548875000000000224e-01 8.589499999999999913e-01 8.605125000000000135e-01 8.650750000000000384e-01 8.672250000000000236e-01 8.687500000000000222e-01 8.720999999999999863e-01 8.746249999999999858e-01 8.772499999999999742e-01 8.792624999999999469e-01
8.325500000000000123e-01 8.347999999999999865e-01 8.374374999999999458e-01 8.391625000000000334e-01 8.406624999999999792e-01 8.431250000000000133e-01 8.454749999999999766e-01 8.485374999999999446e-01 8.525000000000000355e-01 8.547124999999999861e-01 8.562374999999999847e-01 8.603125000000000355e-01 8.619250000000000522e-01 8.663625000000000353e-01 8.684874999999999678e-01 8.701499999999999790e-01 8.729999999999999982e-01 8.758124999999999938e-01 8.785500000000000531e-01 8.804999999999999494e-01
8.343125000000000124e-01 8.364624999999999977e-01 8.389750000000000263e-01 8.405875000000000430e-01 8.420374999999999943e-01 8.446375000000000410e-01 8.471750000000000114e-01 8.499624999999999542e-01 8.537000000000000144e-01 8.559875000000000123e-01 8.574874999999999581e-01 8.615000000000000435e-01 8.631750000000000256e-01 8.674874999999999670e-01 8.697875000000000467e-01 8.714625000000000288e-01 8.742874999999999952e-01 8.771375000000000144e-01 8.798749999999999627e-01 8.817125000000000101e-01
8.357875000000000165e-01 8.381250000000000089e-01 8.405624999999999902e-01 8.419999999999999707e-01 8.436249999999999583e-01 8.461874999999999813e-01 8.485000000000000320e-01 8.513249999999999984e-01 8.548249999999999460e-01 8.573874999999999691e-01 8.587749999999999551e-01 8.627375000000000460e-01 8.642874999999999863e-01 8.686874999999999458e-01 8.711124999999999563e-01 8.726125000000000131e-01 8.755125000000000268e-01 8.783625000000000460e-01 8.809500000000000108e-01 8.831999999999999851e-01
8.378750000000000364e-01 8.397250000000000547e-01 8.421874999999999778e-01 8.436124999999999874e-01 8.452499999999999458e-01 8.478250000000000508e-01 8.498250000000000526e-01 8.526000000000000245e-01 8.562374999999999847e-01 8.587749999999999551e-01 8.599624999999999631e-01 8.639250000000000540e-01 8.655874999999999542e-01 8.700499999999999901e-01 8.723250000000000171e-01 8.738749999999999574e-01 8.770875000000000199e-01 8.795874999999999666e-01 8.823374999999999968e-01 8.846125000000000238e-01
8.395749999999999602e-01 8.415249999999999675e-01 8.438624999999999599e-01 8.452874999999999694e-01 8.470250000000000279e-01 8.491125000000000478e-01 8.511374999999999913e-01 8.540874999999999995e-01 8.575500000000000345e-01 8.599875000000000158e-01 8.613874999999999726e-01 8.652374999999999927e-01 8.669375000000000275e-01 8.713874999999999815e-01 8.735125000000000250e-01 8.752124999999999488e-01 8.783750000000000169e-01 8.807749999999999746e-01 8.837374999999999536e-01 8.861499999999999932e-01
8.413749999999999840e-01 8.433125000000000204e-01 8.455749999999999655e-01 8.470625000000000515e-01 8.486624999999999863e-01 8.505749999999999700e-01 8.525625000000000009e-01 8.554874999999999563e-01 8.591750000000000220e-01 8.612999999999999545e-01 8.625500000000000389e-01 8.664500000000000535e-01 8.683874999999999789e-01 8.724499999999999478e-01 8.748749999999999583e-01 8.767875000000000529e-01 8.796000000000000485e-01 8.821750000000000425e-01 8.850875000000000270e-01 8.873124999999999485e-01
8.432625000000000259e-01 8.451999999999999513e-01 8.473749999999999893e-01 8.488999999999999879e-01 8.501125000000000487e-01 8.519124999999999615e-01 8.540874999999999995e-01 8.569499999999999895e-01 8.605500000000000371e-01 8.628375000000000350e-01 8.638875000000000304e-01 8.680499999999999883e-01 8.697375000000000522e-01 8.737374999999999448e-01 8.762499999999999734e-01 8.780124999999999735e-01 8.808500000000000218e-01 8.834625000000000394e-01 8.867249999999999854e-01 8.887000000000000455e-01
8.451874999999999805e-01 8.469499999999999806e-01 8.490874999999999950e-01 8.504749999999999810e-01 8.516249999999999654e-01 8.535625000000000018e-01 8.555874999999999453e-01 8.585000000000000409e-01 8.620250000000000412e-01 8.642750000000000155e-01 8.651375000000000037e-01 8.693250000000000144e-01 8.709750000000000547e-01 8.751375000000000126e-01 8.778875000000000428e-01 8.793125000000000524e-01 8.823625000000000496e-01 8.848624999999999963e-01 8.880000000000000115e-01 8.901999999999999913e-01
8.470250000000000279e-01 8.488750000000000462e-01 8.511625000000000441e-01 8.519250000000000433e-01 8.530874999999999986e-01 8.551999999999999602e-01 8.572625000000000384e-01 8.599999999999999867e-01 8.636500000000000288e-01 8.657375000000000487e-01 8.669375000000000275e-01 8.706374999999999531e-01 8.723374999999999879e-01 8.765374999999999694e-01 8.792124999999999524e-01 8.806749999999999856e-01 8.837374999999999536e-01 8.865499999999999492e-01 8.894125000000000503e-01 8.914125000000000520e-01
8.489999999999999769e-01 8.508250000000000535e-01 8.528124999999999734e-01 8.536000000000000254e-01 8.548499999999999988e-01 8.568750000000000533e-01 8.590875000000000039e-01 8.615874999999999506e-01 8.652874999999999872e-01 8.671750000000000291e-01 8.685125000000000206e-01 8.719500000000000028e-01 8.738249999999999629e-01 8.781750000000000389e-01 8.806374999999999620e-01 8.822499999999999787e-01 8.852250000000000396e-01 8.878875000000000517e-01 8.910375000000000378e-01 8.928249999999999797e-01
8.511250000000000204e-01 8.530874999999999986e-01 8.545249999999999790e-01 8.552250000000000130e-01 8.566249999999999698e-01 8.585625000000000062e-01 8.606749999999999678e-01 8.633999999999999453e-01 8.666875000000000551e-01 8.688749999999999529e-01 8.698124999999999885e-01 8.733999999999999542e-01 8.753374999999999906e-01 8.795500000000000540e-01 8.820500000000000007e-01 8.836500000000000465e-01 8.870624999999999760e-01 8.894125000000000503e-01 8.923999999999999710e-01 8.943875000000000020e-01
8.530999999999999694e-01 8.550624999999999476e-01 8.561874999999999902e-01 8.570499999999999785e-01 8.582874999999999810e-01 8.605125000000000135e-01 8.626249999999999751e-01 8.649999999999999911e-01 8.683874999999999789e-01 8.706374999999999531e-01 8.714625000000000288e-01 8.750000000000000000e-01 8.771624999999999561e-01 8.810999999999999943e-01 8.834874999999999812e-01 8.851499999999999924e-01 8.882624999999999549e-01 8.911999999999999922e-01 8.938500000000000334e-01 8.957625000000000171e-01
8.554500000000000437e-01 8.569750000000000423e-01 8.580499999999999794e-01 8.590250000000000385e-01 8.602499999999999591e-01 8.622874999999999845e-01 8.644249999999999989e-01 8.665874999999999551e-01 8.701499999999999790e-01 8.721499999999999808e-01 8.731124999999999581e-01 8.765625000000000222e-01 8.786125000000000185e-01 8.827749999999999764e-01 8.852750000000000341e-01 8.868624999999999980e-01 8.898875000000000535e-01 8.925999999999999490e-01 8.951999999999999957e-01 8.972750000000000448e-01
8.576500000000000234e-01 8.588375000000000314e-01 8.598999999999999977e-01 8.609750000000000458e-01 8.623625000000000318e-01 8.645625000000000115e-01 8.662999999999999590e-01 8.682625000000000481e-01 8.717875000000000485e-01 8.739500000000000046e-01 8.748124999999999929e-01 8.785749999999999948e-01 8.802375000000000060e-01 8.841499999999999915e-01 8.868249999999999744e-01 8.882499999999999840e-01 8.917500000000000426e-01 8.941375000000000295e-01 8.967125000000000234e-01 8.986625000000000307e-01
8.598375000000000323e-01 8.610375000000000112e-01 8.622499999999999609e-01 8.631625000000000547e-01 8.645000000000000462e-01 8.665500000000000425e-01 8.682874999999999899e-01 8.702499999999999680e-01 8.734374999999999778e-01 8.755125000000000268e-01 8.764625000000000332e-01 8.799875000000000336e-01 8.820999999999999952e-01 8.859500000000000153e-01 8.886749999999999927e-01 8.898125000000000062e-01 8.934499999999999664e-01 8.954874999999999918e-01 8.980875000000000385e-01 9.004124999999999490e-01
8.617375000000000451e-01 8.629499999999999948e-01 8.642874999999999863e-01 8.652750000000000163e-01 8.665500000000000425e-01 8.686000000000000387e-01 8.700375000000000192e-01 8.721999999999999753e-01 8.752250000000000307e-01 8.772750000000000270e-01 8.783750000000000169e-01 8.817625000000000046e-01 8.836000000000000520e-01 8.874374999999999902e-01 8.902999999999999803e-01 8.915874999999999773e-01 8.948625000000000052e-01 8.971249999999999503e-01 8.995750000000000135e-01 9.021875000000000311e-01
8.638875000000000304e-01 8.652999999999999581e-01 8.664874999999999661e-01 8.675874999999999559e-01 8.689624999999999710e-01 8.706125000000000114e-01 8.719749999999999446e-01 8.740499999999999936e-01 8.768749999999999600e-01 8.790249999999999453e-01 8.803125000000000533e-01 8.836249999999999938e-01 8.853499999999999703e-01 8.892375000000000140e-01 8.918374999999999497e-01 8.935999999999999499e-01 8.965999999999999526e-01 8.985999999999999543e-01 9.013375000000000137e-01 9.037500000000000533e-01
8.660250000000000448e-01 8.676625000000000032e-01 8.689124999999999766e-01 8.695500000000000451e-01 8.710875000000000146e-01 8.725249999999999950e-01 8.739000000000000101e-01 8.758875000000000410e-01 8.787875000000000547e-01 8.808124999999999982e-01 8.821124999999999661e-01 8.855125000000000357e-01 8.872375000000000123e-01 8.912250000000000449e-01 8.936250000000000027e-01 8.952999999999999847e-01 8.981500000000000039e-01 9.002624999999999655e-01 9.031749999999999501e-01 9.054750000000000298e-01
8.683374999999999844e-01 8.698875000000000357e-01 8.709375000000000311e-01 8.719624999999999737e-01 8.733750000000000124e-01 8.745625000000000204e-01 8.759875000000000300e-01 8.780375000000000263e-01 8.806125000000000203e-01 8.830375000000000307e-01 8.839500000000000135e-01 8.873124999999999485e-01 8.892499999999999849e-01 8.928249999999999797e-01 8.956374999999999753e-01 8.970000000000000195e-01 8.999249999999999750e-01 9.017749999999999932e-01 9.051500000000000101e-01 9.072000000000000064e-01
8.709375000000000311e-01 8.723374999999999879e-01 8.735000000000000542e-01 8.743999999999999551e-01 8.754874999999999741e-01 8.767000000000000348e-01 8.779500000000000082e-01 8.797874999999999446e-01 8.823499999999999677e-01 8.850875000000000270e-01 8.860999999999999988e-01 8.892124999999999613e-01 8.912499999999999867e-01 8.946374999999999744e-01 8.973875000000000046e-01 8.986125000000000362e-01 9.014375000000000027e-01 9.037125000000000297e-01 9.067749999999999977e-01 9.091249999999999609e-01
8.734499999999999487e-01 8.747749999999999693e-01 8.758375000000000465e-01 8.766625000000000112e-01 8.776249999999999885e-01 8.786874999999999547e-01 8.801999999999999824e-01 8.818249999999999700e-01 8.844250000000000167e-01 8.869749999999999579e-01 8.880749999999999478e-01 8.912624999999999575e-01 8.935750000000000082e-01 8.965625000000000400e-01 8.992875000000000174e-01 9.004750000000000254e-01 9.031624999999999792e-01 9.055625000000000480e-01 9.086125000000000451e-01 9.108249999999999957e-01
8.758500000000000174e-01 8.773750000000000160e-01 8.786374999999999602e-01 8.790875000000000217e-01 8.798624999999999918e-01 8.810499999999999998e-01 8.824999999999999512e-01 8.839624999999999844e-01 8.871250000000000524e-01 8.890124999999999833e-01 8.899875000000000425e-01 8.934750000000000192e-01 8.952875000000000139e-01 8.986499999999999488e-01 9.013875000000000082e-01 9.022750000000000492e-01 9.049000000000000377e-01 9.075999999999999623e-01 9.101249999999999618e-01 9.122999999999999998e-01
8.785250000000000004e-01 8.800750000000000517e-01 8.813750000000000195e-01 8.815625000000000266e-01 8.821875000000000133e-01 8.832999999999999741e-01 8.844250000000000167e-01 8.860624999999999751e-01 8.893375000000000030e-01 8.912750000000000394e-01 8.921499999999999986e-01 8.956749999999999989e-01 8.972499999999999920e-01 9.006999999999999451e-01 9.031500000000000083e-01 9.040124999999999966e-01 9.069000000000000394e-01 9.096125000000000460e-01 9.123250000000000526e-01 9.142500000000000071e-01
8.812250000000000361e-01 8.824499999999999567e-01 8.838500000000000245e-01 8.839124999999999899e-01 8.844999999999999529e-01 8.857249999999999845e-01 8.867500000000000382e-01 8.883499999999999730e-01 8.915125000000000410e-01 8.932124999999999648e-01 8.945874999999999799e-01 8.980000000000000204e-01 8.994625000000000536e-01 9.025625000000000453e-01 9.051749999999999519e-01 9.059500000000000330e-01 9.089625000000000066e-01 9.115375000000000005e-01 9.139874999999999527e-01 9.160374999999999490e-01
8.840249999999999497e-01 8.856374999999999664e-01 8.863625000000000531e-01 8.864999999999999547e-01 8.868374999999999453e-01 8.883250000000000313e-01 8.888749999999999707e-01 8.912250000000000449e-01 8.937000000000000499e-01 8.954499999999999682e-01 8.970000000000000195e-01 8.999500000000000277e-01 9.016750000000000043e-01 9.049374999999999503e-01 9.071249999999999591e-01 9.079625000000000057e-01 9.109749999999999792e-01 9.133999999999999897e-01 9.156499999999999639e-01 9.179749999999999854e-01
8.869875000000000398e-01 8.885499999999999510e-01 8.890500000000000069e-01 8.888125000000000053e-01 8.893250000000000322e-01 8.905750000000000055e-01 8.911624999999999686e-01 8.938000000000000389e-01 8.961500000000000021e-01 8.979125000000000023e-01 8.993124999999999591e-01 9.020749999999999602e-01 9.037749999999999950e-01 9.068249999999999922e-01 9.089749999999999774e-01 9.100500000000000256e-01 9.131875000000000409e-01 9.157374999999999821e-01 9.176125000000000531e-01 9.200625000000000053e-01
8.895999999999999464e-01 8.911999999999999922e-01 8.915499999999999536e-01 8.911750000000000504e-01 8.918374999999999497e-01 8.930749999999999522e-01 8.937125000000000208e-01 8.961750000000000549e-01 8.983999999999999764e-01 9.005250000000000199e-01 9.018500000000000405e-01 9.044124999999999526e-01 9.059500000000000330e-01 9.090125000000000011e-01 9.109874999999999501e-01 9.123375000000000234e-01 9.152500000000000080e-01 9.177499999999999547e-01 9.195875000000000021e-01 9.220749999999999780e-01
8.926250000000000018e-01 8.939624999999999932e-01 8.943375000000000075e-01 8.938249999999999806e-01 8.946374999999999744e-01 8.954874999999999918e-01 8.966874999999999707e-01 8.985625000000000417e-01 9.008749999999999813e-01 9.028125000000000178e-01 9.041749999999999510e-01 9.068749999999999867e-01 9.084124999999999561e-01 9.112375000000000336e-01 9.132875000000000298e-01 9.145750000000000268e-01 9.172124999999999861e-01 9.197250000000000147e-01 9.215875000000000039e-01 9.237125000000000474e-01
8.958500000000000352e-01 8.968249999999999833e-01 8.969749999999999668e-01 8.965499999999999581e-01 8.971500000000000030e-01 8.977249999999999952e-01 8.995125000000000481e-01 9.012750000000000483e-01 9.035874999999999879e-01 9.053250000000000464e-01 9.064375000000000071e-01 9.091500000000000137e-01 9.104875000000000052e-01 9.130875000000000519e-01 9.155499999999999750e-01 9.167374999999999829e-01 9.194750000000000423e-01 9.217499999999999583e-01 9.237874999999999837e-01 9.256499999999999728e-01
8.988374999999999559e-01 8.998249999999999860e-01 8.997625000000000206e-01 8.994375000000000009e-01 8.998000000000000442e-01 9.005874999999999853e-01 9.021875000000000311e-01 9.039125000000000076e-01 9.062375000000000291e-01 9.081500000000000128e-01 9.090249999999999719e-01 9.112624999999999753e-01 9.127999999999999448e-01 9.153750000000000497e-01 9.181375000000000508e-01 9.189374999999999627e-01 9.217625000000000401e-01 9.237750000000000128e-01 9.260874999999999524e-01 9.276874999999999982e-01
9.018249999999999877e-01 9.028500000000000414e-01 9.025125000000000508e-01 9.024499999999999744e-01 9.024874999999999980e-01 9.034499999999999753e-01 9.048625000000000140e-01 9.066499999999999559e-01 9.089749999999999774e-01 9.106499999999999595e-01 9.116999999999999549e-01 9.136750000000000149e-01 9.152249999999999552e-01 9.176625000000000476e-01 9.205875000000000030e-01 9.212875000000000369e-01 9.240000000000000435e-01 9.259749999999999925e-01 9.277750000000000163e-01 9.293875000000000330e-01
9.049125000000000085e-01 9.057500000000000551e-01 9.054250000000000353e-01 9.053375000000000172e-01 9.051249999999999574e-01 9.066999999999999504e-01 9.077250000000000041e-01 9.095499999999999696e-01 9.116250000000000187e-01 9.129500000000000393e-01 9.141249999999999654e-01 9.163750000000000506e-01 9.174124999999999641e-01 9.201000000000000290e-01 9.227250000000000174e-01 9.234375000000000222e-01 9.260125000000000162e-01 9.282500000000000195e-01 9.295750000000000401e-01 9.313500000000000112e-01
9.080500000000000238e-01 9.085874999999999924e-01 9.086750000000000105e-01 9.081000000000000183e-01 9.080624999999999947e-01 9.094750000000000334e-01 9.103499999999999925e-01 9.124250000000000416e-01 9.146374999999999922e-01 9.159000000000000474e-01 9.166750000000000176e-01 9.187625000000000375e-01 9.198499999999999455e-01 9.225124999999999575e-01 9.251000000000000334e-01 9.261125000000000052e-01 9.283124999999999849e-01 9.304249999999999465e-01 9.315999999999999837e-01 9.332000000000000295e-01
9.111875000000000391e-01 9.118000000000000549e-01 9.118874999999999620e-01 9.113124999999999698e-01 9.109874999999999501e-01 9.123999999999999888e-01 9.132500000000000062e-01 9.155250000000000332e-01 9.175499999999999767e-01 9.187374999999999847e-01 9.192375000000000407e-01 9.213000000000000078e-01 9.223500000000000032e-01 9.252000000000000224e-01 9.276750000000000274e-01 9.285999999999999810e-01 9.306250000000000355e-01 9.324624999999999719e-01 9.337124999999999453e-01 9.353249999999999620e-01
9.144624999999999559e-01 9.150625000000000009e-01 9.150500000000000300e-01 9.141749999999999599e-01 9.144624999999999559e-01 9.152749999999999497e-01 9.163000000000000034e-01 9.185875000000000012e-01 9.203624999999999723e-01 9.214999999999999858e-01 9.220500000000000362e-01 9.237750000000000128e-01 9.250125000000000153e-01 9.279874999999999652e-01 9.300374999999999615e-01 9.305499999999999883e-01 9.330000000000000515e-01 9.344249999999999501e-01 9.357499999999999707e-01 9.376499999999999835e-01
9.174624999999999586e-01 9.184375000000000178e-01 9.182000000000000162e-01 9.171624999999999917e-01 9.177250000000000130e-01 9.184624999999999595e-01 9.192375000000000407e-01 9.216874999999999929e-01 9.231500000000000261e-01 9.242000000000000215e-01 9.248625000000000318e-01 9.260625000000000107e-01 9.277874999999999872e-01 9.303375000000000394e-01 9.322875000000000467e-01 9.329374999999999751e-01 9.353375000000000439e-01 9.365624999999999645e-01 9.380125000000000268e-01 9.398750000000000160e-01
9.207374999999999865e-01 9.216499999999999693e-01 9.213875000000000259e-01 9.202124999999999888e-01 9.209125000000000227e-01 9.216625000000000512e-01 9.224375000000000213e-01 9.249374999999999680e-01 9.262000000000000233e-01 9.268125000000000391e-01 9.275875000000000092e-01 9.288625000000000353e-01 9.306250000000000355e-01 9.330249999999999932e-01 9.351249999999999840e-01 9.353375000000000439e-01 9.377124999999999488e-01 9.389250000000000096e-01 9.398625000000000451e-01 9.422125000000000083e-01
9.240374999999999561e-01 9.251624999999999988e-01 9.248750000000000027e-01 9.233624999999999750e-01 9.238250000000000073e-01 9.247874999999999845e-01 9.257125000000000492e-01 9.281374999999999487e-01 9.293124999999999858e-01 9.297374999999999945e-01 9.302500000000000213e-01 9.316124999999999545e-01 9.336124999999999563e-01 9.357625000000000526e-01 9.376624999999999543e-01 9.379499999999999504e-01 9.398625000000000451e-01 9.409374999999999822e-01 9.422125000000000083e-01 9.444624999999999826e-01
9.274875000000000203e-01 9.283124999999999849e-01 9.278750000000000053e-01 9.270249999999999879e-01 9.267750000000000155e-01 9.279874999999999652e-01 9.290125000000000188e-01 9.310374999999999623e-01 9.321625000000000050e-01 9.327499999999999680e-01 9.330749999999999877e-01 9.342875000000000485e-01 9.365875000000000172e-01 9.384500000000000064e-01 9.398374999999999924e-01 9.403249999999999664e-01 9.419250000000000123e-01 9.432874999999999455e-01 9.446750000000000425e-01 9.468999999999999639e-01
9.307874999999999899e-01 9.315999999999999837e-01 9.308625000000000371e-01 9.305124999999999647e-01 9.302624999999999922e-01 9.311000000000000387e-01 9.322124999999999995e-01 9.341249999999999831e-01 9.350000000000000533e-01 9.358374999999999888e-01 9.357374999999999998e-01 9.372249999999999748e-01 9.392000000000000348e-01 9.409625000000000350e-01 9.423749999999999627e-01 9.428999999999999604e-01 9.442374999999999519e-01 9.456499999999999906e-01 9.472000000000000419e-01 9.491374999999999673e-01
9.342624999999999957e-01 9.348750000000000115e-01 9.341625000000000068e-01 9.337374999999999980e-01 9.335624999999999618e-01 9.344875000000000265e-01 9.355499999999999927e-01 9.375375000000000236e-01 9.379125000000000378e-01 9.386124999999999607e-01 9.386375000000000135e-01 9.403624999999999901e-01 9.419999999999999485e-01 9.439874999999999794e-01 9.451000000000000512e-01 9.453375000000000528e-01 9.466499999999999915e-01 9.477624999999999522e-01 9.495249999999999524e-01 9.512249999999999872e-01
9.377124999999999488e-01 9.381874999999999520e-01 9.375375000000000236e-01 9.368250000000000188e-01 9.365999999999999881e-01 9.378250000000000197e-01 9.390125000000000277e-01 9.407624999999999460e-01 9.408250000000000224e-01 9.415499999999999980e-01 9.417124999999999524e-01 9.435375000000000290e-01 9.450749999999999984e-01 9.466999999999999860e-01 9.477124999999999577e-01 9.479499999999999593e-01 9.491000000000000547e-01 9.502874999999999517e-01 9.519999999999999574e-01 9.536624999999999686e-01
9.410749999999999948e-01 9.415249999999999453e-01 9.411000000000000476e-01 9.401374999999999593e-01 9.398125000000000506e-01 9.411125000000000185e-01 9.422000000000000375e-01 9.437124999999999542e-01 9.440125000000000322e-01 9.444500000000000117e-01 9.445249999999999480e-01 9.465249999999999497e-01 9.478625000000000522e-01 9.491125000000000256e-01 9.503000000000000336e-01 9.501500000000000501e-01 9.513500000000000290e-01 9.528999999999999693e-01 9.544124999999999970e-01 9.560999999999999499e-01
9.441625000000000156e-01 9.445750000000000535e-01 9.446124999999999661e-01 9.431125000000000203e-01 9.431374999999999620e-01 9.444000000000000172e-01 9.454375000000000417e-01 9.468874999999999931e-01 9.470625000000000293e-01 9.473375000000000545e-01 9.475124999999999797e-01 9.495375000000000343e-01 9.504875000000000407e-01 9.516999999999999904e-01 9.527999999999999803e-01 9.525000000000000133e-01 9.537624999999999575e-01 9.555500000000000105e-01 9.567750000000000421e-01 9.583874999999999478e-01
9.474249999999999616e-01 9.476499999999999924e-01 9.478374999999999995e-01 9.462874999999999481e-01 9.463500000000000245e-01 9.475624999999999742e-01 9.485875000000000279e-01 9.499125000000000485e-01 9.499499999999999611e-01 9.500499999999999501e-01 9.504124999999999934e-01 9.522500000000000409e-01 9.533875000000000544e-01 9.542500000000000426e-01 9.552749999999999853e-01 9.552000000000000490e-01 9.562749999999999861e-01 9.578124999999999556e-01 9.588499999999999801e-01 9.606875000000000275e-01
9.506499999999999950e-01 9.508375000000000021e-01 9.510625000000000329e-01 9.498124999999999485e-01 9.497499999999999831e-01 9.508124999999999494e-01 9.518624999999999448e-01 9.530999999999999472e-01 9.529999999999999583e-01 9.529750000000000165e-01 9.534624999999999906e-01 9.550125000000000419e-01 9.564124999999999988e-01 9.569499999999999673e-01 9.578875000000000028e-01 9.576999999999999957e-01 9.584749999999999659e-01 9.602500000000000480e-01 9.611874999999999725e-01 9.628499999999999837e-01
9.536249999999999449e-01 9.538499999999999757e-01 9.539625000000000465e-01 9.527999999999999803e-01 9.529874999999999874e-01 9.540374999999999828e-01 9.548375000000000057e-01 9.557875000000000121e-01 9.560250000000000137e-01 9.560250000000000137e-01 9.565749999999999531e-01 9.580250000000000155e-01 9.592500000000000471e-01 9.597499999999999920e-01 9.604249999999999732e-01 9.602249999999999952e-01 9.610374999999999890e-01 9.628375000000000128e-01 9.635000000000000231e-01 9.650999999999999579e-01
9.566875000000000240e-01 9.571874999999999689e-01 9.570999999999999508e-01 9.556624999999999703e-01 9.561374999999999735e-01 9.571374999999999744e-01 9.579374999999999973e-01 9.588875000000000037e-01 9.587750000000000439e-01 9.586124999999999785e-01 9.593625000000000069e-01 9.608499999999999819e-01 9.617124999999999702e-01 9.622000000000000552e-01 9.628250000000000419e-01 9.627499999999999947e-01 9.636124999999999829e-01 9.652625000000000233e-01 9.658750000000000391e-01 9.673749999999999849e-01
9.596249999999999503e-01 9.603625000000000078e-01 9.599999999999999645e-01 9.587875000000000147e-01 9.594875000000000487e-01 9.600874999999999826e-01 9.606999999999999984e-01 9.618750000000000355e-01 9.614249999999999741e-01 9.613749999999999796e-01 9.623249999999999860e-01 9.633874999999999522e-01 9.643249999999999877e-01 9.646249999999999547e-01 9.652249999999999996e-01 9.650250000000000217e-01 9.662874999999999659e-01 9.675000000000000266e-01 9.682125000000000314e-01 9.697249999999999481e-01
9.623249999999999860e-01 9.633000000000000451e-01 9.629124999999999490e-01 9.616249999999999520e-01 9.625000000000000222e-01 9.630250000000000199e-01 9.635875000000000412e-01 9.647875000000000201e-01 9.639874999999999972e-01 9.642749999999999932e-01 9.649750000000000272e-01 9.658999999999999808e-01 9.668124999999999636e-01 9.671499999999999542e-01 9.676624999999999810e-01 9.675249999999999684e-01 9.687624999999999709e-01 9.694625000000000048e-01 9.703000000000000513e-01 9.719875000000000043e-01
9.651374999999999815e-01 9.662500000000000533e-01 9.658124999999999627e-01 9.644374999999999476e-01 9.650999999999999579e-01 9.658375000000000155e-01 9.661125000000000407e-01 9.672749999999999959e-01 9.665500000000000203e-01 9.668875000000000108e-01 9.675124999999999975e-01 9.686249999999999583e-01 9.691999999999999504e-01 9.696375000000000410e-01 9.699999999999999734e-01 9.698750000000000426e-01 9.709999999999999742e-01 9.716375000000000428e-01 9.724749999999999783e-01 9.739250000000000407e-01
9.677000000000000046e-01 9.686749999999999527e-01 9.686124999999999874e-01 9.671125000000000416e-01 9.677875000000000227e-01 9.686749999999999527e-01 9.689375000000000071e-01 9.698999999999999844e-01 9.690625000000000488e-01 9.696624999999999828e-01 9.702250000000000041e-01 9.711750000000000105e-01 9.714000000000000412e-01 9.720750000000000224e-01 9.722625000000000295e-01 9.718750000000000444e-01 9.732499999999999485e-01 9.737249999999999517e-01 9.744500000000000384e-01 9.760250000000000314e-01
9.701625000000000387e-01 9.711999999999999522e-01 9.711874999999999813e-01 9.696875000000000355e-01 9.705125000000000002e-01 9.712749999999999995e-01 9.713625000000000176e-01 9.723249999999999948e-01 9.715375000000000538e-01 9.721625000000000405e-01 9.726500000000000146e-01 9.736500000000000155e-01 9.737875000000000281e-01 9.743625000000000203e-01 9.744874999999999510e-01 9.739875000000000060e-01 9.754500000000000393e-01 9.756624999999999881e-01 9.765125000000000055e-01 9.780250000000000332e-01
9.727500000000000036e-01 9.735374999999999446e-01 9.736000000000000210e-01 9.722374999999999767e-01 9.728999999999999870e-01 9.737249999999999517e-01 9.737875000000000281e-01 9.748875000000000179e-01 9.739624999999999533e-01 9.747124999999999817e-01 9.750625000000000542e-01 9.757500000000000062e-01 9.758750000000000480e-01 9.764625000000000110e-01 9.765500000000000291e-01 9.762750000000000039e-01 9.775000000000000355e-01 9.778999999999999915e-01 9.784874999999999545e-01 9.798624999999999696e-01
9.750750000000000250e-01 9.760250000000000314e-01 9.758000000000000007e-01 9.749750000000000361e-01 9.751250000000000195e-01 9.759624999999999551e-01 9.760999999999999677e-01 9.768375000000000252e-01 9.758624999999999661e-01 9.767749999999999488e-01 9.770499999999999741e-01 9.777375000000000371e-01 9.780250000000000332e-01 9.785374999999999490e-01 9.785875000000000545e-01 9.783500000000000529e-01 9.792374999999999829e-01 9.797749999999999515e-01 9.803374999999999728e-01 9.816749999999999643e-01
9.774000000000000465e-01 9.780124999999999513e-01 9.777875000000000316e-01 9.771374999999999922e-01 9.775500000000000300e-01 9.781750000000000167e-01 9.780624999999999458e-01 9.789999999999999813e-01 9.777500000000000080e-01 9.789499999999999869e-01 9.791250000000000231e-01 9.797375000000000389e-01 9.800250000000000350e-01 9.803250000000000020e-01 9.804125000000000201e-01 9.801499999999999657e-01 9.812374999999999847e-01 9.817124999999999879e-01 9.820499999999999785e-01 9.833499999999999464e-01
9.795000000000000373e-01 9.800499999999999767e-01 9.797875000000000334e-01 9.791374999999999940e-01 9.797375000000000389e-01 9.801250000000000240e-01 9.801625000000000476e-01 9.809499999999999886e-01 9.797875000000000334e-01 9.808750000000000524e-01 9.809999999999999831e-01 9.816624999999999934e-01 9.819124999999999659e-01 9.820750000000000313e-01 9.821625000000000494e-01 9.820999999999999730e-01 9.829499999999999904e-01 9.835500000000000353e-01 9.838500000000000023e-01 9.848749999999999449e-01
9.816249999999999698e-01 9.820250000000000368e-01 9.818999999999999950e-01 9.814374999999999627e-01 9.816875000000000462e-01 9.822374999999999856e-01 9.821874999999999911e-01 9.828000000000000069e-01 9.817500000000000115e-01 9.828249999999999487e-01 9.827375000000000416e-01 9.834000000000000519e-01 9.835874999999999480e-01 9.836249999999999716e-01 9.838375000000000314e-01 9.838875000000000259e-01 9.844125000000000236e-01 9.850499999999999812e-01 9.854374999999999662e-01 9.863874999999999726e-01
9.834874999999999590e-01 9.838375000000000314e-01 9.836500000000000243e-01 9.831750000000000211e-01 9.834874999999999590e-01 9.839999999999999858e-01 9.839999999999999858e-01 9.843374999999999764e-01 9.836249999999999716e-01 9.843874999999999709e-01 9.844000000000000528e-01 9.851250000000000284e-01 9.851874999999999938e-01 9.852374999999999883e-01 9.853125000000000355e-01 9.856125000000000025e-01 9.859499999999999931e-01 9.862999999999999545e-01 9.870875000000000066e-01 9.875625000000000098e-01
9.852374999999999883e-01 9.855749999999999789e-01 9.852874999999999828e-01 9.851374999999999993e-01 9.852250000000000174e-01 9.857249999999999623e-01 9.858000000000000096e-01 9.857500000000000151e-01 9.853750000000000009e-01 9.858749999999999458e-01 9.859999999999999876e-01 9.867500000000000160e-01 9.869875000000000176e-01 9.868500000000000050e-01 9.870250000000000412e-01 9.869999999999999885e-01 9.873499999999999499e-01 9.875000000000000444e-01 9.884125000000000272e-01 9.888124999999999831e-01
9.867000000000000215e-01 9.872499999999999609e-01 9.868875000000000286e-01 9.865000000000000435e-01 9.865249999999999853e-01 9.870750000000000357e-01 9.870250000000000412e-01 9.871999999999999664e-01 9.867749999999999577e-01 9.874374999999999680e-01 9.874625000000000208e-01 9.879750000000000476e-01 9.882625000000000437e-01 9.883125000000000382e-01 9.883999999999999453e-01 9.883499999999999508e-01 9.886624999999999996e-01 9.888375000000000359e-01 9.896875000000000533e-01 9.900750000000000384e-01
9.881124999999999492e-01 9.885125000000000162e-01 9.882250000000000201e-01 9.877249999999999641e-01 9.881999999999999673e-01 9.884125000000000272e-01 9.883874999999999744e-01 9.883750000000000036e-01 9.882874999999999854e-01 9.888500000000000068e-01 9.888624999999999776e-01 9.892125000000000501e-01 9.895125000000000171e-01 9.895125000000000171e-01 9.895749999999999824e-01 9.895749999999999824e-01 9.896374999999999478e-01 9.899875000000000203e-01 9.907875000000000432e-01 9.910999999999999810e-01
9.895625000000000115e-01 9.897000000000000242e-01 9.895749999999999824e-01 9.889624999999999666e-01 9.895000000000000462e-01 9.897624999999999895e-01 9.896749999999999714e-01 9.898000000000000131e-01 9.897500000000000187e-01 9.900499999999999856e-01 9.900875000000000092e-01 9.903250000000000108e-01 9.907000000000000250e-01 9.905374999999999597e-01 9.906749999999999723e-01 9.906249999999999778e-01 9.908375000000000377e-01 9.911124999999999519e-01 9.918124999999999858e-01 9.921999999999999709e-01
9.907375000000000487e-01 9.908500000000000085e-01 9.908624999999999794e-01 9.901874999999999982e-01 9.908375000000000377e-01 9.910499999999999865e-01 9.908249999999999558e-01 9.909000000000000030e-01 9.908249999999999558e-01 9.911874999999999991e-01 9.912874999999999881e-01 9.912750000000000172e-01 9.917000000000000259e-01 9.917249999999999677e-01 9.916249999999999787e-01 9.915125000000000188e-01 9.915749999999999842e-01 9.921624999999999472e-01 9.927000000000000268e-01 9.929624999999999702e-01
9.918375000000000385e-01 9.918749999999999512e-01 9.919875000000000220e-01 9.911624999999999464e-01 9.919124999999999748e-01 9.920750000000000401e-01 9.919499999999999984e-01 9.919499999999999984e-01 9.918500000000000094e-01 9.923625000000000362e-01 9.924749999999999961e-01 9.923374999999999835e-01 9.926125000000000087e-01 9.926000000000000378e-01 9.925249999999999906e-01 9.925000000000000488e-01 9.925374999999999615e-01 9.929999999999999938e-01 9.934749999999999970e-01 9.937249999999999694e-01
9.927375000000000504e-01 9.928124999999999867e-01 9.928249999999999575e-01 9.921875000000000000e-01 9.927875000000000449e-01 9.930750000000000410e-01 9.928375000000000394e-01 9.928624999999999812e-01 9.926249999999999796e-01 9.931999999999999718e-01 9.934250000000000025e-01 9.934125000000000316e-01 9.935125000000000206e-01 9.934250000000000025e-01 9.932250000000000245e-01 9.933125000000000426e-01 9.933999999999999497e-01 9.938624999999999821e-01 9.944250000000000034e-01 9.944749999999999979e-01
9.935249999999999915e-01 9.937249999999999694e-01 9.935874999999999568e-01 9.932750000000000190e-01 9.936500000000000332e-01 9.939124999999999766e-01 9.936625000000000041e-01 9.935874999999999568e-01 9.935374999999999623e-01 9.938000000000000167e-01 9.942625000000000490e-01 9.941999999999999726e-01 9.942625000000000490e-01 9.941750000000000309e-01 9.940250000000000474e-01 9.941250000000000364e-01 9.940499999999999892e-01 9.947875000000000467e-01 9.951750000000000318e-01 9.951250000000000373e-01
9.942499999999999671e-01 9.944125000000000325e-01 9.943250000000000144e-01 9.940999999999999837e-01 9.944250000000000034e-01 9.945625000000000160e-01 9.943874999999999797e-01 9.943625000000000380e-01 9.943125000000000435e-01 9.945249999999999924e-01 9.949375000000000302e-01 9.948500000000000121e-01 9.948500000000000121e-01 9.949624999999999719e-01 9.948124999999999885e-01 9.949000000000000066e-01 9.947124999999999995e-01 9.954874999999999696e-01 9.956874999999999476e-01 9.958249999999999602e-01
9.949624999999999719e-01 9.951624999999999499e-01 9.950250000000000483e-01 9.948749999999999538e-01 9.951875000000000027e-01 9.953125000000000444e-01 9.951750000000000318e-01 9.949750000000000538e-01 9.949875000000000247e-01 9.951999999999999735e-01 9.956125000000000114e-01 9.954499999999999460e-01 9.956249999999999822e-01 9.955500000000000460e-01 9.954499999999999460e-01 9.955125000000000224e-01 9.952750000000000208e-01 9.961499999999999799e-01 9.961250000000000382e-01 9.962750000000000217e-01
9.956125000000000114e-01 9.957749999999999657e-01 9.955374999999999641e-01 9.955000000000000515e-01 9.956749999999999767e-01 9.959750000000000547e-01 9.957624999999999948e-01 9.956625000000000059e-01 9.956500000000000350e-01 9.958375000000000421e-01 9.961624999999999508e-01 9.960250000000000492e-01 9.962374999999999980e-01 9.960624999999999618e-01 9.959624999999999728e-01 9.960124999999999673e-01 9.959500000000000020e-01 9.965625000000000178e-01 9.966249999999999831e-01 9.968375000000000430e-01
9.962374999999999980e-01 9.962999999999999634e-01 9.960250000000000492e-01 9.960124999999999673e-01 9.961999999999999744e-01 9.964125000000000343e-01 9.962499999999999689e-01 9.962874999999999925e-01 9.961750000000000327e-01 9.964125000000000343e-01 9.966500000000000359e-01 9.965874999999999595e-01 9.967000000000000304e-01 9.964374999999999760e-01 9.964625000000000288e-01 9.963874999999999815e-01 9.965874999999999595e-01 9.969375000000000320e-01 9.970250000000000501e-01 9.971875000000000044e-01
9.968000000000000194e-01 9.966874999999999485e-01 9.965749999999999886e-01 9.966000000000000414e-01 9.967249999999999721e-01 9.968249999999999611e-01 9.966625000000000068e-01 9.966374999999999540e-01 9.967125000000000012e-01 9.968875000000000375e-01 9.969999999999999973e-01 9.970750000000000446e-01 9.971250000000000391e-01 9.968624999999999847e-01 9.969999999999999973e-01 9.968000000000000194e-01 9.970375000000000210e-01 9.973874999999999824e-01 9.974750000000000005e-01 9.975000000000000533e-01
9.972499999999999698e-01 9.971250000000000391e-01 9.969749999999999446e-01 9.969875000000000265e-01 9.972750000000000226e-01 9.972499999999999698e-01 9.971250000000000391e-01 9.970624999999999627e-01 9.971375000000000099e-01 9.972374999999999989e-01 9.973499999999999588e-01 9.975125000000000242e-01 9.974374999999999769e-01 9.972374999999999989e-01 9.972999999999999643e-01 9.972750000000000226e-01 9.973250000000000171e-01 9.977249999999999730e-01 9.978124999999999911e-01 9.978249999999999620e-01
9.976500000000000368e-01 9.974499999999999478e-01 9.974250000000000060e-01 9.974750000000000005e-01 9.977000000000000313e-01 9.976625000000000076e-01 9.975874999999999604e-01 9.974374999999999769e-01 9.974750000000000005e-01 9.976000000000000423e-01 9.977749999999999675e-01 9.978375000000000439e-01 9.977875000000000494e-01 9.976625000000000076e-01 9.976874999999999494e-01 9.977125000000000021e-01 9.976625000000000076e-01 9.979999999999999982e-01 9.981624999999999526e-01 9.981624999999999526e-01
9.980250000000000510e-01 9.978624999999999856e-01 9.978375000000000439e-01 9.979000000000000092e-01 9.981375000000000108e-01 9.980499999999999927e-01 9.979375000000000329e-01 9.977624999999999966e-01 9.977624999999999966e-01 9.978749999999999565e-01 9.981124999999999581e-01 9.981375000000000108e-01 9.980250000000000510e-01 9.980499999999999927e-01 9.978500000000000147e-01 9.979375000000000329e-01 9.979875000000000274e-01 9.982250000000000290e-01 9.983625000000000416e-01 9.983625000000000416e-01
9.982999999999999652e-01 9.981250000000000400e-01 9.980999999999999872e-01 9.982250000000000290e-01 9.983750000000000124e-01 9.982750000000000234e-01 9.981499999999999817e-01 9.980375000000000218e-01 9.981750000000000345e-01 9.981750000000000345e-01 9.983250000000000179e-01 9.985749999999999904e-01 9.982374999999999998e-01 9.983750000000000124e-01 9.981875000000000053e-01 9.982750000000000234e-01 9.981875000000000053e-01 9.985249999999999959e-01 9.986500000000000377e-01 9.985749999999999904e-01
9.985625000000000195e-01 9.983874999999999833e-01 9.984625000000000306e-01 9.984499999999999487e-01 9.986249999999999849e-01 9.985374999999999668e-01 9.984625000000000306e-01 9.983625000000000416e-01 9.984499999999999487e-01 9.983874999999999833e-01 9.985000000000000542e-01 9.987249999999999739e-01 9.984250000000000069e-01 9.985625000000000195e-01 9.984125000000000361e-01 9.985249999999999959e-01 9.985000000000000542e-01 9.988500000000000156e-01 9.988249999999999629e-01 9.987875000000000503e-01
9.987000000000000322e-01 9.987000000000000322e-01 9.987000000000000322e-01 9.987125000000000030e-01 9.988249999999999629e-01 9.988249999999999629e-01 9.987500000000000266e-01 9.987249999999999739e-01 9.986874999999999503e-01 9.985749999999999904e-01 9.987249999999999739e-01 9.988875000000000393e-01 9.986000000000000432e-01 9.987875000000000503e-01 9.986249999999999849e-01 9.987500000000000266e-01 9.986749999999999794e-01 9.989875000000000282e-01 9.990624999999999645e-01 9.989999999999999991e-01
9.989124999999999810e-01 9.989000000000000101e-01 9.988875000000000393e-01 9.989249999999999519e-01 9.990375000000000227e-01 9.989500000000000046e-01 9.989500000000000046e-01 9.989624999999999755e-01 9.989500000000000046e-01 9.988500000000000156e-01 9.989500000000000046e-01 9.990624999999999645e-01 9.988500000000000156e-01 9.989624999999999755e-01 9.988749999999999574e-01 9.989999999999999991e-01 9.989375000000000338e-01 9.990875000000000172e-01 9.991624999999999535e-01 9.991999999999999771e-01
9.990250000000000519e-01 9.990375000000000227e-01 9.990124999999999700e-01 9.991124999999999590e-01 9.992124999999999480e-01 9.991750000000000353e-01 9.991499999999999826e-01 9.990624999999999645e-01 9.991375000000000117e-01 9.990124999999999700e-01 9.990999999999999881e-01 9.991999999999999771e-01 9.991124999999999590e-01 9.991124999999999590e-01 9.990124999999999700e-01 9.991875000000000062e-01 9.990624999999999645e-01 9.992874999999999952e-01 9.993125000000000480e-01 9.993250000000000188e-01
9.992750000000000243e-01 9.991875000000000062e-01 9.992124999999999480e-01 9.992750000000000243e-01 9.993250000000000188e-01 9.993499999999999606e-01 9.991875000000000062e-01 9.991624999999999535e-01 9.992375000000000007e-01 9.991499999999999826e-01 9.992375000000000007e-01 9.992999999999999661e-01 9.992625000000000535e-01 9.992874999999999952e-01 9.991375000000000117e-01 9.993374999999999897e-01 9.991624999999999535e-01 9.993999999999999551e-01 9.994625000000000314e-01 9.994625000000000314e-01
9.993750000000000133e-01 9.994125000000000369e-01 9.993125000000000480e-01 9.994499999999999496e-01 9.995125000000000259e-01 9.994625000000000314e-01 9.993625000000000425e-01 9.992375000000000007e-01 9.993250000000000188e-01 9.993125000000000480e-01 9.994125000000000369e-01 9.993625000000000425e-01 9.993874999999999842e-01 9.994125000000000369e-01 9.992250000000000298e-01 9.994750000000000023e-01 9.992625000000000535e-01 9.995625000000000204e-01 9.995625000000000204e-01 9.995749999999999913e-01
9.994750000000000023e-01 9.995249999999999968e-01 9.994125000000000369e-01 9.996500000000000385e-01 9.995500000000000496e-01 9.994874999999999732e-01 9.994625000000000314e-01 9.993374999999999897e-01 9.994250000000000078e-01 9.994125000000000369e-01 9.995249999999999968e-01 9.994874999999999732e-01 9.994750000000000023e-01 9.995000000000000551e-01 9.993250000000000188e-01 9.995374999999999677e-01 9.994374999999999787e-01 9.996249999999999858e-01 9.996125000000000149e-01 9.996500000000000385e-01
9.995625000000000204e-01 9.996125000000000149e-01 9.995125000000000259e-01 9.996749999999999803e-01 9.996625000000000094e-01 9.995874999999999622e-01 9.995125000000000259e-01 9.993874999999999842e-01 9.995000000000000551e-01 9.995500000000000496e-01 9.996749999999999803e-01 9.995874999999999622e-01 9.995374999999999677e-01 9.995749999999999913e-01 9.994874999999999732e-01 9.995500000000000496e-01 9.995625000000000204e-01 9.996749999999999803e-01 9.997000000000000330e-01 9.997125000000000039e-01
9.996625000000000094e-01 9.996749999999999803e-01 9.995249999999999968e-01 9.997249999999999748e-01 9.997000000000000330e-01 9.996749999999999803e-01 9.996249999999999858e-01 9.995374999999999677e-01 9.995749999999999913e-01 9.996249999999999858e-01 9.997374999999999456e-01 9.996249999999999858e-01 9.996249999999999858e-01 9.996500000000000385e-01 9.995625000000000204e-01 9.996249999999999858e-01 9.996874999999999512e-01 9.997500000000000275e-01 9.997500000000000275e-01 9.997624999999999984e-01
9.997125000000000039e-01 9.997374999999999456e-01 9.996374999999999567e-01 9.997749999999999693e-01 9.997624999999999984e-01 9.997624999999999984e-01 9.997000000000000330e-01 9.996125000000000149e-01 9.997749999999999693e-01 9.996749999999999803e-01 9.998000000000000220e-01 9.996625000000000094e-01 9.997249999999999748e-01 9.996749999999999803e-01 9.996374999999999567e-01 9.997374999999999456e-01 9.997374999999999456e-01 9.998124999999999929e-01 9.997875000000000512e-01 9.998124999999999929e-01
9.997749999999999693e-01 9.998000000000000220e-01 9.996625000000000094e-01 9.997875000000000512e-01 9.998000000000000220e-01 9.998124999999999929e-01 9.997249999999999748e-01 9.996625000000000094e-01 9.998124999999999929e-01 9.997249999999999748e-01 9.998249999999999638e-01 9.997624999999999984e-01 9.997500000000000275e-01 9.997125000000000039e-01 9.997624999999999984e-01 9.997749999999999693e-01 9.998249999999999638e-01 9.998500000000000165e-01 9.998249999999999638e-01 9.998500000000000165e-01
9.998000000000000220e-01 9.998500000000000165e-01 9.997500000000000275e-01 9.998624999999999874e-01 9.998249999999999638e-01 9.998500000000000165e-01 9.997624999999999984e-01 9.997125000000000039e-01 9.998624999999999874e-01 9.998000000000000220e-01 9.998249999999999638e-01 9.998000000000000220e-01 9.998249999999999638e-01 9.997624999999999984e-01 9.998249999999999638e-01 9.998500000000000165e-01 9.998624999999999874e-01 9.998624999999999874e-01 9.998875000000000401e-01 9.998749999999999583e-01
9.998249999999999638e-01 9.999124999999999819e-01 9.998249999999999638e-01 9.998875000000000401e-01 9.999000000000000110e-01 9.999000000000000110e-01 9.997875000000000512e-01 9.997749999999999693e-01 9.999124999999999819e-01 9.998375000000000457e-01 9.998375000000000457e-01 9.998249999999999638e-01 9.998500000000000165e-01 9.998624999999999874e-01 9.998500000000000165e-01 9.998624999999999874e-01 9.999000000000000110e-01 9.998875000000000401e-01 9.999124999999999819e-01 9.998875000000000401e-01
9.998375000000000457e-01 9.999249999999999527e-01 9.998624999999999874e-01 9.999000000000000110e-01 9.999000000000000110e-01 9.999124999999999819e-01 9.998000000000000220e-01 9.997875000000000512e-01 9.999249999999999527e-01 9.998624999999999874e-01 9.998375000000000457e-01 9.998375000000000457e-01 9.999124999999999819e-01 9.998875000000000401e-01 9.998624999999999874e-01 9.999000000000000110e-01 9.999124999999999819e-01 9.999000000000000110e-01 9.999124999999999819e-01 9.999000000000000110e-01
9.998624999999999874e-01 9.999375000000000346e-01 9.999000000000000110e-01 9.999749999999999472e-01 9.999375000000000346e-01 9.999249999999999527e-01 9.998875000000000401e-01 9.998375000000000457e-01 9.999375000000000346e-01 9.999000000000000110e-01 9.998875000000000401e-01 9.998749999999999583e-01 9.999249999999999527e-01 9.999249999999999527e-01 9.998749999999999583e-01 9.999124999999999819e-01 9.999375000000000346e-01 9.999375000000000346e-01 9.999375000000000346e-01 9.999124999999999819e-01
9.998875000000000401e-01 9.999375000000000346e-01 9.999124999999999819e-01 9.999749999999999472e-01 9.999375000000000346e-01 9.999375000000000346e-01 9.999000000000000110e-01 9.998375000000000457e-01 9.999500000000000055e-01 9.999124999999999819e-01 9.999000000000000110e-01 9.998749999999999583e-01 9.999249999999999527e-01 9.999375000000000346e-01 9.999000000000000110e-01 9.999249999999999527e-01 9.999624999999999764e-01 9.999375000000000346e-01 9.999375000000000346e-01 9.999124999999999819e-01
9.999375000000000346e-01 9.999624999999999764e-01 9.999500000000000055e-01 9.999749999999999472e-01 9.999500000000000055e-01 9.999749999999999472e-01 9.999375000000000346e-01 9.999375000000000346e-01 1.000000000000000000e+00 9.999500000000000055e-01 9.999749999999999472e-01 9.999249999999999527e-01 9.999749999999999472e-01 1.000000000000000000e+00 9.999749999999999472e-01 9.999500000000000055e-01 9.999749999999999472e-01 9.999749999999999472e-01 9.999500000000000055e-01 9.999500000000000055e-01
9.999375000000000346e-01 9.999749999999999472e-01 9.999500000000000055e-01 9.999749999999999472e-01 9.999624999999999764e-01 9.999749999999999472e-01 9.999375000000000346e-01 9.999500000000000055e-01 1.000000000000000000e+00 9.999624999999999764e-01 9.999749999999999472e-01 9.999249999999999527e-01 9.999749999999999472e-01 1.000000000000000000e+00 9.999749999999999472e-01 9.999624999999999764e-01 9.999749999999999472e-01 9.999749999999999472e-01 9.999624999999999764e-01 9.999624999999999764e-01
9.999375000000000346e-01 9.999749999999999472e-01 9.999500000000000055e-01 9.999749999999999472e-01 9.999624999999999764e-01 9.999749999999999472e-01 9.999375000000000346e-01 9.999500000000000055e-01 1.000000000000000000e+00 9.999624999999999764e-01 9.999749999999999472e-01 9.999249999999999527e-01 9.999749999999999472e-01 1.000000000000000000e+00 9.999749999999999472e-01 9.999624999999999764e-01 9.999749999999999472e-01 9.999749999999999472e-01 9.999624999999999764e-01 9.999624999999999764e-01
9.999375000000000346e-01 9.999749999999999472e-01 9.999500000000000055e-01 9.999749999999999472e-01 9.999624999999999764e-01 9.999749999999999472e-01 9.999375000000000346e-01 9.999500000000000055e-01 1.000000000000000000e+00 9.999624999999999764e-01 9.999749999999999472e-01 9.999375000000000346e-01 9.999749999999999472e-01 1.000000000000000000e+00 9.999749999999999472e-01 9.999624999999999764e-01 9.999749999999999472e-01 9.999749999999999472e-01 9.999624999999999764e-01 9.999624999999999764e-01
1.000000000000000000e+00 1.000000000000000000e+00 1.000000000000000000e+00 1.000000000000000000e+00 1.000000000000000000e+00 1.000000000000000000e+00 1.000000000000000000e+00 1.000000000000000000e+00 1.000000000000000000e+00 1.000000000000000000e+00 1.000000000000000000e+00 1.000000000000000000e+00 1.000000000000000000e+00 1.000000000000000000e+00 1.000000000000000000e+00 1.000000000000000000e+00 1.000000000000000000e+00 1.000000000000000000e+00 1.000000000000000000e+00 1.000000000000000000e+00
1.000000000000000000e+00 1.000000000000000000e+00 1.000000000000000000e+00 1.000000000000000000e+00 1.000000000000000000e+00 1.000000000000000000e+00 1.000000000000000000e+00 1.000000000000000000e+00 1.000000000000000000e+00 1.000000000000000000e+00 1.000000000000000000e+00 1.000000000000000000e+00 1.000000000000000000e+00 1.000000000000000000e+00 1.000000000000000000e+00 1.000000000000000000e+00 1.000000000000000000e+00 1.000000000000000000e+00 1.000000000000000000e+00 1.000000000000000000e+00
