4.427188724235731477e-04 4.997578385556493766e-04 5.641455848280560459e-04 6.368289125805289214e-04 7.188766070412570168e-04 8.114951534738955611e-04 9.160464781598157830e-04 1.034067975091110128e-03 1.167295112860504847e-03 1.317686954175293886e-03 1.487454963251657507e-03 1.679095524692928235e-03 1.895426652031561741e-03 2.139629425722276539e-03 2.415294769918857522e-03 2.726476255872258524e-03 3.077749708407205142e-03 3.474280491971555238e-03 3.921899465678414624e-03 4.427188724235731586e-03
8.803499999999999659e-01 8.806874999999999565e-01 8.803999999999999604e-01 8.816374999999999629e-01 8.823250000000000259e-01 8.815625000000000266e-01 8.821750000000000425e-01 8.824874999999999803e-01 8.825625000000000275e-01 8.831999999999999851e-01 8.839249999999999607e-01 8.831124999999999670e-01 8.841624999999999623e-01 8.847500000000000364e-01 8.857500000000000373e-01 8.862624999999999531e-01 8.860000000000000098e-01 8.871999999999999886e-01 8.873250000000000304e-01 8.884999999999999565e-01
8.841875000000000151e-01 8.846500000000000474e-01 8.844874999999999821e-01 8.855374999999999774e-01 8.864874999999999838e-01 8.852499999999999813e-01 8.858000000000000318e-01 8.865125000000000366e-01 8.863999999999999657e-01 8.868624999999999980e-01 8.877625000000000099e-01 8.868249999999999744e-01 8.879875000000000407e-01 8.885374999999999801e-01 8.893250000000000322e-01 8.898125000000000062e-01 8.897000000000000464e-01 8.907500000000000417e-01 8.912124999999999631e-01 8.926500000000000545e-01
8.873750000000000249e-01 8.880124999999999824e-01 8.875499999999999501e-01 8.887500000000000400e-01 8.895874999999999755e-01 8.885250000000000092e-01 8.889249999999999652e-01 8.899000000000000243e-01 8.893250000000000322e-01 8.899375000000000480e-01 8.910375000000000378e-01 8.901999999999999913e-01 8.915374999999999828e-01 8.916625000000000245e-01 8.923624999999999474e-01 8.930875000000000341e-01 8.930249999999999577e-01 8.938625000000000043e-01 8.942250000000000476e-01 8.955999999999999517e-01
8.906874999999999654e-01 8.911375000000000268e-01 8.907000000000000473e-01 8.918749999999999734e-01 8.926625000000000254e-01 8.913124999999999520e-01 8.919749999999999623e-01 8.928749999999999742e-01 8.922250000000000458e-01 8.925625000000000364e-01 8.939875000000000460e-01 8.932499999999999885e-01 8.943250000000000366e-01 8.946749999999999980e-01 8.959125000000000005e-01 8.960500000000000131e-01 8.961000000000000076e-01 8.969000000000000306e-01 8.973375000000000101e-01 8.985250000000000181e-01
8.936500000000000554e-01 8.938125000000000098e-01 8.935750000000000082e-01 8.948625000000000052e-01 8.954874999999999918e-01 8.944250000000000256e-01 8.947625000000000162e-01 8.957500000000000462e-01 8.947374999999999634e-01 8.954874999999999918e-01 8.969249999999999723e-01 8.960624999999999840e-01 8.971375000000000322e-01 8.974250000000000282e-01 8.990000000000000213e-01 8.988500000000000378e-01 8.993750000000000355e-01 8.999374999999999458e-01 9.004124999999999490e-01 9.013375000000000137e-01
8.966499999999999471e-01 8.967749999999999888e-01 8.961875000000000258e-01 8.977125000000000243e-01 8.982875000000000165e-01 8.973624999999999519e-01 8.975999999999999535e-01 8.984750000000000236e-01 8.974374999999999991e-01 8.983375000000000110e-01 8.998374999999999568e-01 8.988374999999999559e-01 8.999249999999999750e-01 9.001500000000000057e-01 9.017625000000000224e-01 9.015625000000000444e-01 9.023375000000000146e-01 9.026374999999999815e-01 9.032124999999999737e-01 9.042000000000000037e-01
8.995625000000000426e-01 8.995874999999999844e-01 8.988374999999999559e-01 9.005874999999999853e-01 9.009749999999999703e-01 9.002624999999999655e-01 9.004250000000000309e-01 9.009374999999999467e-01 9.005499999999999616e-01 9.009125000000000050e-01 9.027500000000000524e-01 9.014874999999999972e-01 9.024874999999999980e-01 9.027874999999999650e-01 9.043250000000000455e-01 9.041749999999999510e-01 9.051375000000000393e-01 9.054250000000000353e-01 9.059374999999999512e-01 9.069874999999999465e-01
9.023875000000000091e-01 9.023499999999999854e-01 9.018874999999999531e-01 9.032124999999999737e-01 9.036625000000000352e-01 9.028249999999999886e-01 9.029374999999999485e-01 9.037874999999999659e-01 9.033750000000000391e-01 9.036750000000000060e-01 9.051624999999999810e-01 9.041124999999999856e-01 9.049374999999999503e-01 9.054499999999999771e-01 9.070249999999999702e-01 9.069500000000000339e-01 9.076874999999999805e-01 9.081875000000000364e-01 9.086999999999999522e-01 9.099500000000000366e-01
9.049249999999999794e-01 9.048500000000000432e-01 9.045874999999999888e-01 9.060624999999999929e-01 9.061375000000000401e-01 9.053750000000000409e-01 9.055125000000000535e-01 9.066750000000000087e-01 9.060875000000000457e-01 9.062000000000000055e-01 9.080375000000000529e-01 9.067749999999999977e-01 9.072000000000000064e-01 9.082124999999999782e-01 9.094624999999999515e-01 9.093124999999999680e-01 9.102249999999999508e-01 9.109249999999999847e-01 9.113250000000000517e-01 9.124624999999999542e-01
9.075125000000000552e-01 9.074999999999999734e-01 9.072750000000000536e-01 9.087499999999999467e-01 9.089374999999999538e-01 9.078125000000000222e-01 9.083624999999999616e-01 9.093250000000000499e-01 9.085499999999999687e-01 9.085999999999999632e-01 9.105874999999999941e-01 9.092000000000000082e-01 9.097750000000000004e-01 9.106750000000000123e-01 9.120749999999999691e-01 9.116499999999999604e-01 9.131875000000000409e-01 9.133750000000000480e-01 9.140875000000000528e-01 9.153250000000000552e-01
9.100249999999999728e-01 9.100000000000000311e-01 9.097750000000000004e-01 9.113124999999999698e-01 9.112999999999999989e-01 9.103124999999999689e-01 9.108749999999999902e-01 9.118125000000000258e-01 9.111375000000000446e-01 9.109125000000000139e-01 9.130374999999999464e-01 9.118125000000000258e-01 9.119249999999999856e-01 9.133000000000000007e-01 9.146125000000000504e-01 9.142375000000000362e-01 9.157750000000000057e-01 9.159000000000000474e-01 9.164999999999999813e-01 9.181249999999999689e-01
9.124624999999999542e-01 9.127125000000000377e-01 9.122249999999999526e-01 9.135999999999999677e-01 9.135625000000000551e-01 9.129625000000000101e-01 9.134124999999999606e-01 9.141500000000000181e-01 9.135625000000000551e-01 9.131249999999999645e-01 9.153124999999999734e-01 9.139749999999999819e-01 9.146125000000000504e-01 9.158625000000000238e-01 9.171249999999999680e-01 9.167125000000000412e-01 9.182000000000000162e-01 9.183624999999999705e-01 9.190000000000000391e-01 9.205999999999999739e-01
9.150625000000000009e-01 9.152124999999999844e-01 9.146999999999999575e-01 9.158374999999999710e-01 9.161749999999999616e-01 9.153375000000000261e-01 9.159874999999999545e-01 9.164624999999999577e-01 9.158749999999999947e-01 9.154499999999999860e-01 9.174124999999999641e-01 9.164375000000000160e-01 9.170249999999999790e-01 9.180874999999999453e-01 9.192875000000000352e-01 9.194124999999999659e-01 9.205875000000000030e-01 9.206499999999999684e-01 9.214499999999999913e-01 9.231500000000000261e-01
9.173375000000000279e-01 9.172875000000000334e-01 9.167874999999999774e-01 9.178749999999999964e-01 9.185750000000000304e-01 9.176625000000000476e-01 9.184750000000000414e-01 9.188874999999999682e-01 9.183375000000000288e-01 9.180249999999999799e-01 9.197250000000000147e-01 9.186125000000000540e-01 9.195250000000000368e-01 9.203500000000000014e-01 9.217125000000000457e-01 9.221125000000000016e-01 9.227874999999999828e-01 9.232249999999999623e-01 9.236750000000000238e-01 9.257374999999999909e-01
9.200749999999999762e-01 9.195499999999999785e-01 9.193000000000000060e-01 9.204124999999999668e-01 9.208499999999999464e-01 9.199000000000000510e-01 9.212124999999999897e-01 9.212249999999999606e-01 9.209625000000000172e-01 9.205250000000000377e-01 9.219125000000000236e-01 9.211375000000000535e-01 9.219125000000000236e-01 9.227750000000000119e-01 9.242249999999999632e-01 9.244624999999999648e-01 9.252000000000000224e-01 9.256375000000000020e-01 9.261125000000000052e-01 9.280500000000000416e-01
9.223624999999999741e-01 9.217750000000000110e-01 9.218750000000000000e-01 9.228125000000000355e-01 9.233124999999999805e-01 9.223624999999999741e-01 9.233999999999999986e-01 9.236999999999999655e-01 9.229749999999999899e-01 9.227250000000000174e-01 9.241875000000000506e-01 9.234750000000000458e-01 9.242500000000000160e-01 9.250500000000000389e-01 9.266999999999999682e-01 9.267250000000000210e-01 9.273375000000000368e-01 9.279749999999999943e-01 9.285999999999999810e-01 9.303249999999999575e-01
9.246999999999999664e-01 9.241624999999999979e-01 9.243375000000000341e-01 9.252249999999999641e-01 9.257374999999999909e-01 9.245624999999999538e-01 9.253500000000000059e-01 9.258374999999999799e-01 9.253124999999999822e-01 9.247625000000000428e-01 9.263124999999999831e-01 9.256375000000000020e-01 9.266499999999999737e-01 9.272375000000000478e-01 9.290625000000000133e-01 9.290374999999999606e-01 9.295999999999999819e-01 9.301125000000000087e-01 9.306250000000000355e-01 9.324624999999999719e-01
9.268374999999999808e-01 9.265875000000000083e-01 9.264624999999999666e-01 9.275624999999999565e-01 9.281000000000000361e-01 9.265999999999999792e-01 9.275250000000000439e-01 9.281249999999999778e-01 9.273000000000000131e-01 9.269749999999999934e-01 9.285250000000000448e-01 9.276124999999999510e-01 9.289500000000000535e-01 9.296750000000000291e-01 9.314249999999999474e-01 9.313624999999999821e-01 9.317874999999999908e-01 9.326624999999999499e-01 9.329749999999999988e-01 9.348999999999999533e-01
9.291249999999999787e-01 9.288874999999999771e-01 9.288625000000000353e-01 9.296499999999999764e-01 9.301249999999999796e-01 9.288374999999999826e-01 9.297999999999999599e-01 9.302500000000000213e-01 9.294124999999999748e-01 9.292000000000000259e-01 9.305499999999999883e-01 9.297499999999999654e-01 9.309500000000000552e-01 9.317874999999999908e-01 9.335624999999999618e-01 9.335375000000000201e-01 9.339499999999999469e-01 9.348625000000000407e-01 9.352249999999999730e-01 9.370749999999999913e-01
9.311374999999999513e-01 9.309625000000000261e-01 9.309874999999999678e-01 9.319749999999999979e-01 9.324249999999999483e-01 9.310374999999999623e-01 9.317750000000000199e-01 9.324500000000000011e-01 9.313749999999999529e-01 9.310874999999999568e-01 9.323875000000000357e-01 9.318374999999999853e-01 9.332375000000000531e-01 9.340874999999999595e-01 9.358999999999999542e-01 9.356499999999999817e-01 9.362624999999999975e-01 9.369125000000000369e-01 9.372875000000000512e-01 9.391000000000000458e-01
9.333124999999999893e-01 9.330625000000000169e-01 9.329374999999999751e-01 9.340749999999999886e-01 9.343249999999999611e-01 9.331500000000000350e-01 9.337999999999999634e-01 9.344375000000000320e-01 9.336999999999999744e-01 9.332749999999999657e-01 9.343124999999999902e-01 9.340374999999999650e-01 9.353500000000000147e-01 9.360125000000000250e-01 9.378750000000000142e-01 9.380500000000000504e-01 9.383749999999999591e-01 9.387625000000000552e-01 9.395624999999999671e-01 9.412500000000000311e-01
9.354124999999999801e-01 9.351874999999999494e-01 9.350000000000000533e-01 9.362624999999999975e-01 9.362749999999999684e-01 9.351874999999999494e-01 9.357999999999999652e-01 9.364000000000000101e-01 9.358874999999999833e-01 9.354249999999999510e-01 9.364375000000000338e-01 9.362624999999999975e-01 9.376999999999999780e-01 9.381874999999999520e-01 9.399874999999999758e-01 9.401374999999999593e-01 9.403000000000000247e-01 9.409999999999999476e-01 9.418250000000000233e-01 9.436250000000000471e-01
9.377124999999999488e-01 9.372249999999999748e-01 9.370125000000000259e-01 9.382249999999999757e-01 9.383875000000000410e-01 9.373000000000000220e-01 9.378750000000000142e-01 9.384375000000000355e-01 9.379750000000000032e-01 9.373749999999999583e-01 9.385999999999999899e-01 9.385624999999999662e-01 9.397624999999999451e-01 9.405000000000000027e-01 9.418750000000000178e-01 9.420500000000000540e-01 9.424624999999999808e-01 9.430500000000000549e-01 9.439874999999999794e-01 9.455000000000000071e-01
9.398250000000000215e-01 9.395375000000000254e-01 9.392000000000000348e-01 9.401000000000000467e-01 9.403249999999999664e-01 9.395124999999999726e-01 9.400874999999999648e-01 9.406124999999999625e-01 9.399499999999999522e-01 9.395875000000000199e-01 9.405875000000000208e-01 9.405499999999999972e-01 9.418874999999999886e-01 9.425375000000000281e-01 9.439874999999999794e-01 9.442125000000000101e-01 9.443749999999999645e-01 9.451249999999999929e-01 9.460625000000000284e-01 9.475124999999999797e-01
9.421249999999999902e-01 9.415875000000000217e-01 9.412625000000000020e-01 9.418999999999999595e-01 9.422749999999999737e-01 9.415375000000000272e-01 9.421249999999999902e-01 9.426124999999999643e-01 9.418125000000000524e-01 9.415999999999999925e-01 9.425750000000000517e-01 9.427250000000000352e-01 9.440125000000000322e-01 9.446250000000000480e-01 9.458750000000000213e-01 9.464249999999999607e-01 9.464749999999999552e-01 9.470250000000000057e-01 9.479999999999999538e-01 9.496624999999999650e-01
9.440125000000000322e-01 9.436750000000000416e-01 9.432374999999999510e-01 9.436875000000000124e-01 9.444124999999999881e-01 9.433624999999999927e-01 9.441749999999999865e-01 9.448250000000000259e-01 9.437750000000000306e-01 9.435999999999999943e-01 9.444249999999999590e-01 9.445624999999999716e-01 9.458250000000000268e-01 9.465624999999999734e-01 9.477124999999999577e-01 9.487375000000000114e-01 9.483749999999999680e-01 9.489250000000000185e-01 9.501249999999999973e-01 9.513875000000000526e-01
9.461500000000000465e-01 9.459374999999999867e-01 9.453375000000000528e-01 9.453749999999999654e-01 9.462874999999999481e-01 9.454749999999999543e-01 9.461749999999999883e-01 9.466750000000000442e-01 9.457124999999999559e-01 9.457124999999999559e-01 9.463375000000000536e-01 9.466875000000000151e-01 9.477999999999999758e-01 9.483000000000000318e-01 9.497875000000000068e-01 9.506375000000000242e-01 9.501874999999999627e-01 9.509625000000000439e-01 9.520625000000000338e-01 9.534000000000000252e-01
9.479874999999999829e-01 9.481500000000000483e-01 9.474375000000000435e-01 9.474124999999999908e-01 9.480374999999999774e-01 9.475375000000000325e-01 9.480625000000000302e-01 9.487375000000000114e-01 9.475749999999999451e-01 9.475875000000000270e-01 9.483375000000000554e-01 9.485999999999999988e-01 9.497375000000000123e-01 9.501500000000000501e-01 9.517250000000000432e-01 9.527375000000000149e-01 9.519374999999999920e-01 9.530750000000000055e-01 9.540499999999999536e-01 9.554624999999999924e-01
9.499999999999999556e-01 9.500250000000000083e-01 9.491874999999999618e-01 9.493624999999999980e-01 9.497750000000000359e-01 9.493749999999999689e-01 9.499250000000000194e-01 9.505875000000000297e-01 9.496624999999999650e-01 9.495249999999999524e-01 9.502874999999999517e-01 9.506875000000000187e-01 9.516750000000000487e-01 9.520874999999999755e-01 9.536624999999999686e-01 9.546624999999999694e-01 9.537624999999999575e-01 9.549125000000000529e-01 9.559874999999999901e-01 9.573500000000000343e-01
9.520499999999999519e-01 9.519125000000000503e-01 9.512874999999999526e-01 9.513374999999999471e-01 9.517499999999999849e-01 9.514000000000000234e-01 9.518375000000000030e-01 9.524624999999999897e-01 9.515624999999999778e-01 9.512125000000000163e-01 9.521625000000000227e-01 9.523875000000000535e-01 9.536000000000000032e-01 9.541125000000000300e-01 9.553000000000000380e-01 9.564624999999999932e-01 9.556875000000000231e-01 9.566875000000000240e-01 9.578999999999999737e-01 9.590999999999999526e-01
9.535000000000000142e-01 9.536249999999999449e-01 9.530374999999999819e-01 9.531625000000000236e-01 9.534875000000000433e-01 9.531374999999999709e-01 9.536875000000000213e-01 9.542625000000000135e-01 9.533625000000000016e-01 9.534124999999999961e-01 9.542000000000000481e-01 9.541625000000000245e-01 9.555000000000000160e-01 9.562000000000000499e-01 9.571749999999999980e-01 9.583125000000000115e-01 9.576000000000000068e-01 9.585749999999999549e-01 9.596624999999999739e-01 9.609874999999999945e-01
9.553000000000000380e-01 9.555875000000000341e-01 9.549625000000000474e-01 9.550750000000000073e-01 9.554624999999999924e-01 9.548750000000000293e-01 9.556999999999999940e-01 9.561374999999999735e-01 9.552625000000000144e-01 9.553000000000000380e-01 9.558624999999999483e-01 9.558999999999999719e-01 9.573500000000000343e-01 9.580125000000000446e-01 9.591749999999999998e-01 9.600374999999999881e-01 9.593125000000000124e-01 9.602625000000000188e-01 9.615375000000000449e-01 9.627750000000000474e-01
9.569999999999999618e-01 9.575749999999999540e-01 9.568375000000000075e-01 9.570750000000000091e-01 9.572125000000000217e-01 9.568750000000000311e-01 9.574624999999999941e-01 9.579499999999999682e-01 9.571125000000000327e-01 9.572000000000000508e-01 9.577999999999999847e-01 9.579874999999999918e-01 9.594000000000000306e-01 9.599124999999999464e-01 9.608750000000000346e-01 9.618375000000000119e-01 9.610499999999999599e-01 9.619874999999999954e-01 9.632125000000000270e-01 9.643500000000000405e-01
9.587999999999999856e-01 9.594249999999999723e-01 9.587375000000000203e-01 9.588624999999999510e-01 9.589625000000000510e-01 9.586750000000000549e-01 9.593249999999999833e-01 9.595624999999999849e-01 9.591125000000000345e-01 9.589124999999999455e-01 9.592000000000000526e-01 9.598875000000000046e-01 9.610625000000000417e-01 9.617499999999999938e-01 9.626124999999999821e-01 9.637375000000000247e-01 9.629499999999999726e-01 9.637999999999999901e-01 9.647750000000000492e-01 9.659624999999999462e-01
9.606000000000000094e-01 9.612125000000000252e-01 9.606000000000000094e-01 9.604375000000000551e-01 9.604875000000000496e-01 9.604875000000000496e-01 9.612749999999999906e-01 9.614624999999999977e-01 9.609124999999999472e-01 9.605500000000000149e-01 9.611125000000000362e-01 9.617250000000000520e-01 9.626875000000000293e-01 9.636000000000000121e-01 9.642625000000000224e-01 9.655249999999999666e-01 9.645500000000000185e-01 9.656375000000000375e-01 9.666249999999999565e-01 9.675875000000000448e-01
9.626875000000000293e-01 9.628375000000000128e-01 9.622249999999999970e-01 9.621250000000000080e-01 9.624374999999999458e-01 9.622249999999999970e-01 9.627875000000000183e-01 9.632500000000000506e-01 9.625624999999999876e-01 9.623874999999999513e-01 9.629999999999999671e-01 9.635749999999999593e-01 9.646749999999999492e-01 9.651999999999999469e-01 9.658875000000000099e-01 9.672500000000000542e-01 9.661750000000000060e-01 9.671999999999999487e-01 9.681374999999999842e-01 9.693874999999999575e-01
9.644125000000000059e-01 9.644125000000000059e-01 9.639124999999999499e-01 9.637750000000000483e-01 9.641125000000000389e-01 9.638750000000000373e-01 9.644749999999999712e-01 9.649499999999999744e-01 9.641750000000000043e-01 9.640750000000000153e-01 9.648250000000000437e-01 9.653749999999999831e-01 9.664125000000000076e-01 9.669499999999999762e-01 9.674749999999999739e-01 9.689624999999999488e-01 9.678999999999999826e-01 9.685875000000000457e-01 9.695375000000000520e-01 9.708999999999999853e-01
9.660874999999999879e-01 9.661250000000000115e-01 9.656000000000000139e-01 9.655249999999999666e-01 9.657750000000000501e-01 9.656124999999999847e-01 9.661874999999999769e-01 9.665624999999999911e-01 9.657999999999999918e-01 9.659750000000000281e-01 9.666624999999999801e-01 9.669750000000000290e-01 9.681250000000000133e-01 9.687375000000000291e-01 9.689624999999999488e-01 9.705000000000000293e-01 9.694625000000000048e-01 9.704000000000000403e-01 9.710499999999999687e-01 9.725500000000000256e-01
9.677124999999999755e-01 9.677999999999999936e-01 9.673874999999999558e-01 9.673000000000000487e-01 9.673500000000000432e-01 9.673749999999999849e-01 9.680874999999999897e-01 9.684874999999999456e-01 9.675124999999999975e-01 9.677000000000000046e-01 9.684625000000000039e-01 9.686875000000000346e-01 9.695749999999999647e-01 9.705875000000000474e-01 9.705749999999999655e-01 9.721125000000000460e-01 9.711250000000000160e-01 9.718124999999999680e-01 9.726124999999999909e-01 9.741999999999999549e-01
9.694249999999999812e-01 9.694000000000000394e-01 9.691250000000000142e-01 9.692374999999999741e-01 9.689250000000000362e-01 9.690125000000000544e-01 9.698750000000000426e-01 9.700625000000000497e-01 9.690125000000000544e-01 9.691999999999999504e-01 9.702125000000000332e-01 9.702125000000000332e-01 9.712625000000000286e-01 9.718875000000000153e-01 9.720374999999999988e-01 9.736124999999999918e-01 9.726249999999999618e-01 9.733125000000000249e-01 9.742125000000000368e-01 9.756624999999999881e-01
9.710124999999999451e-01 9.712499999999999467e-01 9.707624999999999726e-01 9.707999999999999963e-01 9.707999999999999963e-01 9.705375000000000529e-01 9.715375000000000538e-01 9.716500000000000137e-01 9.706500000000000128e-01 9.708999999999999853e-01 9.719250000000000389e-01 9.716375000000000428e-01 9.729999999999999760e-01 9.732750000000000012e-01 9.736124999999999918e-01 9.750124999999999487e-01 9.743125000000000258e-01 9.745500000000000274e-01 9.756624999999999881e-01 9.769624999999999559e-01
9.723249999999999948e-01 9.728124999999999689e-01 9.724249999999999838e-01 9.720250000000000279e-01 9.722625000000000295e-01 9.719999999999999751e-01 9.730874999999999941e-01 9.734374999999999556e-01 9.721250000000000169e-01 9.725000000000000311e-01 9.732374999999999776e-01 9.733374999999999666e-01 9.743874999999999620e-01 9.750750000000000250e-01 9.749124999999999597e-01 9.763749999999999929e-01 9.758875000000000188e-01 9.759750000000000369e-01 9.771625000000000449e-01 9.783125000000000293e-01
9.738750000000000462e-01 9.742874999999999730e-01 9.739624999999999533e-01 9.736000000000000210e-01 9.739624999999999533e-01 9.739375000000000115e-01 9.745875000000000510e-01 9.751999999999999558e-01 9.735249999999999737e-01 9.738375000000000226e-01 9.748124999999999707e-01 9.749999999999999778e-01 9.758624999999999661e-01 9.763749999999999929e-01 9.764125000000000165e-01 9.778124999999999734e-01 9.772750000000000048e-01 9.773374999999999702e-01 9.784625000000000128e-01 9.795875000000000554e-01
9.753125000000000266e-01 9.757624999999999771e-01 9.757249999999999535e-01 9.748250000000000526e-01 9.753749999999999920e-01 9.755500000000000282e-01 9.759875000000000078e-01 9.766000000000000236e-01 9.748750000000000471e-01 9.753749999999999920e-01 9.762374999999999803e-01 9.764125000000000165e-01 9.772750000000000048e-01 9.777000000000000135e-01 9.777624999999999789e-01 9.792874999999999774e-01 9.785125000000000073e-01 9.788375000000000270e-01 9.798124999999999751e-01 9.810124999999999540e-01
9.768999999999999906e-01 9.770999999999999686e-01 9.771625000000000449e-01 9.762625000000000330e-01 9.770375000000000032e-01 9.772250000000000103e-01 9.773249999999999993e-01 9.778624999999999678e-01 9.764749999999999819e-01 9.767249999999999543e-01 9.775249999999999773e-01 9.777749999999999497e-01 9.785249999999999782e-01 9.790999999999999703e-01 9.789875000000000105e-01 9.804374999999999618e-01 9.799875000000000114e-01 9.801750000000000185e-01 9.811499999999999666e-01 9.823125000000000329e-01
9.783500000000000529e-01 9.785500000000000309e-01 9.784249999999999892e-01 9.776000000000000245e-01 9.783874999999999655e-01 9.788249999999999451e-01 9.788124999999999742e-01 9.791874999999999885e-01 9.779750000000000387e-01 9.781250000000000222e-01 9.790375000000000050e-01 9.791125000000000522e-01 9.799124999999999641e-01 9.804500000000000437e-01 9.803625000000000256e-01 9.813874999999999682e-01 9.813499999999999446e-01 9.817375000000000407e-01 9.822874999999999801e-01 9.834374999999999645e-01
9.796000000000000263e-01 9.798624999999999696e-01 9.797875000000000334e-01 9.793749999999999956e-01 9.796500000000000208e-01 9.803500000000000547e-01 9.798875000000000224e-01 9.805249999999999799e-01 9.795875000000000554e-01 9.794374999999999609e-01 9.803874999999999673e-01 9.805125000000000091e-01 9.811250000000000249e-01 9.816500000000000226e-01 9.815749999999999753e-01 9.826749999999999652e-01 9.824749999999999872e-01 9.828750000000000542e-01 9.837749999999999551e-01 9.844249999999999945e-01
9.809124999999999650e-01 9.812250000000000139e-01 9.809624999999999595e-01 9.806249999999999689e-01 9.810624999999999485e-01 9.816875000000000462e-01 9.811999999999999611e-01 9.815625000000000044e-01 9.810999999999999721e-01 9.809250000000000469e-01 9.817624999999999824e-01 9.818750000000000533e-01 9.825000000000000400e-01 9.829999999999999849e-01 9.828375000000000306e-01 9.839124999999999677e-01 9.838875000000000259e-01 9.843250000000000055e-01 9.848624999999999741e-01 9.853374999999999773e-01
9.821374999999999966e-01 9.825374999999999526e-01 9.821874999999999911e-01 9.818624999999999714e-01 9.824374999999999636e-01 9.830250000000000377e-01 9.824374999999999636e-01 9.830375000000000085e-01 9.823625000000000274e-01 9.825000000000000400e-01 9.829124999999999668e-01 9.830624999999999503e-01 9.837749999999999551e-01 9.840750000000000330e-01 9.840875000000000039e-01 9.849750000000000449e-01 9.850499999999999812e-01 9.852625000000000410e-01 9.858875000000000277e-01 9.864125000000000254e-01
9.834125000000000227e-01 9.837249999999999606e-01 9.835125000000000117e-01 9.830375000000000085e-01 9.837124999999999897e-01 9.842499999999999583e-01 9.838999999999999968e-01 9.842125000000000457e-01 9.838124999999999787e-01 9.835500000000000353e-01 9.840750000000000330e-01 9.844500000000000473e-01 9.847375000000000433e-01 9.853250000000000064e-01 9.850375000000000103e-01 9.860124999999999584e-01 9.860375000000000112e-01 9.861625000000000529e-01 9.869499999999999940e-01 9.875249999999999861e-01
9.846749999999999670e-01 9.849750000000000449e-01 9.848749999999999449e-01 9.841999999999999638e-01 9.850124999999999575e-01 9.855249999999999844e-01 9.850999999999999757e-01 9.853499999999999481e-01 9.851374999999999993e-01 9.846375000000000544e-01 9.853374999999999773e-01 9.856624999999999970e-01 9.858875000000000277e-01 9.865749999999999797e-01 9.861874999999999947e-01 9.869999999999999885e-01 9.870750000000000357e-01 9.873874999999999735e-01 9.879250000000000531e-01 9.883374999999999799e-01
9.857749999999999568e-01 9.863250000000000073e-01 9.861250000000000293e-01 9.852125000000000465e-01 9.861124999999999474e-01 9.866749999999999687e-01 9.861874999999999947e-01 9.863625000000000309e-01 9.862125000000000474e-01 9.859375000000000222e-01 9.866000000000000325e-01 9.868999999999999995e-01 9.869750000000000467e-01 9.876624999999999988e-01 9.872374999999999901e-01 9.880250000000000421e-01 9.881250000000000311e-01 9.883250000000000091e-01 9.888375000000000359e-01 9.894374999999999698e-01
9.868500000000000050e-01 9.875874999999999515e-01 9.874000000000000554e-01 9.864374999999999671e-01 9.872750000000000137e-01 9.876500000000000279e-01 9.872750000000000137e-01 9.874125000000000263e-01 9.874000000000000554e-01 9.871375000000000011e-01 9.874874999999999625e-01 9.881124999999999492e-01 9.880499999999999838e-01 9.887875000000000414e-01 9.882625000000000437e-01 9.889499999999999957e-01 9.891499999999999737e-01 9.892625000000000446e-01 9.898749999999999494e-01 9.902999999999999581e-01
9.879375000000000240e-01 9.886249999999999760e-01 9.882999999999999563e-01 9.875500000000000389e-01 9.883250000000000091e-01 9.886500000000000288e-01 9.885500000000000398e-01 9.885125000000000162e-01 9.883874999999999744e-01 9.880375000000000130e-01 9.884625000000000217e-01 9.890999999999999792e-01 9.889375000000000249e-01 9.897875000000000423e-01 9.891874999999999973e-01 9.899375000000000258e-01 9.900499999999999856e-01 9.901250000000000329e-01 9.907624999999999904e-01 9.910999999999999810e-01
9.890124999999999611e-01 9.894374999999999698e-01 9.893250000000000099e-01 9.886249999999999760e-01 9.892999999999999572e-01 9.897000000000000242e-01 9.895625000000000115e-01 9.893999999999999462e-01 9.892374999999999918e-01 9.889999999999999902e-01 9.895500000000000407e-01 9.900499999999999856e-01 9.900875000000000092e-01 9.904125000000000290e-01 9.902374999999999927e-01 9.909624999999999684e-01 9.908500000000000085e-01 9.909499999999999975e-01 9.915500000000000425e-01 9.917749999999999622e-01
9.898875000000000313e-01 9.901874999999999982e-01 9.902750000000000163e-01 9.898500000000000076e-01 9.901750000000000274e-01 9.905374999999999597e-01 9.903250000000000108e-01 9.903499999999999526e-01 9.901874999999999982e-01 9.900124999999999620e-01 9.904374999999999707e-01 9.909000000000000030e-01 9.909750000000000503e-01 9.912499999999999645e-01 9.910750000000000393e-01 9.918249999999999567e-01 9.915874999999999551e-01 9.916625000000000023e-01 9.922999999999999599e-01 9.925749999999999851e-01
9.907000000000000250e-01 9.911499999999999755e-01 9.910499999999999865e-01 9.909000000000000030e-01 9.911375000000000046e-01 9.913999999999999480e-01 9.911124999999999519e-01 9.911750000000000282e-01 9.910375000000000156e-01 9.909499999999999975e-01 9.911624999999999464e-01 9.917000000000000259e-01 9.918249999999999567e-01 9.919124999999999748e-01 9.917375000000000496e-01 9.925500000000000433e-01 9.923250000000000126e-01 9.926249999999999796e-01 9.929875000000000229e-01 9.933625000000000371e-01
9.915249999999999897e-01 9.917875000000000441e-01 9.917624999999999913e-01 9.917500000000000204e-01 9.918249999999999567e-01 9.920875000000000110e-01 9.919499999999999984e-01 9.919249999999999456e-01 9.920499999999999874e-01 9.917749999999999622e-01 9.919875000000000220e-01 9.923499999999999543e-01 9.926249999999999796e-01 9.928375000000000394e-01 9.924500000000000544e-01 9.932250000000000245e-01 9.928624999999999812e-01 9.931875000000000009e-01 9.936374999999999513e-01 9.939999999999999947e-01
9.922874999999999890e-01 9.925249999999999906e-01 9.925874999999999559e-01 9.926249999999999796e-01 9.925374999999999615e-01 9.928875000000000339e-01 9.926874999999999449e-01 9.925500000000000433e-01 9.929375000000000284e-01 9.924500000000000544e-01 9.926249999999999796e-01 9.932125000000000536e-01 9.932250000000000245e-01 9.935374999999999623e-01 9.931250000000000355e-01 9.938875000000000348e-01 9.936625000000000041e-01 9.936749999999999750e-01 9.941624999999999490e-01 9.945625000000000160e-01
9.929999999999999938e-01 9.932374999999999954e-01 9.932750000000000190e-01 9.934500000000000552e-01 9.933750000000000080e-01 9.935749999999999860e-01 9.933499999999999552e-01 9.932499999999999662e-01 9.935374999999999623e-01 9.932125000000000536e-01 9.932625000000000481e-01 9.938749999999999529e-01 9.939000000000000057e-01 9.942125000000000545e-01 9.938500000000000112e-01 9.945500000000000451e-01 9.942499999999999671e-01 9.941499999999999782e-01 9.947749999999999648e-01 9.949875000000000247e-01
9.937749999999999639e-01 9.939624999999999710e-01 9.938375000000000403e-01 9.940375000000000183e-01 9.939750000000000529e-01 9.941624999999999490e-01 9.939624999999999710e-01 9.941375000000000073e-01 9.940750000000000419e-01 9.939249999999999474e-01 9.937500000000000222e-01 9.945249999999999924e-01 9.944749999999999979e-01 9.946874999999999467e-01 9.945374999999999632e-01 9.949750000000000538e-01 9.948375000000000412e-01 9.946749999999999758e-01 9.953499999999999570e-01 9.954625000000000279e-01
9.944374999999999742e-01 9.946249999999999813e-01 9.943874999999999797e-01 9.945749999999999869e-01 9.944749999999999979e-01 9.947375000000000522e-01 9.945000000000000506e-01 9.946374999999999522e-01 9.948249999999999593e-01 9.944749999999999979e-01 9.943625000000000380e-01 9.951750000000000318e-01 9.950499999999999901e-01 9.951999999999999735e-01 9.950999999999999845e-01 9.954499999999999460e-01 9.953874999999999806e-01 9.953250000000000153e-01 9.959624999999999728e-01 9.959999999999999964e-01
9.950875000000000137e-01 9.952750000000000208e-01 9.951124999999999554e-01 9.951624999999999499e-01 9.950375000000000192e-01 9.952750000000000208e-01 9.951999999999999735e-01 9.951875000000000027e-01 9.953250000000000153e-01 9.950875000000000137e-01 9.948249999999999593e-01 9.956374999999999531e-01 9.955374999999999641e-01 9.957375000000000531e-01 9.957000000000000295e-01 9.959249999999999492e-01 9.959875000000000256e-01 9.958500000000000130e-01 9.963625000000000398e-01 9.964499999999999469e-01
9.957375000000000531e-01 9.959875000000000256e-01 9.957624999999999948e-01 9.957875000000000476e-01 9.956874999999999476e-01 9.958500000000000130e-01 9.957624999999999948e-01 9.956500000000000350e-01 9.957749999999999657e-01 9.956249999999999822e-01 9.953750000000000098e-01 9.962374999999999980e-01 9.959999999999999964e-01 9.962625000000000508e-01 9.961250000000000382e-01 9.963750000000000107e-01 9.964499999999999469e-01 9.962625000000000508e-01 9.968249999999999611e-01 9.968500000000000139e-01
9.961375000000000091e-01 9.965000000000000524e-01 9.961999999999999744e-01 9.962499999999999689e-01 9.961750000000000327e-01 9.964374999999999760e-01 9.961499999999999799e-01 9.960999999999999854e-01 9.962499999999999689e-01 9.959999999999999964e-01 9.958249999999999602e-01 9.967000000000000304e-01 9.965125000000000233e-01 9.966374999999999540e-01 9.965125000000000233e-01 9.967875000000000485e-01 9.967500000000000249e-01 9.967249999999999721e-01 9.971999999999999753e-01 9.971499999999999808e-01
9.964749999999999996e-01 9.969749999999999446e-01 9.966625000000000068e-01 9.967000000000000304e-01 9.967125000000000012e-01 9.968124999999999902e-01 9.965625000000000178e-01 9.964874999999999705e-01 9.966374999999999540e-01 9.963999999999999524e-01 9.964250000000000052e-01 9.970375000000000210e-01 9.968875000000000375e-01 9.970624999999999627e-01 9.969749999999999446e-01 9.971375000000000099e-01 9.970999999999999863e-01 9.971499999999999808e-01 9.975500000000000478e-01 9.975000000000000533e-01
9.969000000000000083e-01 9.973250000000000171e-01 9.970750000000000446e-01 9.970750000000000446e-01 9.971750000000000336e-01 9.972999999999999643e-01 9.969999999999999973e-01 9.970250000000000501e-01 9.970124999999999682e-01 9.967125000000000012e-01 9.969500000000000028e-01 9.973750000000000115e-01 9.973374999999999879e-01 9.973750000000000115e-01 9.973874999999999824e-01 9.974499999999999478e-01 9.974374999999999769e-01 9.974874999999999714e-01 9.978749999999999565e-01 9.977875000000000494e-01
9.973250000000000171e-01 9.976374999999999549e-01 9.974250000000000060e-01 9.974250000000000060e-01 9.974750000000000005e-01 9.975625000000000187e-01 9.974125000000000352e-01 9.973499999999999588e-01 9.974250000000000060e-01 9.970499999999999918e-01 9.974374999999999769e-01 9.976374999999999549e-01 9.976874999999999494e-01 9.977125000000000021e-01 9.977000000000000313e-01 9.977125000000000021e-01 9.977125000000000021e-01 9.977125000000000021e-01 9.980999999999999872e-01 9.980750000000000455e-01
9.977125000000000021e-01 9.979124999999999801e-01 9.977375000000000549e-01 9.978500000000000147e-01 9.978000000000000203e-01 9.978749999999999565e-01 9.978124999999999911e-01 9.976749999999999785e-01 9.977624999999999966e-01 9.974499999999999478e-01 9.977375000000000549e-01 9.978749999999999565e-01 9.979999999999999982e-01 9.980250000000000510e-01 9.979000000000000092e-01 9.978624999999999856e-01 9.979124999999999801e-01 9.979999999999999982e-01 9.983625000000000416e-01 9.983125000000000471e-01
9.980124999999999691e-01 9.982250000000000290e-01 9.980499999999999927e-01 9.980875000000000163e-01 9.981750000000000345e-01 9.981875000000000053e-01 9.981624999999999526e-01 9.980124999999999691e-01 9.980999999999999872e-01 9.978500000000000147e-01 9.980124999999999691e-01 9.982374999999999998e-01 9.982750000000000234e-01 9.982499999999999707e-01 9.981875000000000053e-01 9.980750000000000455e-01 9.981250000000000400e-01 9.981999999999999762e-01 9.985500000000000487e-01 9.985000000000000542e-01
9.983874999999999833e-01 9.984625000000000306e-01 9.982999999999999652e-01 9.983750000000000124e-01 9.983499999999999597e-01 9.985249999999999959e-01 9.984499999999999487e-01 9.981750000000000345e-01 9.982874999999999943e-01 9.980124999999999691e-01 9.982750000000000234e-01 9.984625000000000306e-01 9.985500000000000487e-01 9.984625000000000306e-01 9.984499999999999487e-01 9.982999999999999652e-01 9.983625000000000416e-01 9.984125000000000361e-01 9.987749999999999684e-01 9.987374999999999448e-01
9.985874999999999613e-01 9.986374999999999558e-01 9.986374999999999558e-01 9.986000000000000432e-01 9.985874999999999613e-01 9.987125000000000030e-01 9.986374999999999558e-01 9.985000000000000542e-01 9.986125000000000140e-01 9.982250000000000290e-01 9.985000000000000542e-01 9.987624999999999975e-01 9.987374999999999448e-01 9.987374999999999448e-01 9.986874999999999503e-01 9.986249999999999849e-01 9.986625000000000085e-01 9.986374999999999558e-01 9.989624999999999755e-01 9.988875000000000393e-01
9.987749999999999684e-01 9.988124999999999920e-01 9.988249999999999629e-01 9.987875000000000503e-01 9.988249999999999629e-01 9.989124999999999810e-01 9.987125000000000030e-01 9.986625000000000085e-01 9.987749999999999684e-01 9.983374999999999888e-01 9.987500000000000266e-01 9.988249999999999629e-01 9.988875000000000393e-01 9.989249999999999519e-01 9.989249999999999519e-01 9.988624999999999865e-01 9.988500000000000156e-01 9.988875000000000393e-01 9.991499999999999826e-01 9.990624999999999645e-01
9.989249999999999519e-01 9.990750000000000464e-01 9.990624999999999645e-01 9.990124999999999700e-01 9.991250000000000409e-01 9.991499999999999826e-01 9.989375000000000338e-01 9.989000000000000101e-01 9.988875000000000393e-01 9.986249999999999849e-01 9.988875000000000393e-01 9.990250000000000519e-01 9.990750000000000464e-01 9.990999999999999881e-01 9.989875000000000282e-01 9.989624999999999755e-01 9.989999999999999991e-01 9.990750000000000464e-01 9.991999999999999771e-01 9.992250000000000298e-01
9.991124999999999590e-01 9.991499999999999826e-01 9.991875000000000062e-01 9.992625000000000535e-01 9.992250000000000298e-01 9.992625000000000535e-01 9.991624999999999535e-01 9.990375000000000227e-01 9.990499999999999936e-01 9.988624999999999865e-01 9.990124999999999700e-01 9.992250000000000298e-01 9.991999999999999771e-01 9.992250000000000298e-01 9.991499999999999826e-01 9.990999999999999881e-01 9.992250000000000298e-01 9.992250000000000298e-01 9.993374999999999897e-01 9.993125000000000480e-01
9.992750000000000243e-01 9.992874999999999952e-01 9.992874999999999952e-01 9.993499999999999606e-01 9.993374999999999897e-01 9.993750000000000133e-01 9.992874999999999952e-01 9.991624999999999535e-01 9.991624999999999535e-01 9.990999999999999881e-01 9.992124999999999480e-01 9.993250000000000188e-01 9.993750000000000133e-01 9.993499999999999606e-01 9.992874999999999952e-01 9.992375000000000007e-01 9.993250000000000188e-01 9.993874999999999842e-01 9.994250000000000078e-01 9.994499999999999496e-01
9.995125000000000259e-01 9.994625000000000314e-01 9.994125000000000369e-01 9.994625000000000314e-01 9.994874999999999732e-01 9.994625000000000314e-01 9.994250000000000078e-01 9.992874999999999952e-01 9.992625000000000535e-01 9.992750000000000243e-01 9.994250000000000078e-01 9.994125000000000369e-01 9.995125000000000259e-01 9.994374999999999787e-01 9.993874999999999842e-01 9.993999999999999551e-01 9.994125000000000369e-01 9.994874999999999732e-01 9.994750000000000023e-01 9.995374999999999677e-01
9.995874999999999622e-01 9.995374999999999677e-01 9.994750000000000023e-01 9.995000000000000551e-01 9.995625000000000204e-01 9.995500000000000496e-01 9.994750000000000023e-01 9.993999999999999551e-01 9.994125000000000369e-01 9.993750000000000133e-01 9.995500000000000496e-01 9.995249999999999968e-01 9.996125000000000149e-01 9.995374999999999677e-01 9.994874999999999732e-01 9.995000000000000551e-01 9.995249999999999968e-01 9.996125000000000149e-01 9.996000000000000441e-01 9.995625000000000204e-01
9.996874999999999512e-01 9.995749999999999913e-01 9.995500000000000496e-01 9.995625000000000204e-01 9.996374999999999567e-01 9.996374999999999567e-01 9.995749999999999913e-01 9.995125000000000259e-01 9.995249999999999968e-01 9.994125000000000369e-01 9.997249999999999748e-01 9.996125000000000149e-01 9.996625000000000094e-01 9.996374999999999567e-01 9.995749999999999913e-01 9.995500000000000496e-01 9.995874999999999622e-01 9.996625000000000094e-01 9.996749999999999803e-01 9.996749999999999803e-01
9.997374999999999456e-01 9.996374999999999567e-01 9.996125000000000149e-01 9.996500000000000385e-01 9.997374999999999456e-01 9.997249999999999748e-01 9.996249999999999858e-01 9.996374999999999567e-01 9.996249999999999858e-01 9.995000000000000551e-01 9.997749999999999693e-01 9.996625000000000094e-01 9.997500000000000275e-01 9.997000000000000330e-01 9.996500000000000385e-01 9.996000000000000441e-01 9.996625000000000094e-01 9.997125000000000039e-01 9.997125000000000039e-01 9.997500000000000275e-01
9.997624999999999984e-01 9.996874999999999512e-01 9.996249999999999858e-01 9.997000000000000330e-01 9.997749999999999693e-01 9.997500000000000275e-01 9.996749999999999803e-01 9.997000000000000330e-01 9.997125000000000039e-01 9.995749999999999913e-01 9.998375000000000457e-01 9.997125000000000039e-01 9.998249999999999638e-01 9.997374999999999456e-01 9.996749999999999803e-01 9.996749999999999803e-01 9.997000000000000330e-01 9.997624999999999984e-01 9.997374999999999456e-01 9.998000000000000220e-01
9.997875000000000512e-01 9.997249999999999748e-01 9.997000000000000330e-01 9.997624999999999984e-01 9.998375000000000457e-01 9.997624999999999984e-01 9.997125000000000039e-01 9.997749999999999693e-01 9.997749999999999693e-01 9.996625000000000094e-01 9.998624999999999874e-01 9.997749999999999693e-01 9.998624999999999874e-01 9.997749999999999693e-01 9.997374999999999456e-01 9.997249999999999748e-01 9.997249999999999748e-01 9.998249999999999638e-01 9.997875000000000512e-01 9.998500000000000165e-01
9.998000000000000220e-01 9.997875000000000512e-01 9.997249999999999748e-01 9.998249999999999638e-01 9.998375000000000457e-01 9.997749999999999693e-01 9.997500000000000275e-01 9.998249999999999638e-01 9.998249999999999638e-01 9.997125000000000039e-01 9.998875000000000401e-01 9.997875000000000512e-01 9.998875000000000401e-01 9.998124999999999929e-01 9.997875000000000512e-01 9.997624999999999984e-01 9.998375000000000457e-01 9.998624999999999874e-01 9.998124999999999929e-01 9.998875000000000401e-01
9.998375000000000457e-01 9.998500000000000165e-01 9.997749999999999693e-01 9.998624999999999874e-01 9.998624999999999874e-01 9.998124999999999929e-01 9.997875000000000512e-01 9.998375000000000457e-01 9.998500000000000165e-01 9.997624999999999984e-01 9.999000000000000110e-01 9.998000000000000220e-01 9.999000000000000110e-01 9.998500000000000165e-01 9.998249999999999638e-01 9.997875000000000512e-01 9.998875000000000401e-01 9.998875000000000401e-01 9.998249999999999638e-01 9.999000000000000110e-01
9.999000000000000110e-01 9.999000000000000110e-01 9.998124999999999929e-01 9.998875000000000401e-01 9.999249999999999527e-01 9.998249999999999638e-01 9.998249999999999638e-01 9.998624999999999874e-01 9.999249999999999527e-01 9.998000000000000220e-01 9.999249999999999527e-01 9.998749999999999583e-01 9.999375000000000346e-01 9.998875000000000401e-01 9.998500000000000165e-01 9.998000000000000220e-01 9.999000000000000110e-01 9.999124999999999819e-01 9.998375000000000457e-01 9.999000000000000110e-01
9.999249999999999527e-01 9.999124999999999819e-01 9.998500000000000165e-01 9.999000000000000110e-01 9.999249999999999527e-01 9.998500000000000165e-01 9.998375000000000457e-01 9.999000000000000110e-01 9.999375000000000346e-01 9.998249999999999638e-01 9.999375000000000346e-01 9.998749999999999583e-01 9.999500000000000055e-01 9.999000000000000110e-01 9.998749999999999583e-01 9.998375000000000457e-01 9.999124999999999819e-01 9.999249999999999527e-01 9.998624999999999874e-01 9.999249999999999527e-01
9.999500000000000055e-01 9.999249999999999527e-01 9.998500000000000165e-01 9.999249999999999527e-01 9.999375000000000346e-01 9.999124999999999819e-01 9.998749999999999583e-01 9.999000000000000110e-01 9.999624999999999764e-01 9.998749999999999583e-01 9.999749999999999472e-01 9.998875000000000401e-01 9.999875000000000291e-01 9.999375000000000346e-01 9.998875000000000401e-01 9.999000000000000110e-01 9.999124999999999819e-01 9.999375000000000346e-01 9.998875000000000401e-01 9.999249999999999527e-01
9.999500000000000055e-01 9.999249999999999527e-01 9.998749999999999583e-01 9.999375000000000346e-01 9.999500000000000055e-01 9.999249999999999527e-01 9.999000000000000110e-01 9.999124999999999819e-01 9.999624999999999764e-01 9.998749999999999583e-01 9.999749999999999472e-01 9.999000000000000110e-01 9.999875000000000291e-01 9.999375000000000346e-01 9.999249999999999527e-01 9.999375000000000346e-01 9.999624999999999764e-01 9.999500000000000055e-01 9.999000000000000110e-01 9.999500000000000055e-01
9.999624999999999764e-01 9.999500000000000055e-01 9.999000000000000110e-01 9.999375000000000346e-01 9.999500000000000055e-01 9.999375000000000346e-01 9.999249999999999527e-01 9.999124999999999819e-01 9.999875000000000291e-01 9.999124999999999819e-01 9.999875000000000291e-01 9.999124999999999819e-01 9.999875000000000291e-01 9.999375000000000346e-01 9.999375000000000346e-01 9.999375000000000346e-01 9.999624999999999764e-01 9.999500000000000055e-01 9.999249999999999527e-01 9.999500000000000055e-01
9.999624999999999764e-01 9.999624999999999764e-01 9.999124999999999819e-01 9.999500000000000055e-01 9.999624999999999764e-01 9.999500000000000055e-01 9.999624999999999764e-01 9.999375000000000346e-01 1.000000000000000000e+00 9.999500000000000055e-01 9.999875000000000291e-01 9.999249999999999527e-01 1.000000000000000000e+00 9.999624999999999764e-01 9.999500000000000055e-01 9.999500000000000055e-01 9.999749999999999472e-01 9.999624999999999764e-01 9.999375000000000346e-01 9.999624999999999764e-01
9.999749999999999472e-01 1.000000000000000000e+00 9.999124999999999819e-01 9.999500000000000055e-01 9.999749999999999472e-01 9.999500000000000055e-01 9.999749999999999472e-01 9.999624999999999764e-01 1.000000000000000000e+00 9.999875000000000291e-01 9.999875000000000291e-01 9.999500000000000055e-01 1.000000000000000000e+00 9.999749999999999472e-01 9.999624999999999764e-01 9.999500000000000055e-01 9.999875000000000291e-01 9.999624999999999764e-01 9.999375000000000346e-01 9.999624999999999764e-01
9.999749999999999472e-01 1.000000000000000000e+00 9.999124999999999819e-01 9.999500000000000055e-01 9.999749999999999472e-01 9.999500000000000055e-01 9.999749999999999472e-01 9.999624999999999764e-01 1.000000000000000000e+00 9.999875000000000291e-01 9.999875000000000291e-01 9.999624999999999764e-01 1.000000000000000000e+00 9.999749999999999472e-01 9.999624999999999764e-01 9.999500000000000055e-01 9.999875000000000291e-01 9.999624999999999764e-01 9.999375000000000346e-01 9.999624999999999764e-01
9.999749999999999472e-01 1.000000000000000000e+00 9.999500000000000055e-01 9.999624999999999764e-01 9.999749999999999472e-01 9.999749999999999472e-01 9.999875000000000291e-01 9.999624999999999764e-01 1.000000000000000000e+00 1.000000000000000000e+00 9.999875000000000291e-01 9.999749999999999472e-01 1.000000000000000000e+00 9.999875000000000291e-01 9.999749999999999472e-01 9.999624999999999764e-01 1.000000000000000000e+00 9.999875000000000291e-01 9.999375000000000346e-01 9.999624999999999764e-01
9.999749999999999472e-01 1.000000000000000000e+00 9.999500000000000055e-01 9.999624999999999764e-01 9.999749999999999472e-01 9.999749999999999472e-01 9.999875000000000291e-01 9.999624999999999764e-01 1.000000000000000000e+00 1.000000000000000000e+00 9.999875000000000291e-01 9.999749999999999472e-01 1.000000000000000000e+00 9.999875000000000291e-01 9.999749999999999472e-01 9.999624999999999764e-01 1.000000000000000000e+00 9.999875000000000291e-01 9.999375000000000346e-01 9.999624999999999764e-01
9.999875000000000291e-01 1.000000000000000000e+00 9.999749999999999472e-01 9.999749999999999472e-01 9.999875000000000291e-01 1.000000000000000000e+00 9.999875000000000291e-01 9.999749999999999472e-01 1.000000000000000000e+00 1.000000000000000000e+00 1.000000000000000000e+00 9.999749999999999472e-01 1.000000000000000000e+00 9.999875000000000291e-01 9.999875000000000291e-01 1.000000000000000000e+00 1.000000000000000000e+00 1.000000000000000000e+00 9.999500000000000055e-01 9.999875000000000291e-01
9.999875000000000291e-01 1.000000000000000000e+00 9.999749999999999472e-01 9.999749999999999472e-01 9.999875000000000291e-01 1.000000000000000000e+00 9.999875000000000291e-01 9.999749999999999472e-01 1.000000000000000000e+00 1.000000000000000000e+00 1.000000000000000000e+00 9.999749999999999472e-01 1.000000000000000000e+00 9.999875000000000291e-01 9.999875000000000291e-01 1.000000000000000000e+00 1.000000000000000000e+00 1.000000000000000000e+00 9.999500000000000055e-01 9.999875000000000291e-01
9.999875000000000291e-01 1.000000000000000000e+00 9.999749999999999472e-01 9.999749999999999472e-01 9.999875000000000291e-01 1.000000000000000000e+00 9.999875000000000291e-01 9.999749999999999472e-01 1.000000000000000000e+00 1.000000000000000000e+00 1.000000000000000000e+00 9.999749999999999472e-01 1.000000000000000000e+00 9.999875000000000291e-01 9.999875000000000291e-01 1.000000000000000000e+00 1.000000000000000000e+00 1.000000000000000000e+00 9.999500000000000055e-01 9.999875000000000291e-01
9.999875000000000291e-01 1.000000000000000000e+00 9.999749999999999472e-01 9.999749999999999472e-01 9.999875000000000291e-01 1.000000000000000000e+00 9.999875000000000291e-01 9.999749999999999472e-01 1.000000000000000000e+00 1.000000000000000000e+00 1.000000000000000000e+00 9.999749999999999472e-01 1.000000000000000000e+00 9.999875000000000291e-01 9.999875000000000291e-01 1.000000000000000000e+00 1.000000000000000000e+00 1.000000000000000000e+00 9.999500000000000055e-01 9.999875000000000291e-01
1.000000000000000000e+00 1.000000000000000000e+00 1.000000000000000000e+00 1.000000000000000000e+00 1.000000000000000000e+00 1.000000000000000000e+00 1.000000000000000000e+00 1.000000000000000000e+00 1.000000000000000000e+00 1.000000000000000000e+00 1.000000000000000000e+00 1.000000000000000000e+00 1.000000000000000000e+00 1.000000000000000000e+00 1.000000000000000000e+00 1.000000000000000000e+00 1.000000000000000000e+00 1.000000000000000000e+00 1.000000000000000000e+00 1.000000000000000000e+00
1.000000000000000000e+00 1.000000000000000000e+00 1.000000000000000000e+00 1.000000000000000000e+00 1.000000000000000000e+00 1.000000000000000000e+00 1.000000000000000000e+00 1.000000000000000000e+00 1.000000000000000000e+00 1.000000000000000000e+00 1.000000000000000000e+00 1.000000000000000000e+00 1.000000000000000000e+00 1.000000000000000000e+00 1.000000000000000000e+00 1.000000000000000000e+00 1.000000000000000000e+00 1.000000000000000000e+00 1.000000000000000000e+00 1.000000000000000000e+00
