7.016621270781815602e-04 7.365134246351720234e-04 7.730957732130631400e-04 8.114951534738963201e-04 8.518018167072998912e-04 8.941104969509800849e-04 9.385206336471497036e-04 9.851366053582289936e-04 1.034067975091111430e-03 1.085429747806598713e-03 1.139342640719231579e-03 1.195933367022817455e-03 1.255334933708490610e-03 1.317686954175293886e-03 1.383135976368009192e-03 1.451835827213469876e-03 1.523947974164901846e-03 1.599641904704031696e-03 1.679095524692928235e-03 1.762495576511834573e-03
9.521749999999999936e-01 9.523374999999999480e-01 9.525124999999999842e-01 9.532000000000000473e-01 9.533625000000000016e-01 9.534875000000000433e-01 9.539750000000000174e-01 9.542500000000000426e-01 9.546249999999999458e-01 9.550374999999999837e-01 9.550999999999999490e-01 9.553374999999999506e-01 9.552249999999999908e-01 9.553749999999999742e-01 9.555000000000000160e-01 9.560250000000000137e-01 9.554875000000000451e-01 9.556999999999999940e-01 9.558124999999999538e-01 9.555500000000000105e-01
9.539625000000000465e-01 9.538624999999999465e-01 9.542125000000000190e-01 9.547750000000000403e-01 9.551874999999999671e-01 9.552625000000000144e-01 9.555124999999999869e-01 9.559125000000000538e-01 9.563749999999999751e-01 9.565000000000000169e-01 9.568624999999999492e-01 9.573749999999999760e-01 9.571625000000000272e-01 9.571625000000000272e-01 9.574749999999999650e-01 9.578375000000000083e-01 9.573000000000000398e-01 9.574249999999999705e-01 9.576000000000000068e-01 9.576375000000000304e-01
9.543749999999999734e-01 9.542749999999999844e-01 9.546124999999999750e-01 9.553000000000000380e-01 9.558499999999999774e-01 9.558624999999999483e-01 9.559999999999999609e-01 9.566375000000000295e-01 9.569374999999999964e-01 9.570999999999999508e-01 9.575000000000000178e-01 9.580125000000000446e-01 9.577875000000000139e-01 9.578250000000000375e-01 9.581874999999999698e-01 9.584375000000000533e-01 9.581250000000000044e-01 9.581625000000000281e-01 9.583749999999999769e-01 9.583874999999999478e-01
9.544875000000000442e-01 9.545124999999999860e-01 9.548624999999999474e-01 9.555624999999999813e-01 9.560250000000000137e-01 9.561500000000000554e-01 9.563625000000000043e-01 9.568624999999999492e-01 9.572374999999999634e-01 9.574624999999999941e-01 9.577999999999999847e-01 9.583625000000000060e-01 9.582500000000000462e-01 9.582125000000000226e-01 9.584500000000000242e-01 9.587124999999999675e-01 9.584875000000000478e-01 9.586375000000000313e-01 9.588250000000000384e-01 9.587875000000000147e-01
9.545624999999999805e-01 9.545749999999999513e-01 9.549250000000000238e-01 9.556499999999999995e-01 9.560999999999999499e-01 9.562749999999999861e-01 9.564749999999999641e-01 9.570374999999999854e-01 9.574249999999999705e-01 9.576500000000000012e-01 9.579625000000000501e-01 9.585375000000000423e-01 9.583125000000000115e-01 9.583749999999999769e-01 9.586750000000000549e-01 9.589625000000000510e-01 9.587624999999999620e-01 9.588250000000000384e-01 9.590374999999999872e-01 9.589750000000000218e-01
9.546249999999999458e-01 9.546249999999999458e-01 9.549750000000000183e-01 9.556999999999999940e-01 9.562000000000000499e-01 9.563500000000000334e-01 9.566249999999999476e-01 9.571374999999999744e-01 9.575500000000000123e-01 9.577250000000000485e-01 9.580250000000000155e-01 9.586500000000000021e-01 9.583625000000000060e-01 9.584624999999999950e-01 9.588250000000000384e-01 9.591125000000000345e-01 9.588999999999999746e-01 9.589750000000000218e-01 9.591250000000000053e-01 9.591374999999999762e-01
9.546624999999999694e-01 9.547124999999999639e-01 9.550250000000000128e-01 9.557250000000000467e-01 9.563374999999999515e-01 9.565000000000000169e-01 9.566999999999999948e-01 9.572000000000000508e-01 9.576124999999999776e-01 9.577999999999999847e-01 9.580750000000000099e-01 9.587124999999999675e-01 9.585000000000000187e-01 9.586249999999999494e-01 9.589625000000000510e-01 9.592374999999999652e-01 9.589874999999999927e-01 9.590750000000000108e-01 9.592874999999999597e-01 9.592749999999999888e-01
9.546750000000000513e-01 9.547750000000000403e-01 9.550999999999999490e-01 9.558750000000000302e-01 9.564500000000000224e-01 9.565875000000000350e-01 9.567875000000000130e-01 9.572500000000000453e-01 9.576500000000000012e-01 9.578499999999999792e-01 9.581625000000000281e-01 9.588250000000000384e-01 9.586249999999999494e-01 9.587124999999999675e-01 9.590374999999999872e-01 9.592749999999999888e-01 9.590750000000000108e-01 9.591625000000000290e-01 9.594000000000000306e-01 9.593749999999999778e-01
9.547250000000000458e-01 9.548250000000000348e-01 9.551874999999999671e-01 9.559750000000000192e-01 9.565500000000000114e-01 9.566624999999999712e-01 9.568250000000000366e-01 9.572874999999999579e-01 9.577124999999999666e-01 9.579124999999999446e-01 9.582625000000000171e-01 9.589374999999999982e-01 9.587250000000000494e-01 9.587624999999999620e-01 9.590999999999999526e-01 9.593625000000000069e-01 9.591874999999999707e-01 9.592625000000000179e-01 9.595000000000000195e-01 9.595000000000000195e-01
9.547999999999999821e-01 9.549499999999999655e-01 9.553625000000000034e-01 9.561125000000000318e-01 9.566624999999999712e-01 9.566999999999999948e-01 9.568624999999999492e-01 9.573374999999999524e-01 9.578124999999999556e-01 9.580374999999999863e-01 9.583249999999999824e-01 9.590250000000000163e-01 9.587624999999999620e-01 9.588375000000000092e-01 9.591874999999999707e-01 9.594624999999999959e-01 9.592749999999999888e-01 9.593500000000000361e-01 9.596124999999999794e-01 9.596000000000000085e-01
9.549499999999999655e-01 9.550499999999999545e-01 9.554749999999999632e-01 9.562000000000000499e-01 9.566875000000000240e-01 9.567124999999999657e-01 9.569625000000000492e-01 9.574000000000000288e-01 9.578624999999999501e-01 9.580750000000000099e-01 9.584500000000000242e-01 9.590625000000000400e-01 9.588250000000000384e-01 9.589124999999999455e-01 9.592749999999999888e-01 9.595624999999999849e-01 9.593500000000000361e-01 9.594249999999999723e-01 9.596999999999999975e-01 9.598250000000000393e-01
9.550625000000000364e-01 9.551125000000000309e-01 9.555624999999999813e-01 9.562625000000000153e-01 9.567124999999999657e-01 9.568124999999999547e-01 9.570374999999999854e-01 9.574500000000000233e-01 9.578999999999999737e-01 9.581874999999999698e-01 9.585000000000000187e-01 9.591125000000000345e-01 9.588875000000000037e-01 9.589874999999999927e-01 9.593500000000000361e-01 9.596124999999999794e-01 9.594000000000000306e-01 9.595000000000000195e-01 9.597999999999999865e-01 9.599750000000000227e-01
9.551500000000000545e-01 9.552000000000000490e-01 9.556375000000000286e-01 9.563374999999999515e-01 9.568375000000000075e-01 9.568875000000000020e-01 9.571499999999999453e-01 9.575124999999999886e-01 9.579750000000000210e-01 9.582000000000000517e-01 9.585500000000000131e-01 9.591625000000000290e-01 9.589750000000000218e-01 9.590625000000000400e-01 9.594000000000000306e-01 9.596875000000000266e-01 9.594500000000000250e-01 9.595875000000000377e-01 9.599250000000000282e-01 9.601750000000000007e-01
9.552874999999999561e-01 9.553000000000000380e-01 9.557124999999999648e-01 9.564124999999999988e-01 9.568999999999999728e-01 9.569999999999999618e-01 9.572374999999999634e-01 9.576000000000000068e-01 9.580499999999999572e-01 9.582874999999999588e-01 9.586000000000000076e-01 9.592500000000000471e-01 9.590125000000000455e-01 9.591125000000000345e-01 9.594749999999999668e-01 9.597375000000000211e-01 9.595624999999999849e-01 9.597375000000000211e-01 9.600874999999999826e-01 9.603249999999999842e-01
9.553500000000000325e-01 9.553874999999999451e-01 9.557999999999999829e-01 9.565124999999999877e-01 9.569874999999999909e-01 9.570374999999999854e-01 9.572874999999999579e-01 9.576875000000000249e-01 9.581374999999999753e-01 9.583374999999999533e-01 9.586624999999999730e-01 9.592749999999999888e-01 9.590874999999999817e-01 9.591874999999999707e-01 9.595624999999999849e-01 9.598250000000000393e-01 9.597375000000000211e-01 9.598750000000000338e-01 9.602125000000000243e-01 9.604125000000000023e-01
9.554124999999999979e-01 9.555375000000000396e-01 9.558624999999999483e-01 9.566375000000000295e-01 9.570874999999999799e-01 9.571374999999999744e-01 9.573874999999999469e-01 9.577999999999999847e-01 9.581749999999999989e-01 9.584000000000000297e-01 9.587124999999999675e-01 9.593500000000000361e-01 9.591874999999999707e-01 9.593249999999999833e-01 9.596624999999999739e-01 9.599374999999999991e-01 9.598624999999999519e-01 9.600250000000000172e-01 9.603500000000000369e-01 9.605875000000000385e-01
9.555249999999999577e-01 9.556375000000000286e-01 9.559499999999999664e-01 9.567375000000000185e-01 9.571874999999999689e-01 9.572374999999999634e-01 9.575124999999999886e-01 9.578750000000000320e-01 9.582625000000000171e-01 9.584500000000000242e-01 9.588375000000000092e-01 9.594500000000000250e-01 9.592625000000000179e-01 9.594125000000000014e-01 9.597750000000000448e-01 9.600374999999999881e-01 9.599499999999999700e-01 9.601499999999999480e-01 9.605249999999999622e-01 9.607250000000000512e-01
9.556375000000000286e-01 9.557375000000000176e-01 9.560499999999999554e-01 9.568250000000000366e-01 9.572749999999999870e-01 9.573374999999999524e-01 9.575375000000000414e-01 9.579625000000000501e-01 9.583374999999999533e-01 9.585624999999999840e-01 9.589625000000000510e-01 9.595375000000000432e-01 9.593749999999999778e-01 9.595124999999999904e-01 9.598750000000000338e-01 9.600874999999999826e-01 9.600625000000000409e-01 9.602874999999999606e-01 9.606249999999999512e-01 9.608999999999999764e-01
9.557999999999999829e-01 9.558375000000000066e-01 9.561625000000000263e-01 9.568750000000000311e-01 9.573625000000000052e-01 9.574000000000000288e-01 9.576000000000000068e-01 9.580499999999999572e-01 9.585000000000000187e-01 9.586750000000000549e-01 9.590874999999999817e-01 9.596500000000000030e-01 9.594624999999999959e-01 9.595875000000000377e-01 9.599750000000000227e-01 9.602249999999999952e-01 9.602749999999999897e-01 9.604249999999999732e-01 9.607624999999999638e-01 9.610874999999999835e-01
9.559374999999999956e-01 9.559499999999999664e-01 9.562500000000000444e-01 9.569750000000000201e-01 9.574249999999999705e-01 9.575000000000000178e-01 9.576875000000000249e-01 9.581749999999999989e-01 9.586249999999999494e-01 9.587624999999999620e-01 9.592625000000000179e-01 9.597499999999999920e-01 9.595375000000000432e-01 9.596875000000000266e-01 9.600625000000000409e-01 9.604000000000000314e-01 9.604125000000000023e-01 9.605875000000000385e-01 9.609250000000000291e-01 9.612749999999999906e-01
9.560750000000000082e-01 9.560625000000000373e-01 9.563749999999999751e-01 9.570374999999999854e-01 9.575500000000000123e-01 9.575875000000000359e-01 9.577624999999999611e-01 9.583749999999999769e-01 9.587250000000000494e-01 9.589625000000000510e-01 9.593500000000000361e-01 9.597999999999999865e-01 9.596249999999999503e-01 9.597750000000000448e-01 9.602374999999999661e-01 9.605624999999999858e-01 9.605375000000000441e-01 9.607375000000000220e-01 9.610874999999999835e-01 9.614500000000000268e-01
9.562374999999999625e-01 9.562625000000000153e-01 9.565500000000000114e-01 9.571874999999999689e-01 9.576500000000000012e-01 9.577750000000000430e-01 9.579625000000000501e-01 9.584749999999999659e-01 9.589124999999999455e-01 9.590999999999999526e-01 9.594375000000000542e-01 9.599124999999999464e-01 9.596999999999999975e-01 9.599499999999999700e-01 9.603749999999999787e-01 9.606749999999999456e-01 9.606624999999999748e-01 9.609124999999999472e-01 9.612874999999999615e-01 9.616375000000000339e-01
9.564249999999999696e-01 9.564000000000000279e-01 9.566750000000000531e-01 9.572874999999999579e-01 9.578250000000000375e-01 9.578999999999999737e-01 9.580874999999999808e-01 9.586124999999999785e-01 9.590499999999999581e-01 9.592500000000000471e-01 9.595875000000000377e-01 9.599999999999999645e-01 9.598499999999999810e-01 9.600750000000000117e-01 9.605124999999999913e-01 9.607875000000000165e-01 9.608750000000000346e-01 9.610750000000000126e-01 9.615249999999999631e-01 9.618124999999999591e-01
9.566375000000000295e-01 9.565000000000000169e-01 9.567999999999999838e-01 9.575124999999999886e-01 9.579999999999999627e-01 9.580750000000000099e-01 9.582500000000000462e-01 9.587624999999999620e-01 9.591874999999999707e-01 9.593749999999999778e-01 9.597375000000000211e-01 9.601250000000000062e-01 9.599250000000000282e-01 9.602500000000000480e-01 9.606124999999999803e-01 9.609499999999999709e-01 9.610499999999999599e-01 9.612874999999999615e-01 9.616500000000000048e-01 9.620499999999999607e-01
9.568250000000000366e-01 9.566750000000000531e-01 9.570625000000000382e-01 9.577624999999999611e-01 9.581374999999999753e-01 9.582625000000000171e-01 9.583874999999999478e-01 9.588624999999999510e-01 9.593500000000000361e-01 9.595624999999999849e-01 9.598624999999999519e-01 9.602874999999999606e-01 9.601750000000000007e-01 9.604000000000000314e-01 9.608124999999999583e-01 9.611250000000000071e-01 9.611874999999999725e-01 9.614374999999999449e-01 9.619124999999999481e-01 9.623500000000000387e-01
9.570250000000000146e-01 9.569625000000000492e-01 9.573374999999999524e-01 9.580125000000000446e-01 9.584125000000000005e-01 9.584125000000000005e-01 9.585500000000000131e-01 9.589999999999999636e-01 9.595624999999999849e-01 9.596749999999999448e-01 9.600874999999999826e-01 9.605000000000000204e-01 9.602874999999999606e-01 9.606124999999999803e-01 9.609625000000000528e-01 9.612500000000000488e-01 9.613374999999999559e-01 9.616500000000000048e-01 9.622374999999999678e-01 9.625375000000000458e-01
9.572874999999999579e-01 9.572374999999999634e-01 9.575875000000000359e-01 9.582749999999999879e-01 9.586624999999999730e-01 9.585749999999999549e-01 9.587375000000000203e-01 9.592374999999999652e-01 9.596999999999999975e-01 9.599374999999999991e-01 9.602749999999999897e-01 9.606124999999999803e-01 9.604875000000000496e-01 9.608250000000000401e-01 9.610750000000000126e-01 9.614000000000000323e-01 9.616375000000000339e-01 9.619999999999999662e-01 9.624374999999999458e-01 9.629874999999999963e-01
9.576000000000000068e-01 9.574875000000000469e-01 9.579625000000000501e-01 9.585375000000000423e-01 9.589499999999999691e-01 9.587750000000000439e-01 9.589625000000000510e-01 9.594375000000000542e-01 9.599250000000000282e-01 9.600750000000000117e-01 9.604875000000000496e-01 9.608499999999999819e-01 9.606624999999999748e-01 9.610125000000000473e-01 9.613000000000000433e-01 9.615875000000000394e-01 9.619625000000000536e-01 9.622500000000000497e-01 9.627999999999999892e-01 9.632749999999999924e-01
9.578499999999999792e-01 9.577875000000000139e-01 9.582125000000000226e-01 9.588999999999999746e-01 9.592374999999999652e-01 9.590250000000000163e-01 9.592374999999999652e-01 9.596999999999999975e-01 9.601125000000000353e-01 9.603000000000000425e-01 9.606875000000000275e-01 9.610250000000000181e-01 9.609250000000000291e-01 9.613125000000000142e-01 9.614374999999999449e-01 9.618624999999999536e-01 9.622125000000000261e-01 9.626249999999999529e-01 9.631125000000000380e-01 9.635875000000000412e-01
9.582625000000000171e-01 9.581749999999999989e-01 9.585875000000000368e-01 9.591250000000000053e-01 9.595500000000000140e-01 9.593374999999999542e-01 9.595124999999999904e-01 9.598999999999999755e-01 9.603874999999999496e-01 9.605249999999999622e-01 9.609375000000000000e-01 9.612125000000000252e-01 9.611499999999999488e-01 9.615375000000000449e-01 9.616875000000000284e-01 9.621874999999999734e-01 9.625375000000000458e-01 9.630125000000000490e-01 9.634000000000000341e-01 9.639124999999999499e-01
9.586500000000000021e-01 9.585500000000000131e-01 9.590125000000000455e-01 9.594624999999999959e-01 9.599625000000000519e-01 9.595500000000000140e-01 9.599625000000000519e-01 9.602874999999999606e-01 9.606000000000000094e-01 9.607499999999999929e-01 9.611625000000000307e-01 9.614249999999999741e-01 9.614624999999999977e-01 9.617875000000000174e-01 9.620750000000000135e-01 9.625749999999999584e-01 9.628875000000000073e-01 9.633749999999999813e-01 9.637875000000000192e-01 9.641374999999999806e-01
9.591250000000000053e-01 9.589499999999999691e-01 9.594500000000000250e-01 9.598624999999999519e-01 9.602625000000000188e-01 9.599874999999999936e-01 9.603874999999999496e-01 9.605375000000000441e-01 9.609250000000000291e-01 9.611499999999999488e-01 9.614125000000000032e-01 9.617375000000000229e-01 9.618250000000000410e-01 9.621125000000000371e-01 9.624749999999999694e-01 9.629625000000000545e-01 9.633249999999999869e-01 9.637999999999999901e-01 9.640625000000000444e-01 9.644749999999999712e-01
9.596375000000000322e-01 9.594000000000000306e-01 9.598499999999999810e-01 9.603374999999999551e-01 9.606749999999999456e-01 9.603625000000000078e-01 9.608124999999999583e-01 9.608499999999999819e-01 9.612249999999999961e-01 9.614500000000000268e-01 9.616999999999999993e-01 9.620750000000000135e-01 9.620999999999999552e-01 9.625249999999999639e-01 9.628999999999999782e-01 9.633374999999999577e-01 9.637124999999999719e-01 9.641125000000000389e-01 9.644625000000000004e-01 9.648499999999999854e-01
9.601874999999999716e-01 9.599250000000000282e-01 9.604125000000000023e-01 9.608624999999999527e-01 9.611125000000000362e-01 9.609499999999999709e-01 9.611750000000000016e-01 9.613000000000000433e-01 9.616000000000000103e-01 9.617375000000000229e-01 9.621625000000000316e-01 9.624125000000000041e-01 9.624875000000000513e-01 9.629874999999999963e-01 9.633500000000000396e-01 9.637999999999999901e-01 9.640874999999999861e-01 9.644500000000000295e-01 9.648499999999999854e-01 9.650625000000000453e-01
9.606624999999999748e-01 9.606249999999999512e-01 9.609625000000000528e-01 9.615500000000000158e-01 9.617124999999999702e-01 9.613749999999999796e-01 9.615749999999999575e-01 9.618624999999999536e-01 9.619999999999999662e-01 9.622625000000000206e-01 9.626500000000000057e-01 9.628624999999999545e-01 9.629999999999999671e-01 9.634624999999999995e-01 9.639625000000000554e-01 9.641999999999999460e-01 9.644875000000000531e-01 9.649624999999999453e-01 9.651625000000000343e-01 9.654500000000000304e-01
9.614249999999999741e-01 9.611874999999999725e-01 9.617624999999999647e-01 9.620625000000000426e-01 9.623874999999999513e-01 9.618624999999999536e-01 9.621625000000000316e-01 9.623874999999999513e-01 9.625124999999999931e-01 9.627250000000000529e-01 9.630999999999999561e-01 9.633125000000000160e-01 9.635624999999999885e-01 9.639874999999999972e-01 9.644249999999999767e-01 9.646124999999999838e-01 9.649874999999999980e-01 9.654125000000000068e-01 9.655500000000000194e-01 9.659499999999999753e-01
9.621499999999999497e-01 9.619250000000000300e-01 9.624500000000000277e-01 9.627499999999999947e-01 9.628375000000000128e-01 9.624749999999999694e-01 9.627000000000000002e-01 9.628999999999999782e-01 9.630499999999999616e-01 9.632749999999999924e-01 9.635875000000000412e-01 9.638250000000000428e-01 9.640374999999999917e-01 9.645875000000000421e-01 9.649624999999999453e-01 9.650999999999999579e-01 9.655000000000000249e-01 9.658124999999999627e-01 9.660750000000000171e-01 9.665500000000000203e-01
9.628750000000000364e-01 9.627999999999999892e-01 9.632500000000000506e-01 9.635249999999999648e-01 9.635124999999999940e-01 9.630750000000000144e-01 9.634125000000000050e-01 9.635249999999999648e-01 9.636624999999999774e-01 9.638624999999999554e-01 9.642125000000000279e-01 9.643625000000000114e-01 9.647499999999999964e-01 9.652874999999999650e-01 9.654500000000000304e-01 9.657124999999999737e-01 9.660625000000000462e-01 9.663125000000000187e-01 9.667124999999999746e-01 9.670374999999999943e-01
9.638124999999999609e-01 9.636249999999999538e-01 9.641374999999999806e-01 9.642249999999999988e-01 9.643000000000000460e-01 9.637999999999999901e-01 9.640999999999999570e-01 9.641874999999999751e-01 9.643625000000000114e-01 9.645249999999999657e-01 9.648124999999999618e-01 9.651999999999999469e-01 9.654374999999999485e-01 9.658375000000000155e-01 9.661499999999999533e-01 9.662749999999999950e-01 9.666000000000000147e-01 9.669624999999999471e-01 9.673625000000000140e-01 9.675875000000000448e-01
9.645875000000000421e-01 9.644875000000000531e-01 9.650125000000000508e-01 9.649624999999999453e-01 9.650499999999999634e-01 9.644875000000000531e-01 9.647875000000000201e-01 9.648875000000000091e-01 9.650750000000000162e-01 9.652374999999999705e-01 9.656000000000000139e-01 9.658375000000000155e-01 9.661125000000000407e-01 9.665375000000000494e-01 9.668624999999999581e-01 9.669874999999999998e-01 9.672749999999999959e-01 9.677375000000000282e-01 9.679250000000000353e-01 9.682125000000000314e-01
9.655624999999999902e-01 9.654500000000000304e-01 9.658750000000000391e-01 9.656500000000000083e-01 9.658499999999999863e-01 9.654374999999999485e-01 9.655375000000000485e-01 9.657000000000000028e-01 9.657875000000000210e-01 9.659874999999999989e-01 9.663374999999999604e-01 9.667499999999999982e-01 9.667999999999999927e-01 9.673249999999999904e-01 9.676000000000000156e-01 9.676000000000000156e-01 9.680999999999999606e-01 9.683874999999999567e-01 9.684749999999999748e-01 9.689250000000000362e-01
9.664749999999999730e-01 9.664749999999999730e-01 9.667375000000000274e-01 9.666375000000000384e-01 9.667499999999999982e-01 9.662374999999999714e-01 9.663749999999999840e-01 9.665624999999999911e-01 9.666249999999999565e-01 9.669375000000000053e-01 9.671750000000000069e-01 9.675249999999999684e-01 9.675624999999999920e-01 9.680999999999999606e-01 9.683625000000000149e-01 9.683625000000000149e-01 9.688999999999999835e-01 9.690125000000000544e-01 9.691874999999999796e-01 9.696124999999999883e-01
9.675875000000000448e-01 9.675124999999999975e-01 9.676749999999999519e-01 9.676124999999999865e-01 9.678124999999999645e-01 9.672250000000000014e-01 9.672500000000000542e-01 9.673249999999999904e-01 9.676000000000000156e-01 9.678499999999999881e-01 9.680750000000000188e-01 9.683874999999999567e-01 9.685124999999999984e-01 9.690750000000000197e-01 9.691499999999999559e-01 9.692625000000000268e-01 9.698124999999999662e-01 9.697750000000000536e-01 9.700125000000000552e-01 9.705249999999999710e-01
9.687000000000000055e-01 9.685875000000000457e-01 9.688124999999999654e-01 9.685624999999999929e-01 9.688250000000000473e-01 9.683374999999999622e-01 9.682125000000000314e-01 9.682500000000000551e-01 9.685749999999999638e-01 9.689124999999999543e-01 9.690874999999999906e-01 9.694374999999999520e-01 9.694500000000000339e-01 9.699250000000000371e-01 9.700625000000000497e-01 9.701125000000000442e-01 9.704625000000000057e-01 9.706000000000000183e-01 9.708999999999999853e-01 9.712874999999999703e-01
9.697000000000000064e-01 9.697750000000000536e-01 9.698375000000000190e-01 9.697375000000000300e-01 9.699250000000000371e-01 9.693500000000000449e-01 9.692874999999999686e-01 9.692499999999999449e-01 9.695624999999999938e-01 9.699250000000000371e-01 9.702250000000000041e-01 9.704125000000000112e-01 9.704749999999999766e-01 9.710499999999999687e-01 9.710374999999999979e-01 9.710999999999999632e-01 9.713500000000000467e-01 9.715000000000000302e-01 9.717750000000000554e-01 9.721999999999999531e-01
9.708124999999999671e-01 9.709124999999999561e-01 9.709124999999999561e-01 9.708999999999999853e-01 9.709124999999999561e-01 9.703625000000000167e-01 9.702125000000000332e-01 9.701999999999999513e-01 9.707750000000000545e-01 9.708499999999999908e-01 9.713249999999999940e-01 9.713500000000000467e-01 9.715000000000000302e-01 9.719499999999999806e-01 9.720124999999999460e-01 9.718624999999999625e-01 9.723625000000000185e-01 9.724125000000000130e-01 9.726624999999999854e-01 9.731999999999999540e-01
9.719499999999999806e-01 9.721374999999999877e-01 9.720750000000000224e-01 9.721499999999999586e-01 9.720124999999999460e-01 9.714374999999999538e-01 9.713749999999999885e-01 9.713374999999999648e-01 9.717875000000000263e-01 9.718750000000000444e-01 9.723625000000000185e-01 9.724374999999999547e-01 9.725624999999999964e-01 9.731250000000000178e-01 9.730374999999999996e-01 9.728250000000000508e-01 9.734374999999999556e-01 9.733625000000000194e-01 9.736875000000000391e-01 9.741750000000000131e-01
9.731874999999999831e-01 9.733000000000000540e-01 9.735000000000000320e-01 9.732750000000000012e-01 9.731625000000000414e-01 9.724249999999999838e-01 9.724374999999999547e-01 9.725624999999999964e-01 9.728750000000000453e-01 9.730750000000000233e-01 9.735125000000000028e-01 9.735125000000000028e-01 9.736749999999999572e-01 9.741874999999999840e-01 9.739499999999999824e-01 9.738499999999999934e-01 9.744874999999999510e-01 9.743249999999999966e-01 9.747249999999999526e-01 9.752250000000000085e-01
9.744000000000000439e-01 9.745125000000000037e-01 9.746624999999999872e-01 9.743874999999999620e-01 9.742625000000000313e-01 9.736749999999999572e-01 9.736249999999999627e-01 9.737124999999999808e-01 9.739750000000000352e-01 9.742625000000000313e-01 9.746000000000000218e-01 9.746875000000000400e-01 9.747875000000000290e-01 9.752125000000000377e-01 9.749875000000000069e-01 9.750375000000000014e-01 9.755249999999999755e-01 9.752999999999999448e-01 9.757624999999999771e-01 9.762750000000000039e-01
9.757124999999999826e-01 9.758875000000000188e-01 9.757749999999999480e-01 9.756375000000000464e-01 9.755000000000000338e-01 9.749375000000000124e-01 9.747749999999999471e-01 9.748499999999999943e-01 9.753374999999999684e-01 9.754249999999999865e-01 9.759124999999999606e-01 9.758375000000000243e-01 9.759499999999999842e-01 9.763249999999999984e-01 9.760124999999999496e-01 9.761750000000000149e-01 9.766375000000000473e-01 9.765000000000000346e-01 9.767375000000000362e-01 9.774374999999999591e-01
9.769375000000000142e-01 9.771874999999999867e-01 9.770999999999999686e-01 9.769624999999999559e-01 9.766375000000000473e-01 9.760999999999999677e-01 9.760999999999999677e-01 9.761125000000000496e-01 9.766249999999999654e-01 9.768875000000000197e-01 9.771125000000000504e-01 9.769750000000000378e-01 9.771374999999999922e-01 9.775500000000000300e-01 9.772499999999999520e-01 9.774500000000000410e-01 9.777124999999999844e-01 9.777624999999999789e-01 9.777875000000000316e-01 9.785875000000000545e-01
9.781499999999999639e-01 9.783874999999999655e-01 9.781999999999999584e-01 9.780624999999999458e-01 9.779750000000000387e-01 9.772625000000000339e-01 9.773374999999999702e-01 9.772125000000000394e-01 9.778499999999999970e-01 9.781874999999999876e-01 9.785000000000000364e-01 9.780874999999999986e-01 9.781874999999999876e-01 9.786249999999999671e-01 9.784000000000000474e-01 9.785249999999999782e-01 9.788999999999999924e-01 9.789250000000000451e-01 9.789875000000000105e-01 9.798249999999999460e-01
9.794749999999999845e-01 9.797124999999999861e-01 9.794000000000000483e-01 9.793500000000000538e-01 9.790624999999999467e-01 9.784749999999999837e-01 9.783874999999999655e-01 9.785875000000000545e-01 9.789999999999999813e-01 9.795374999999999499e-01 9.796875000000000444e-01 9.792374999999999829e-01 9.794374999999999609e-01 9.798875000000000224e-01 9.795625000000000027e-01 9.797249999999999570e-01 9.800124999999999531e-01 9.801125000000000531e-01 9.803125000000000311e-01 9.809375000000000178e-01
9.809124999999999650e-01 9.807749999999999524e-01 9.806000000000000272e-01 9.805749999999999744e-01 9.802999999999999492e-01 9.797375000000000389e-01 9.795249999999999790e-01 9.798499999999999988e-01 9.804374999999999618e-01 9.808375000000000288e-01 9.807375000000000398e-01 9.805249999999999799e-01 9.805249999999999799e-01 9.811374999999999957e-01 9.808875000000000233e-01 9.808375000000000288e-01 9.811250000000000249e-01 9.812374999999999847e-01 9.816749999999999643e-01 9.821750000000000203e-01
9.821374999999999966e-01 9.818999999999999950e-01 9.817375000000000407e-01 9.818000000000000060e-01 9.815125000000000099e-01 9.809499999999999886e-01 9.807624999999999815e-01 9.811750000000000194e-01 9.818500000000000005e-01 9.821250000000000258e-01 9.818500000000000005e-01 9.816875000000000462e-01 9.816124999999999989e-01 9.823250000000000037e-01 9.819875000000000131e-01 9.820250000000000368e-01 9.823749999999999982e-01 9.822999999999999510e-01 9.828624999999999723e-01 9.834125000000000227e-01
9.832625000000000393e-01 9.830624999999999503e-01 9.830750000000000322e-01 9.828875000000000250e-01 9.828249999999999487e-01 9.821250000000000258e-01 9.819624999999999604e-01 9.823749999999999982e-01 9.831625000000000503e-01 9.832250000000000156e-01 9.831250000000000266e-01 9.827749999999999542e-01 9.830375000000000085e-01 9.834374999999999645e-01 9.832625000000000393e-01 9.830875000000000030e-01 9.835125000000000117e-01 9.835374999999999535e-01 9.839875000000000149e-01 9.846375000000000544e-01
9.846000000000000307e-01 9.843250000000000055e-01 9.842874999999999819e-01 9.841999999999999638e-01 9.839124999999999677e-01 9.834500000000000464e-01 9.832499999999999574e-01 9.836249999999999716e-01 9.843750000000000000e-01 9.844000000000000528e-01 9.844000000000000528e-01 9.839250000000000496e-01 9.841124999999999456e-01 9.846875000000000488e-01 9.843499999999999472e-01 9.842750000000000110e-01 9.846249999999999725e-01 9.848624999999999741e-01 9.850875000000000048e-01 9.857000000000000206e-01
9.856749999999999678e-01 9.855000000000000426e-01 9.855125000000000135e-01 9.853625000000000300e-01 9.851250000000000284e-01 9.845874999999999488e-01 9.845125000000000126e-01 9.851124999999999465e-01 9.855874999999999497e-01 9.854374999999999662e-01 9.855000000000000426e-01 9.850750000000000339e-01 9.855000000000000426e-01 9.858749999999999458e-01 9.855249999999999844e-01 9.853750000000000009e-01 9.856500000000000261e-01 9.859999999999999876e-01 9.861999999999999655e-01 9.868875000000000286e-01
9.867749999999999577e-01 9.868249999999999522e-01 9.867000000000000215e-01 9.865874999999999506e-01 9.863374999999999782e-01 9.857375000000000442e-01 9.857249999999999623e-01 9.865125000000000144e-01 9.866875000000000506e-01 9.864249999999999963e-01 9.864000000000000545e-01 9.862250000000000183e-01 9.865625000000000089e-01 9.868999999999999995e-01 9.866624999999999979e-01 9.863750000000000018e-01 9.867624999999999869e-01 9.870124999999999593e-01 9.873625000000000318e-01 9.879375000000000240e-01
9.879875000000000185e-01 9.878875000000000295e-01 9.877875000000000405e-01 9.878624999999999767e-01 9.872750000000000137e-01 9.867375000000000451e-01 9.868124999999999813e-01 9.876249999999999751e-01 9.877749999999999586e-01 9.875874999999999515e-01 9.874874999999999625e-01 9.874625000000000208e-01 9.874749999999999917e-01 9.879375000000000240e-01 9.877249999999999641e-01 9.873874999999999735e-01 9.879000000000000004e-01 9.882374999999999909e-01 9.885500000000000398e-01 9.888124999999999831e-01
9.892125000000000501e-01 9.889124999999999721e-01 9.888249999999999540e-01 9.889750000000000485e-01 9.884249999999999980e-01 9.878500000000000059e-01 9.880124999999999602e-01 9.886875000000000524e-01 9.888624999999999776e-01 9.887624999999999886e-01 9.886500000000000288e-01 9.883999999999999453e-01 9.884125000000000272e-01 9.890124999999999611e-01 9.888000000000000123e-01 9.883750000000000036e-01 9.890750000000000375e-01 9.892625000000000446e-01 9.894749999999999934e-01 9.899000000000000021e-01
9.901750000000000274e-01 9.899750000000000494e-01 9.897624999999999895e-01 9.899250000000000549e-01 9.894500000000000517e-01 9.889250000000000540e-01 9.892250000000000210e-01 9.897624999999999895e-01 9.898749999999999494e-01 9.897749999999999604e-01 9.898000000000000131e-01 9.895374999999999588e-01 9.895125000000000171e-01 9.900750000000000384e-01 9.896500000000000297e-01 9.894374999999999698e-01 9.900624999999999565e-01 9.901750000000000274e-01 9.903125000000000400e-01 9.908124999999999849e-01
9.909375000000000266e-01 9.907875000000000432e-01 9.906500000000000306e-01 9.908749999999999503e-01 9.905000000000000471e-01 9.897749999999999604e-01 9.901624999999999455e-01 9.907249999999999668e-01 9.908124999999999849e-01 9.906625000000000014e-01 9.905749999999999833e-01 9.903250000000000108e-01 9.904500000000000526e-01 9.910750000000000393e-01 9.906249999999999778e-01 9.903125000000000400e-01 9.910875000000000101e-01 9.909750000000000503e-01 9.911999999999999700e-01 9.917124999999999968e-01
9.917875000000000441e-01 9.917249999999999677e-01 9.917000000000000259e-01 9.917749999999999622e-01 9.913125000000000409e-01 9.908500000000000085e-01 9.910875000000000101e-01 9.917124999999999968e-01 9.917000000000000259e-01 9.915625000000000133e-01 9.914250000000000007e-01 9.911375000000000046e-01 9.914125000000000298e-01 9.918875000000000330e-01 9.916125000000000078e-01 9.911874999999999991e-01 9.920499999999999874e-01 9.918124999999999858e-01 9.920499999999999874e-01 9.925749999999999851e-01
9.925874999999999559e-01 9.928124999999999867e-01 9.924625000000000252e-01 9.925374999999999615e-01 9.921999999999999709e-01 9.917624999999999913e-01 9.921375000000000055e-01 9.925000000000000488e-01 9.924625000000000252e-01 9.923125000000000417e-01 9.923750000000000071e-01 9.920124999999999638e-01 9.922625000000000473e-01 9.927000000000000268e-01 9.922750000000000181e-01 9.920875000000000110e-01 9.929875000000000229e-01 9.928000000000000158e-01 9.928500000000000103e-01 9.931875000000000009e-01
9.935125000000000206e-01 9.935125000000000206e-01 9.931499999999999773e-01 9.933250000000000135e-01 9.930875000000000119e-01 9.925500000000000433e-01 9.929375000000000284e-01 9.933999999999999497e-01 9.933499999999999552e-01 9.931750000000000300e-01 9.932750000000000190e-01 9.927749999999999631e-01 9.931499999999999773e-01 9.933874999999999789e-01 9.930124999999999647e-01 9.928749999999999520e-01 9.937249999999999694e-01 9.935125000000000206e-01 9.936249999999999805e-01 9.939624999999999710e-01
9.941999999999999726e-01 9.942750000000000199e-01 9.939500000000000002e-01 9.941875000000000018e-01 9.936749999999999750e-01 9.933499999999999552e-01 9.938500000000000112e-01 9.940875000000000128e-01 9.940999999999999837e-01 9.939624999999999710e-01 9.940375000000000183e-01 9.936625000000000041e-01 9.938500000000000112e-01 9.941250000000000364e-01 9.936625000000000041e-01 9.937124999999999986e-01 9.943499999999999561e-01 9.943750000000000089e-01 9.944374999999999742e-01 9.945625000000000160e-01
9.949624999999999719e-01 9.949875000000000247e-01 9.946500000000000341e-01 9.949375000000000302e-01 9.942999999999999616e-01 9.940750000000000419e-01 9.946374999999999522e-01 9.947749999999999648e-01 9.948375000000000412e-01 9.945874999999999577e-01 9.946500000000000341e-01 9.942874999999999908e-01 9.944625000000000270e-01 9.949000000000000066e-01 9.942750000000000199e-01 9.943999999999999506e-01 9.950624999999999609e-01 9.949249999999999483e-01 9.950499999999999901e-01 9.950375000000000192e-01
9.955874999999999586e-01 9.955500000000000460e-01 9.952374999999999972e-01 9.954749999999999988e-01 9.950624999999999609e-01 9.948124999999999885e-01 9.952374999999999972e-01 9.954250000000000043e-01 9.954499999999999460e-01 9.951999999999999735e-01 9.952499999999999680e-01 9.949500000000000011e-01 9.951124999999999554e-01 9.955000000000000515e-01 9.949124999999999774e-01 9.950875000000000137e-01 9.955874999999999586e-01 9.953999999999999515e-01 9.956249999999999822e-01 9.956874999999999476e-01
9.960624999999999618e-01 9.961124999999999563e-01 9.958000000000000185e-01 9.961499999999999799e-01 9.956000000000000405e-01 9.953874999999999806e-01 9.957624999999999948e-01 9.959999999999999964e-01 9.960375000000000201e-01 9.958624999999999838e-01 9.957749999999999657e-01 9.956874999999999476e-01 9.956500000000000350e-01 9.960124999999999673e-01 9.954625000000000279e-01 9.957624999999999948e-01 9.962124999999999453e-01 9.958249999999999602e-01 9.961375000000000091e-01 9.963625000000000398e-01
9.965874999999999595e-01 9.965249999999999941e-01 9.962250000000000272e-01 9.967000000000000304e-01 9.960999999999999854e-01 9.960250000000000492e-01 9.962374999999999980e-01 9.964749999999999996e-01 9.966500000000000359e-01 9.964499999999999469e-01 9.963625000000000398e-01 9.962124999999999453e-01 9.962124999999999453e-01 9.965749999999999886e-01 9.959999999999999964e-01 9.963874999999999815e-01 9.966749999999999776e-01 9.963374999999999870e-01 9.965749999999999886e-01 9.967624999999999957e-01
9.969875000000000265e-01 9.970750000000000446e-01 9.968000000000000194e-01 9.971624999999999517e-01 9.965625000000000178e-01 9.964499999999999469e-01 9.967000000000000304e-01 9.970124999999999682e-01 9.970624999999999627e-01 9.969249999999999501e-01 9.968749999999999556e-01 9.967624999999999957e-01 9.967249999999999721e-01 9.968749999999999556e-01 9.965249999999999941e-01 9.967375000000000540e-01 9.970375000000000210e-01 9.968249999999999611e-01 9.970499999999999918e-01 9.971124999999999572e-01
9.973499999999999588e-01 9.975000000000000533e-01 9.971750000000000336e-01 9.975249999999999950e-01 9.970499999999999918e-01 9.970750000000000446e-01 9.973499999999999588e-01 9.974374999999999769e-01 9.974125000000000352e-01 9.973625000000000407e-01 9.972999999999999643e-01 9.972124999999999462e-01 9.970624999999999627e-01 9.972374999999999989e-01 9.969875000000000265e-01 9.971750000000000336e-01 9.975249999999999950e-01 9.971624999999999517e-01 9.974625000000000297e-01 9.974374999999999769e-01
9.977125000000000021e-01 9.979249999999999510e-01 9.975625000000000187e-01 9.979124999999999801e-01 9.975249999999999950e-01 9.973499999999999588e-01 9.976874999999999494e-01 9.979249999999999510e-01 9.977875000000000494e-01 9.978124999999999911e-01 9.976000000000000423e-01 9.975249999999999950e-01 9.974625000000000297e-01 9.978375000000000439e-01 9.974374999999999769e-01 9.974250000000000060e-01 9.979875000000000274e-01 9.976125000000000131e-01 9.978124999999999911e-01 9.977500000000000258e-01
9.979999999999999982e-01 9.981750000000000345e-01 9.979249999999999510e-01 9.983625000000000416e-01 9.979124999999999801e-01 9.976874999999999494e-01 9.980250000000000510e-01 9.983250000000000179e-01 9.981250000000000400e-01 9.981499999999999817e-01 9.980124999999999691e-01 9.978500000000000147e-01 9.979124999999999801e-01 9.982499999999999707e-01 9.977749999999999675e-01 9.979500000000000037e-01 9.982750000000000234e-01 9.979875000000000274e-01 9.981250000000000400e-01 9.980375000000000218e-01
9.983125000000000471e-01 9.985500000000000487e-01 9.982750000000000234e-01 9.986125000000000140e-01 9.982124999999999471e-01 9.980375000000000218e-01 9.983125000000000471e-01 9.986500000000000377e-01 9.984250000000000069e-01 9.985000000000000542e-01 9.982874999999999943e-01 9.982499999999999707e-01 9.982750000000000234e-01 9.985000000000000542e-01 9.981124999999999581e-01 9.981750000000000345e-01 9.985625000000000195e-01 9.982499999999999707e-01 9.984750000000000014e-01 9.982625000000000526e-01
9.985625000000000195e-01 9.987624999999999975e-01 9.985500000000000487e-01 9.987749999999999684e-01 9.984750000000000014e-01 9.983625000000000416e-01 9.986749999999999794e-01 9.989000000000000101e-01 9.987249999999999739e-01 9.988124999999999920e-01 9.986125000000000140e-01 9.984250000000000069e-01 9.984874999999999723e-01 9.986874999999999503e-01 9.984250000000000069e-01 9.984625000000000306e-01 9.987500000000000266e-01 9.985874999999999613e-01 9.987000000000000322e-01 9.986000000000000432e-01
9.987749999999999684e-01 9.990375000000000227e-01 9.987624999999999975e-01 9.990124999999999700e-01 9.987500000000000266e-01 9.986249999999999849e-01 9.988375000000000448e-01 9.990499999999999936e-01 9.990250000000000519e-01 9.989999999999999991e-01 9.988500000000000156e-01 9.987125000000000030e-01 9.987125000000000030e-01 9.989000000000000101e-01 9.985874999999999613e-01 9.988249999999999629e-01 9.989249999999999519e-01 9.987749999999999684e-01 9.989249999999999519e-01 9.988124999999999920e-01
9.989624999999999755e-01 9.991499999999999826e-01 9.989249999999999519e-01 9.992124999999999480e-01 9.989624999999999755e-01 9.988124999999999920e-01 9.990875000000000172e-01 9.992750000000000243e-01 9.990999999999999881e-01 9.992250000000000298e-01 9.990375000000000227e-01 9.989249999999999519e-01 9.989500000000000046e-01 9.991375000000000117e-01 9.987500000000000266e-01 9.989500000000000046e-01 9.990999999999999881e-01 9.989249999999999519e-01 9.990624999999999645e-01 9.989749999999999464e-01
9.990999999999999881e-01 9.993374999999999897e-01 9.990875000000000172e-01 9.993374999999999897e-01 9.991999999999999771e-01 9.989624999999999755e-01 9.992750000000000243e-01 9.994250000000000078e-01 9.992124999999999480e-01 9.993874999999999842e-01 9.992375000000000007e-01 9.991499999999999826e-01 9.990999999999999881e-01 9.992874999999999952e-01 9.989000000000000101e-01 9.991250000000000409e-01 9.992375000000000007e-01 9.991750000000000353e-01 9.991999999999999771e-01 9.991124999999999590e-01
9.991999999999999771e-01 9.994250000000000078e-01 9.992750000000000243e-01 9.995374999999999677e-01 9.992999999999999661e-01 9.991375000000000117e-01 9.993874999999999842e-01 9.994499999999999496e-01 9.994125000000000369e-01 9.994374999999999787e-01 9.993999999999999551e-01 9.992750000000000243e-01 9.992999999999999661e-01 9.993750000000000133e-01 9.990750000000000464e-01 9.992625000000000535e-01 9.993374999999999897e-01 9.992999999999999661e-01 9.993125000000000480e-01 9.992625000000000535e-01
9.993125000000000480e-01 9.995249999999999968e-01 9.994125000000000369e-01 9.995874999999999622e-01 9.993625000000000425e-01 9.992999999999999661e-01 9.994874999999999732e-01 9.995625000000000204e-01 9.995374999999999677e-01 9.995500000000000496e-01 9.994874999999999732e-01 9.994250000000000078e-01 9.994374999999999787e-01 9.994874999999999732e-01 9.991999999999999771e-01 9.992999999999999661e-01 9.994625000000000314e-01 9.994625000000000314e-01 9.993999999999999551e-01 9.993125000000000480e-01
9.994374999999999787e-01 9.996000000000000441e-01 9.994874999999999732e-01 9.996125000000000149e-01 9.994750000000000023e-01 9.994125000000000369e-01 9.996125000000000149e-01 9.996249999999999858e-01 9.996000000000000441e-01 9.996125000000000149e-01 9.996374999999999567e-01 9.995249999999999968e-01 9.995125000000000259e-01 9.995749999999999913e-01 9.993374999999999897e-01 9.994125000000000369e-01 9.995374999999999677e-01 9.995749999999999913e-01 9.995249999999999968e-01 9.994750000000000023e-01
9.995249999999999968e-01 9.996625000000000094e-01 9.995625000000000204e-01 9.996874999999999512e-01 9.996000000000000441e-01 9.995000000000000551e-01 9.997374999999999456e-01 9.997500000000000275e-01 9.996749999999999803e-01 9.996874999999999512e-01 9.997374999999999456e-01 9.996125000000000149e-01 9.996000000000000441e-01 9.997000000000000330e-01 9.994625000000000314e-01 9.995000000000000551e-01 9.996625000000000094e-01 9.996625000000000094e-01 9.996125000000000149e-01 9.995625000000000204e-01
9.996000000000000441e-01 9.997500000000000275e-01 9.996125000000000149e-01 9.997249999999999748e-01 9.996249999999999858e-01 9.995874999999999622e-01 9.997749999999999693e-01 9.998000000000000220e-01 9.997875000000000512e-01 9.997249999999999748e-01 9.997749999999999693e-01 9.996374999999999567e-01 9.996749999999999803e-01 9.997249999999999748e-01 9.995749999999999913e-01 9.996125000000000149e-01 9.997374999999999456e-01 9.997125000000000039e-01 9.996625000000000094e-01 9.996374999999999567e-01
9.997125000000000039e-01 9.997749999999999693e-01 9.997374999999999456e-01 9.997624999999999984e-01 9.997249999999999748e-01 9.996874999999999512e-01 9.998124999999999929e-01 9.998749999999999583e-01 9.997875000000000512e-01 9.997624999999999984e-01 9.998000000000000220e-01 9.997125000000000039e-01 9.997624999999999984e-01 9.998000000000000220e-01 9.996500000000000385e-01 9.996625000000000094e-01 9.997500000000000275e-01 9.997374999999999456e-01 9.997125000000000039e-01 9.996874999999999512e-01
9.997500000000000275e-01 9.998500000000000165e-01 9.998000000000000220e-01 9.998124999999999929e-01 9.997875000000000512e-01 9.997374999999999456e-01 9.998749999999999583e-01 9.999124999999999819e-01 9.998249999999999638e-01 9.997875000000000512e-01 9.998249999999999638e-01 9.997749999999999693e-01 9.998124999999999929e-01 9.998000000000000220e-01 9.997374999999999456e-01 9.997374999999999456e-01 9.997749999999999693e-01 9.997749999999999693e-01 9.998124999999999929e-01 9.997624999999999984e-01
9.998375000000000457e-01 9.998624999999999874e-01 9.998249999999999638e-01 9.998375000000000457e-01 9.998249999999999638e-01 9.997624999999999984e-01 9.999000000000000110e-01 9.999249999999999527e-01 9.998375000000000457e-01 9.998249999999999638e-01 9.998500000000000165e-01 9.998500000000000165e-01 9.998375000000000457e-01 9.998500000000000165e-01 9.997624999999999984e-01 9.998000000000000220e-01 9.998124999999999929e-01 9.998249999999999638e-01 9.998749999999999583e-01 9.998500000000000165e-01
9.998500000000000165e-01 9.998749999999999583e-01 9.998500000000000165e-01 9.998749999999999583e-01 9.998500000000000165e-01 9.997749999999999693e-01 9.999375000000000346e-01 9.999375000000000346e-01 9.998624999999999874e-01 9.998500000000000165e-01 9.998749999999999583e-01 9.998749999999999583e-01 9.998375000000000457e-01 9.998624999999999874e-01 9.998000000000000220e-01 9.998249999999999638e-01 9.998375000000000457e-01 9.998500000000000165e-01 9.998875000000000401e-01 9.999249999999999527e-01
9.999000000000000110e-01 9.999124999999999819e-01 9.998875000000000401e-01 9.999000000000000110e-01 9.998875000000000401e-01 9.998000000000000220e-01 9.999375000000000346e-01 9.999624999999999764e-01 9.999000000000000110e-01 9.999124999999999819e-01 9.999000000000000110e-01 9.998875000000000401e-01 9.998500000000000165e-01 9.998875000000000401e-01 9.998375000000000457e-01 9.998875000000000401e-01 9.998875000000000401e-01 9.998749999999999583e-01 9.999124999999999819e-01 9.999500000000000055e-01
9.999375000000000346e-01 9.999375000000000346e-01 9.999000000000000110e-01 9.999249999999999527e-01 9.999000000000000110e-01 9.998249999999999638e-01 9.999624999999999764e-01 9.999749999999999472e-01 9.999249999999999527e-01 9.999124999999999819e-01 9.999500000000000055e-01 9.999249999999999527e-01 9.998624999999999874e-01 9.999124999999999819e-01 9.998624999999999874e-01 9.999124999999999819e-01 9.999000000000000110e-01 9.999124999999999819e-01 9.999249999999999527e-01 9.999500000000000055e-01
9.999375000000000346e-01 9.999375000000000346e-01 9.999124999999999819e-01 9.999249999999999527e-01 9.999000000000000110e-01 9.998249999999999638e-01 9.999624999999999764e-01 9.999749999999999472e-01 9.999249999999999527e-01 9.999124999999999819e-01 9.999500000000000055e-01 9.999249999999999527e-01 9.998749999999999583e-01 9.999124999999999819e-01 9.998624999999999874e-01 9.999124999999999819e-01 9.999124999999999819e-01 9.999124999999999819e-01 9.999375000000000346e-01 9.999500000000000055e-01
9.999500000000000055e-01 9.999375000000000346e-01 9.999624999999999764e-01 9.999500000000000055e-01 9.999500000000000055e-01 9.998875000000000401e-01 9.999749999999999472e-01 9.999875000000000291e-01 9.999500000000000055e-01 9.999749999999999472e-01 9.999875000000000291e-01 9.999500000000000055e-01 9.999249999999999527e-01 9.999624999999999764e-01 9.999375000000000346e-01 9.999249999999999527e-01 9.999375000000000346e-01 9.999500000000000055e-01 9.999875000000000291e-01 9.999749999999999472e-01
9.999500000000000055e-01 9.999375000000000346e-01 9.999624999999999764e-01 9.999500000000000055e-01 9.999500000000000055e-01 9.998875000000000401e-01 9.999749999999999472e-01 9.999875000000000291e-01 9.999500000000000055e-01 9.999749999999999472e-01 9.999875000000000291e-01 9.999500000000000055e-01 9.999249999999999527e-01 9.999624999999999764e-01 9.999375000000000346e-01 9.999375000000000346e-01 9.999375000000000346e-01 9.999500000000000055e-01 9.999875000000000291e-01 9.999749999999999472e-01
9.999624999999999764e-01 9.999749999999999472e-01 9.999624999999999764e-01 9.999749999999999472e-01 9.999624999999999764e-01 9.999500000000000055e-01 9.999875000000000291e-01 9.999875000000000291e-01 9.999749999999999472e-01 9.999875000000000291e-01 1.000000000000000000e+00 9.999749999999999472e-01 9.999624999999999764e-01 9.999875000000000291e-01 9.999375000000000346e-01 9.999875000000000291e-01 9.999624999999999764e-01 9.999624999999999764e-01 1.000000000000000000e+00 1.000000000000000000e+00
9.999624999999999764e-01 9.999749999999999472e-01 9.999624999999999764e-01 9.999749999999999472e-01 9.999624999999999764e-01 9.999500000000000055e-01 9.999875000000000291e-01 9.999875000000000291e-01 9.999749999999999472e-01 9.999875000000000291e-01 1.000000000000000000e+00 9.999749999999999472e-01 9.999624999999999764e-01 9.999875000000000291e-01 9.999624999999999764e-01 9.999875000000000291e-01 9.999624999999999764e-01 9.999624999999999764e-01 1.000000000000000000e+00 1.000000000000000000e+00
9.999624999999999764e-01 9.999749999999999472e-01 9.999624999999999764e-01 9.999749999999999472e-01 9.999624999999999764e-01 9.999500000000000055e-01 9.999875000000000291e-01 9.999875000000000291e-01 9.999749999999999472e-01 9.999875000000000291e-01 1.000000000000000000e+00 9.999749999999999472e-01 9.999624999999999764e-01 9.999875000000000291e-01 9.999624999999999764e-01 9.999875000000000291e-01 9.999624999999999764e-01 9.999624999999999764e-01 1.000000000000000000e+00 1.000000000000000000e+00
9.999624999999999764e-01 9.999749999999999472e-01 9.999624999999999764e-01 9.999749999999999472e-01 9.999624999999999764e-01 9.999500000000000055e-01 9.999875000000000291e-01 9.999875000000000291e-01 9.999749999999999472e-01 9.999875000000000291e-01 1.000000000000000000e+00 9.999749999999999472e-01 9.999624999999999764e-01 9.999875000000000291e-01 9.999624999999999764e-01 9.999875000000000291e-01 9.999624999999999764e-01 9.999624999999999764e-01 1.000000000000000000e+00 1.000000000000000000e+00
1.000000000000000000e+00 1.000000000000000000e+00 1.000000000000000000e+00 1.000000000000000000e+00 1.000000000000000000e+00 1.000000000000000000e+00 1.000000000000000000e+00 1.000000000000000000e+00 1.000000000000000000e+00 1.000000000000000000e+00 1.000000000000000000e+00 1.000000000000000000e+00 1.000000000000000000e+00 1.000000000000000000e+00 1.000000000000000000e+00 1.000000000000000000e+00 1.000000000000000000e+00 1.000000000000000000e+00 1.000000000000000000e+00 1.000000000000000000e+00
1.000000000000000000e+00 1.000000000000000000e+00 1.000000000000000000e+00 1.000000000000000000e+00 1.000000000000000000e+00 1.000000000000000000e+00 1.000000000000000000e+00 1.000000000000000000e+00 1.000000000000000000e+00 1.000000000000000000e+00 1.000000000000000000e+00 1.000000000000000000e+00 1.000000000000000000e+00 1.000000000000000000e+00 1.000000000000000000e+00 1.000000000000000000e+00 1.000000000000000000e+00 1.000000000000000000e+00 1.000000000000000000e+00 1.000000000000000000e+00
