4.427188724235731477e-04 4.997578385556493766e-04 5.641455848280560459e-04 6.368289125805289214e-04 7.188766070412570168e-04 8.114951534738955611e-04 9.160464781598157830e-04 1.034067975091110128e-03 1.167295112860504847e-03 1.317686954175293886e-03 1.487454963251657507e-03 1.679095524692928235e-03 1.895426652031561741e-03 2.139629425722276539e-03 2.415294769918857522e-03 2.726476255872258524e-03 3.077749708407205142e-03 3.474280491971555238e-03 3.921899465678414624e-03 4.427188724235731586e-03
4.300749999999999851e-01 4.272874999999999868e-01 4.243624999999999758e-01 4.204249999999999932e-01 4.182500000000000107e-01 4.150750000000000273e-01 4.112250000000000072e-01 4.085250000000000270e-01 4.048249999999999904e-01 4.022749999999999937e-01 3.992125000000000257e-01 3.977249999999999952e-01 3.960500000000000131e-01 3.945124999999999882e-01 3.926749999999999963e-01 3.910124999999999851e-01 3.912999999999999812e-01 3.918375000000000052e-01 3.921124999999999750e-01 3.943749999999999756e-01
4.396875000000000089e-01 4.379874999999999741e-01 4.337500000000000244e-01 4.304875000000000229e-01 4.278874999999999762e-01 4.244499999999999940e-01 4.212874999999999814e-01 4.178374999999999728e-01 4.136124999999999940e-01 4.109875000000000056e-01 4.088375000000000203e-01 4.065624999999999933e-01 4.053499999999999881e-01 4.037999999999999923e-01 4.018125000000000169e-01 4.005000000000000226e-01 4.002625000000000210e-01 4.012999999999999901e-01 4.017875000000000196e-01 4.038125000000000187e-01
4.495874999999999733e-01 4.476625000000000187e-01 4.436125000000000207e-01 4.402125000000000066e-01 4.369124999999999814e-01 4.339374999999999760e-01 4.304625000000000257e-01 4.266249999999999765e-01 4.229499999999999926e-01 4.198875000000000246e-01 4.176750000000000185e-01 4.158875000000000210e-01 4.150625000000000009e-01 4.127000000000000113e-01 4.108749999999999902e-01 4.100125000000000020e-01 4.095125000000000015e-01 4.112000000000000099e-01 4.116750000000000131e-01 4.128999999999999893e-01
4.599125000000000019e-01 4.574374999999999969e-01 4.535374999999999823e-01 4.493375000000000008e-01 4.462625000000000064e-01 4.439624999999999821e-01 4.395625000000000226e-01 4.355875000000000163e-01 4.317500000000000226e-01 4.299250000000000016e-01 4.269749999999999934e-01 4.257374999999999909e-01 4.241375000000000006e-01 4.215625000000000067e-01 4.200749999999999762e-01 4.194999999999999840e-01 4.189875000000000127e-01 4.207124999999999893e-01 4.210125000000000117e-01 4.224999999999999867e-01
4.697124999999999773e-01 4.672499999999999987e-01 4.634249999999999758e-01 4.585500000000000131e-01 4.561499999999999999e-01 4.532375000000000154e-01 4.486499999999999932e-01 4.450000000000000067e-01 4.411749999999999838e-01 4.388874999999999860e-01 4.366749999999999798e-01 4.353374999999999884e-01 4.332374999999999976e-01 4.308124999999999871e-01 4.296499999999999764e-01 4.284000000000000030e-01 4.289250000000000007e-01 4.305125000000000202e-01 4.304999999999999938e-01 4.327750000000000208e-01
4.796500000000000208e-01 4.771874999999999867e-01 4.728749999999999898e-01 4.681250000000000133e-01 4.658249999999999891e-01 4.621250000000000080e-01 4.579500000000000237e-01 4.537249999999999894e-01 4.506999999999999895e-01 4.481499999999999928e-01 4.462375000000000091e-01 4.440999999999999948e-01 4.420999999999999930e-01 4.406749999999999834e-01 4.390125000000000277e-01 4.380625000000000213e-01 4.385999999999999899e-01 4.397874999999999979e-01 4.399500000000000077e-01 4.430999999999999939e-01
4.897500000000000187e-01 4.866624999999999979e-01 4.822124999999999884e-01 4.780499999999999750e-01 4.751124999999999932e-01 4.710624999999999951e-01 4.672749999999999959e-01 4.634125000000000050e-01 4.600500000000000145e-01 4.581124999999999781e-01 4.556875000000000231e-01 4.532625000000000126e-01 4.515124999999999833e-01 4.496249999999999969e-01 4.481875000000000164e-01 4.476625000000000187e-01 4.479624999999999857e-01 4.495750000000000024e-01 4.501749999999999918e-01 4.532625000000000126e-01
4.993624999999999869e-01 4.960999999999999854e-01 4.914375000000000271e-01 4.880375000000000130e-01 4.840999999999999748e-01 4.808250000000000024e-01 4.762500000000000067e-01 4.729625000000000079e-01 4.694749999999999757e-01 4.672875000000000223e-01 4.644874999999999976e-01 4.619624999999999981e-01 4.615000000000000213e-01 4.588499999999999801e-01 4.576250000000000040e-01 4.574374999999999969e-01 4.571374999999999744e-01 4.590500000000000136e-01 4.601250000000000062e-01 4.627749999999999919e-01
5.092750000000000332e-01 5.053499999999999659e-01 5.014625000000000332e-01 4.970249999999999946e-01 4.929875000000000229e-01 4.899249999999999994e-01 4.855375000000000107e-01 4.825375000000000081e-01 4.789375000000000160e-01 4.768000000000000016e-01 4.736374999999999891e-01 4.717124999999999790e-01 4.705374999999999974e-01 4.680874999999999897e-01 4.672250000000000014e-01 4.667749999999999955e-01 4.666250000000000120e-01 4.690374999999999961e-01 4.701624999999999832e-01 4.727999999999999980e-01
5.184250000000000247e-01 5.145250000000000101e-01 5.109624999999999861e-01 5.060000000000000053e-01 5.029875000000000318e-01 4.989750000000000019e-01 4.951499999999999790e-01 4.917750000000000177e-01 4.879999999999999893e-01 4.854499999999999926e-01 4.823124999999999774e-01 4.812750000000000083e-01 4.797250000000000125e-01 4.776500000000000190e-01 4.768875000000000197e-01 4.761624999999999885e-01 4.761750000000000149e-01 4.787624999999999797e-01 4.796624999999999917e-01 4.828124999999999778e-01
5.275999999999999579e-01 5.243875000000000064e-01 5.200749999999999540e-01 5.151250000000000551e-01 5.118875000000000508e-01 5.081375000000000197e-01 5.047249999999999792e-01 5.011624999999999552e-01 4.975875000000000159e-01 4.946249999999999813e-01 4.915749999999999842e-01 4.903124999999999845e-01 4.887500000000000178e-01 4.872750000000000137e-01 4.862750000000000128e-01 4.854375000000000218e-01 4.860125000000000139e-01 4.885999999999999788e-01 4.894749999999999934e-01 4.924374999999999725e-01
5.368625000000000203e-01 5.339500000000000357e-01 5.290000000000000258e-01 5.249374999999999458e-01 5.208249999999999824e-01 5.176500000000000545e-01 5.140124999999999833e-01 5.099500000000000144e-01 5.063250000000000250e-01 5.030000000000000027e-01 5.014125000000000387e-01 4.996499999999999830e-01 4.980875000000000163e-01 4.967624999999999957e-01 4.956875000000000031e-01 4.945999999999999841e-01 4.957750000000000212e-01 4.979500000000000037e-01 4.994250000000000078e-01 5.029124999999999845e-01
5.464499999999999913e-01 5.430125000000000091e-01 5.381749999999999590e-01 5.339625000000000066e-01 5.300624999999999920e-01 5.270875000000000421e-01 5.231375000000000330e-01 5.193999999999999728e-01 5.156500000000000528e-01 5.123124999999999485e-01 5.102624999999999522e-01 5.086249999999999938e-01 5.079124999999999890e-01 5.060999999999999943e-01 5.048624999999999918e-01 5.042624999999999469e-01 5.054125000000000423e-01 5.078500000000000236e-01 5.089500000000000135e-01 5.130124999999999824e-01
5.558374999999999844e-01 5.518999999999999462e-01 5.481249999999999734e-01 5.427374999999999838e-01 5.394875000000000087e-01 5.362999999999999989e-01 5.322375000000000300e-01 5.283999999999999808e-01 5.243624999999999536e-01 5.220249999999999613e-01 5.192875000000000130e-01 5.180000000000000160e-01 5.168500000000000316e-01 5.156125000000000291e-01 5.139249999999999652e-01 5.142750000000000377e-01 5.149875000000000425e-01 5.173124999999999529e-01 5.187749999999999861e-01 5.227249999999999952e-01
5.651874999999999538e-01 5.611374999999999558e-01 5.570500000000000451e-01 5.518374999999999808e-01 5.485499999999999821e-01 5.453375000000000306e-01 5.415250000000000341e-01 5.377250000000000085e-01 5.335625000000000506e-01 5.308374999999999622e-01 5.281875000000000320e-01 5.275874999999999870e-01 5.264874999999999972e-01 5.246250000000000080e-01 5.234750000000000236e-01 5.240500000000000158e-01 5.247874999999999623e-01 5.268000000000000460e-01 5.291875000000000329e-01 5.326125000000000442e-01
5.737624999999999531e-01 5.703624999999999945e-01 5.659499999999999531e-01 5.610500000000000487e-01 5.580874999999999586e-01 5.545499999999999874e-01 5.502624999999999877e-01 5.466499999999999693e-01 5.427874999999999783e-01 5.397499999999999520e-01 5.376999999999999558e-01 5.367625000000000313e-01 5.359749999999999792e-01 5.338500000000000467e-01 5.338625000000000176e-01 5.338874999999999593e-01 5.338625000000000176e-01 5.365625000000000533e-01 5.385250000000000314e-01 5.422500000000000098e-01
5.834249999999999714e-01 5.799499999999999655e-01 5.749750000000000139e-01 5.704000000000000181e-01 5.676499999999999879e-01 5.639374999999999805e-01 5.595499999999999918e-01 5.553000000000000158e-01 5.523000000000000131e-01 5.488125000000000364e-01 5.476374999999999993e-01 5.459874999999999590e-01 5.452000000000000179e-01 5.433624999999999705e-01 5.439625000000000155e-01 5.434124999999999650e-01 5.436999999999999611e-01 5.467625000000000401e-01 5.486124999999999474e-01 5.520374999999999588e-01
5.926875000000000338e-01 5.889499999999999735e-01 5.842625000000000179e-01 5.797875000000000112e-01 5.766624999999999668e-01 5.729874999999999829e-01 5.686124999999999652e-01 5.649999999999999467e-01 5.612125000000000030e-01 5.584750000000000547e-01 5.564375000000000293e-01 5.555750000000000410e-01 5.545375000000000165e-01 5.534249999999999448e-01 5.536124999999999519e-01 5.525124999999999620e-01 5.527750000000000163e-01 5.563249999999999584e-01 5.580125000000000224e-01 5.627625000000000544e-01
6.023249999999999993e-01 5.979250000000000398e-01 5.934749999999999748e-01 5.894500000000000295e-01 5.858999999999999764e-01 5.817124999999999657e-01 5.771374999999999700e-01 5.742500000000000382e-01 5.705375000000000307e-01 5.682125000000000092e-01 5.657499999999999751e-01 5.648250000000000215e-01 5.634749999999999481e-01 5.636499999999999844e-01 5.631249999999999867e-01 5.623875000000000401e-01 5.628499999999999615e-01 5.663249999999999673e-01 5.674875000000000336e-01 5.733125000000000027e-01
6.114374999999999671e-01 6.071499999999999675e-01 6.021999999999999575e-01 5.981874999999999831e-01 5.948250000000000481e-01 5.913000000000000478e-01 5.866624999999999757e-01 5.828999999999999737e-01 5.796999999999999931e-01 5.775624999999999787e-01 5.752000000000000446e-01 5.741749999999999909e-01 5.731625000000000192e-01 5.730250000000000066e-01 5.726124999999999687e-01 5.714624999999999844e-01 5.731749999999999901e-01 5.754875000000000407e-01 5.779250000000000220e-01 5.835500000000000131e-01
6.202374999999999972e-01 6.161750000000000282e-01 6.123499999999999499e-01 6.077249999999999597e-01 6.039624999999999577e-01 6.003500000000000503e-01 5.958250000000000490e-01 5.920999999999999597e-01 5.890750000000000153e-01 5.865624999999999867e-01 5.845749999999999558e-01 5.835500000000000131e-01 5.831625000000000281e-01 5.830874999999999808e-01 5.820999999999999508e-01 5.811374999999999735e-01 5.825875000000000359e-01 5.851250000000000062e-01 5.883500000000000396e-01 5.929375000000000062e-01
6.293125000000000524e-01 6.252750000000000252e-01 6.218124999999999902e-01 6.169499999999999984e-01 6.130124999999999602e-01 6.087375000000000425e-01 6.050875000000000004e-01 6.013625000000000220e-01 5.986249999999999627e-01 5.960124999999999451e-01 5.937999999999999945e-01 5.926124999999999865e-01 5.930625000000000480e-01 5.923249999999999904e-01 5.916249999999999565e-01 5.910125000000000517e-01 5.924500000000000322e-01 5.946749999999999536e-01 5.983874999999999611e-01 6.031874999999999876e-01
6.385250000000000092e-01 6.345125000000000348e-01 6.307249999999999801e-01 6.260875000000000190e-01 6.228249999999999620e-01 6.186249999999999805e-01 6.141624999999999446e-01 6.107500000000000151e-01 6.081625000000000503e-01 6.056749999999999634e-01 6.033500000000000529e-01 6.022499999999999520e-01 6.026249999999999662e-01 6.016000000000000236e-01 6.010625000000000551e-01 6.008124999999999716e-01 6.021750000000000158e-01 6.053625000000000256e-01 6.084249999999999936e-01 6.127124999999999932e-01
6.479500000000000259e-01 6.441500000000000004e-01 6.401999999999999913e-01 6.353124999999999467e-01 6.314874999999999794e-01 6.275874999999999648e-01 6.236874999999999503e-01 6.201750000000000318e-01 6.170250000000000457e-01 6.147875000000000423e-01 6.127624999999999877e-01 6.124249999999999972e-01 6.127624999999999877e-01 6.114249999999999963e-01 6.110999999999999766e-01 6.107624999999999860e-01 6.114749999999999908e-01 6.154874999999999652e-01 6.178624999999999812e-01 6.232374999999999998e-01
6.568374999999999631e-01 6.535999999999999588e-01 6.495125000000000481e-01 6.447249999999999925e-01 6.404874999999999874e-01 6.369375000000000453e-01 6.328249999999999709e-01 6.298500000000000210e-01 6.265249999999999986e-01 6.242250000000000298e-01 6.220250000000000501e-01 6.223499999999999588e-01 6.222874999999999934e-01 6.212874999999999925e-01 6.210124999999999673e-01 6.204374999999999751e-01 6.213999999999999524e-01 6.253374999999999906e-01 6.280875000000000208e-01 6.328375000000000528e-01
6.663750000000000506e-01 6.632124999999999826e-01 6.589874999999999483e-01 6.543999999999999817e-01 6.500875000000000403e-01 6.463499999999999801e-01 6.423499999999999766e-01 6.392875000000000085e-01 6.362250000000000405e-01 6.338000000000000300e-01 6.319249999999999590e-01 6.320124999999999771e-01 6.316874999999999574e-01 6.307874999999999455e-01 6.307000000000000384e-01 6.302999999999999714e-01 6.322499999999999787e-01 6.355625000000000302e-01 6.378249999999999753e-01 6.426500000000000545e-01
6.757499999999999618e-01 6.724375000000000213e-01 6.679500000000000437e-01 6.632749999999999480e-01 6.592750000000000554e-01 6.559125000000000094e-01 6.517874999999999641e-01 6.482750000000000457e-01 6.455125000000000446e-01 6.429000000000000270e-01 6.415374999999999828e-01 6.416125000000000300e-01 6.410500000000000087e-01 6.408500000000000307e-01 6.405125000000000401e-01 6.398500000000000298e-01 6.425750000000000073e-01 6.449749999999999650e-01 6.481375000000000330e-01 6.525499999999999634e-01
6.854249999999999510e-01 6.820000000000000506e-01 6.779249999999999998e-01 6.723249999999999504e-01 6.686625000000000485e-01 6.655375000000000041e-01 6.613750000000000462e-01 6.578500000000000458e-01 6.551249999999999574e-01 6.525999999999999579e-01 6.515750000000000153e-01 6.514874999999999972e-01 6.510249999999999648e-01 6.506750000000000034e-01 6.503124999999999600e-01 6.497374999999999678e-01 6.525750000000000162e-01 6.553375000000000172e-01 6.574999999999999734e-01 6.620249999999999746e-01
6.949625000000000385e-01 6.915875000000000217e-01 6.875624999999999654e-01 6.817750000000000199e-01 6.780125000000000179e-01 6.746999999999999664e-01 6.706374999999999975e-01 6.679500000000000437e-01 6.649249999999999883e-01 6.623250000000000526e-01 6.614124999999999588e-01 6.610749999999999682e-01 6.606625000000000414e-01 6.603750000000000453e-01 6.602749999999999453e-01 6.603999999999999870e-01 6.627374999999999794e-01 6.651624999999999899e-01 6.672124999999999861e-01 6.722500000000000142e-01
7.044624999999999915e-01 7.005875000000000297e-01 6.968374999999999986e-01 6.911500000000000421e-01 6.875999999999999890e-01 6.839499999999999469e-01 6.801249999999999796e-01 6.772749999999999604e-01 6.742749999999999577e-01 6.719625000000000181e-01 6.714250000000000496e-01 6.704624999999999613e-01 6.707374999999999865e-01 6.703000000000000069e-01 6.696125000000000549e-01 6.706374999999999975e-01 6.722000000000000197e-01 6.756625000000000547e-01 6.770874999999999533e-01 6.822124999999999995e-01
7.139999999999999680e-01 7.106875000000000275e-01 7.058499999999999774e-01 7.010374999999999801e-01 6.972625000000000073e-01 6.936750000000000416e-01 6.896624999999999561e-01 6.867499999999999716e-01 6.839749999999999996e-01 6.824375000000000302e-01 6.809250000000000025e-01 6.803249999999999575e-01 6.805999999999999828e-01 6.807750000000000190e-01 6.799250000000000016e-01 6.805875000000000119e-01 6.822875000000000467e-01 6.854000000000000092e-01 6.868874999999999842e-01 6.926750000000000407e-01
7.236624999999999863e-01 7.204625000000000057e-01 7.153374999999999595e-01 7.102874999999999606e-01 7.063625000000000043e-01 7.034000000000000252e-01 6.998625000000000540e-01 6.966624999999999623e-01 6.938374999999999959e-01 6.922249999999999792e-01 6.907624999999999460e-01 6.898374999999999924e-01 6.907124999999999515e-01 6.904875000000000318e-01 6.907750000000000279e-01 6.910500000000000531e-01 6.925875000000000226e-01 6.948874999999999913e-01 6.967624999999999513e-01 7.028999999999999693e-01
7.330750000000000322e-01 7.299124999999999641e-01 7.248750000000000471e-01 7.198499999999999899e-01 7.159624999999999462e-01 7.126624999999999766e-01 7.095000000000000195e-01 7.065000000000000169e-01 7.041250000000000009e-01 7.026999999999999913e-01 7.005875000000000297e-01 6.999499999999999611e-01 7.008124999999999494e-01 7.002374999999999572e-01 7.009499999999999620e-01 7.006750000000000478e-01 7.027750000000000385e-01 7.043249999999999789e-01 7.067875000000000130e-01 7.134500000000000286e-01
7.425125000000000197e-01 7.390750000000000375e-01 7.345749999999999780e-01 7.297624999999999806e-01 7.256875000000000409e-01 7.223749999999999893e-01 7.192125000000000323e-01 7.157875000000000210e-01 7.140999999999999570e-01 7.120499999999999607e-01 7.102625000000000188e-01 7.098624999999999519e-01 7.108750000000000346e-01 7.099999999999999645e-01 7.109499999999999709e-01 7.106999999999999984e-01 7.125500000000000167e-01 7.147375000000000256e-01 7.172874999999999668e-01 7.232374999999999776e-01
7.524874999999999758e-01 7.483499999999999597e-01 7.440999999999999837e-01 7.392125000000000501e-01 7.357375000000000442e-01 7.322250000000000147e-01 7.288375000000000270e-01 7.257124999999999826e-01 7.249124999999999597e-01 7.225749999999999673e-01 7.200250000000000261e-01 7.200750000000000206e-01 7.209875000000000034e-01 7.206875000000000364e-01 7.210499999999999687e-01 7.213374999999999648e-01 7.221374999999999877e-01 7.245624999999999982e-01 7.273625000000000229e-01 7.330250000000000377e-01
7.622375000000000123e-01 7.583124999999999449e-01 7.537374999999999492e-01 7.488124999999999920e-01 7.454874999999999696e-01 7.427000000000000268e-01 7.390624999999999556e-01 7.358500000000000041e-01 7.348249999999999504e-01 7.322999999999999510e-01 7.300875000000000004e-01 7.300875000000000004e-01 7.307624999999999815e-01 7.315749999999999753e-01 7.313749999999999973e-01 7.311625000000000485e-01 7.320875000000000021e-01 7.348749999999999449e-01 7.381499999999999728e-01 7.434749999999999970e-01
7.718500000000000361e-01 7.673375000000000057e-01 7.635125000000000384e-01 7.585625000000000284e-01 7.550624999999999698e-01 7.521499999999999853e-01 7.485000000000000542e-01 7.461999999999999744e-01 7.444374999999999742e-01 7.421499999999999764e-01 7.399875000000000203e-01 7.403499999999999526e-01 7.403750000000000053e-01 7.420750000000000401e-01 7.415000000000000480e-01 7.412250000000000227e-01 7.419750000000000512e-01 7.447875000000000467e-01 7.482250000000000290e-01 7.538000000000000256e-01
7.806999999999999496e-01 7.775250000000000217e-01 7.731124999999999803e-01 7.683250000000000357e-01 7.646374999999999700e-01 7.619124999999999925e-01 7.579249999999999599e-01 7.570750000000000535e-01 7.546625000000000139e-01 7.520624999999999671e-01 7.500499999999999945e-01 7.508624999999999883e-01 7.507875000000000520e-01 7.514250000000000096e-01 7.517249999999999766e-01 7.513374999999999915e-01 7.526125000000000176e-01 7.552250000000000352e-01 7.579500000000000126e-01 7.641124999999999723e-01
7.900249999999999773e-01 7.873124999999999707e-01 7.828749999999999876e-01 7.781749999999999501e-01 7.745250000000000190e-01 7.717125000000000234e-01 7.682624999999999593e-01 7.674125000000000529e-01 7.649500000000000188e-01 7.618500000000000272e-01 7.603999999999999648e-01 7.605750000000000011e-01 7.615750000000000020e-01 7.620875000000000288e-01 7.625999999999999446e-01 7.613124999999999476e-01 7.624250000000000194e-01 7.658374999999999488e-01 7.676250000000000018e-01 7.740749999999999575e-01
7.997374999999999901e-01 7.965999999999999748e-01 7.924124999999999641e-01 7.881124999999999936e-01 7.846999999999999531e-01 7.820624999999999938e-01 7.785374999999999934e-01 7.774375000000000036e-01 7.747125000000000261e-01 7.720875000000000377e-01 7.706625000000000281e-01 7.708249999999999824e-01 7.723750000000000338e-01 7.720875000000000377e-01 7.723999999999999755e-01 7.712250000000000494e-01 7.727500000000000480e-01 7.762375000000000247e-01 7.783124999999999627e-01 7.847499999999999476e-01
8.090500000000000469e-01 8.063375000000000403e-01 8.020749999999999824e-01 7.977499999999999591e-01 7.940625000000000044e-01 7.914499999999999869e-01 7.886874999999999858e-01 7.870624999999999982e-01 7.846625000000000405e-01 7.820624999999999938e-01 7.807749999999999968e-01 7.808000000000000496e-01 7.829625000000000057e-01 7.817125000000000323e-01 7.826250000000000151e-01 7.812375000000000291e-01 7.826125000000000442e-01 7.859249999999999847e-01 7.885874999999999968e-01 7.948499999999999455e-01
8.189750000000000085e-01 8.159874999999999767e-01 8.115750000000000464e-01 8.070249999999999924e-01 8.043124999999999858e-01 8.008874999999999744e-01 7.995999999999999774e-01 7.972124999999999906e-01 7.946250000000000258e-01 7.919249999999999901e-01 7.909500000000000419e-01 7.909874999999999545e-01 7.923750000000000515e-01 7.924999999999999822e-01 7.927125000000000421e-01 7.914375000000000160e-01 7.932249999999999579e-01 7.957125000000000448e-01 7.986250000000000293e-01 8.044124999999999748e-01
8.280874999999999764e-01 8.254124999999999934e-01 8.207875000000000032e-01 8.167999999999999705e-01 8.138625000000000442e-01 8.111874999999999503e-01 8.097750000000000226e-01 8.075999999999999845e-01 8.044750000000000512e-01 8.022249999999999659e-01 8.010249999999999870e-01 8.014375000000000249e-01 8.026874999999999982e-01 8.028625000000000345e-01 8.022624999999999895e-01 8.013124999999999831e-01 8.035499999999999865e-01 8.051500000000000323e-01 8.086375000000000091e-01 8.139750000000000041e-01
8.370374999999999899e-01 8.344875000000000487e-01 8.306375000000000286e-01 8.262500000000000400e-01 8.235749999999999460e-01 8.208374999999999977e-01 8.197499999999999787e-01 8.171874999999999556e-01 8.140249999999999986e-01 8.124749999999999472e-01 8.109125000000000361e-01 8.122749999999999693e-01 8.129250000000000087e-01 8.128750000000000142e-01 8.121625000000000094e-01 8.113124999999999920e-01 8.137124999999999497e-01 8.154375000000000373e-01 8.190374999999999739e-01 8.241374999999999673e-01
8.463000000000000522e-01 8.433000000000000496e-01 8.398999999999999799e-01 8.357875000000000165e-01 8.329874999999999918e-01 8.310999999999999499e-01 8.291250000000000009e-01 8.268999999999999684e-01 8.242625000000000091e-01 8.227375000000000105e-01 8.210125000000000339e-01 8.228250000000000286e-01 8.223875000000000490e-01 8.224500000000000144e-01 8.223125000000000018e-01 8.210625000000000284e-01 8.236250000000000515e-01 8.261749999999999927e-01 8.288124999999999520e-01 8.337999999999999856e-01
8.552125000000000421e-01 8.525125000000000064e-01 8.488124999999999698e-01 8.448375000000000190e-01 8.418624999999999581e-01 8.411750000000000060e-01 8.388750000000000373e-01 8.366999999999999993e-01 8.340374999999999872e-01 8.327124999999999666e-01 8.307250000000000467e-01 8.326124999999999776e-01 8.325375000000000414e-01 8.324500000000000233e-01 8.323125000000000107e-01 8.307375000000000176e-01 8.330625000000000391e-01 8.358750000000000346e-01 8.385749999999999593e-01 8.428624999999999590e-01
8.639875000000000194e-01 8.615500000000000380e-01 8.578875000000000250e-01 8.544625000000000137e-01 8.508499999999999952e-01 8.511250000000000204e-01 8.481625000000000414e-01 8.462499999999999467e-01 8.433125000000000204e-01 8.423249999999999904e-01 8.410374999999999934e-01 8.420625000000000471e-01 8.426875000000000338e-01 8.421250000000000124e-01 8.420374999999999943e-01 8.413249999999999895e-01 8.423374999999999613e-01 8.455624999999999947e-01 8.477124999999999799e-01 8.516500000000000181e-01
8.725500000000000478e-01 8.700999999999999845e-01 8.669875000000000220e-01 8.632625000000000437e-01 8.604874999999999607e-01 8.599999999999999867e-01 8.579750000000000432e-01 8.556875000000000453e-01 8.529499999999999860e-01 8.518124999999999725e-01 8.508375000000000243e-01 8.515500000000000291e-01 8.524374999999999591e-01 8.515500000000000291e-01 8.511999999999999567e-01 8.509624999999999551e-01 8.515500000000000291e-01 8.554625000000000146e-01 8.572250000000000147e-01 8.604374999999999662e-01
8.804250000000000131e-01 8.788624999999999909e-01 8.753250000000000197e-01 8.717624999999999957e-01 8.693999999999999506e-01 8.697000000000000286e-01 8.669750000000000512e-01 8.645374999999999588e-01 8.627000000000000224e-01 8.614249999999999963e-01 8.608000000000000096e-01 8.611124999999999474e-01 8.619499999999999940e-01 8.606375000000000552e-01 8.605874999999999497e-01 8.604374999999999662e-01 8.613250000000000073e-01 8.651999999999999691e-01 8.666249999999999787e-01 8.701250000000000373e-01
8.881499999999999950e-01 8.867125000000000146e-01 8.841124999999999678e-01 8.801624999999999588e-01 8.782250000000000334e-01 8.782499999999999751e-01 8.760750000000000481e-01 8.735000000000000542e-01 8.717249999999999721e-01 8.707000000000000295e-01 8.705125000000000224e-01 8.700250000000000483e-01 8.706000000000000405e-01 8.700875000000000137e-01 8.697500000000000231e-01 8.695500000000000451e-01 8.711750000000000327e-01 8.742499999999999716e-01 8.755874999999999631e-01 8.790999999999999925e-01
8.959624999999999950e-01 8.946625000000000272e-01 8.921124999999999750e-01 8.881375000000000242e-01 8.873124999999999485e-01 8.866249999999999964e-01 8.847000000000000419e-01 8.822750000000000314e-01 8.806500000000000439e-01 8.795625000000000249e-01 8.792999999999999705e-01 8.790249999999999453e-01 8.796500000000000430e-01 8.789124999999999854e-01 8.783125000000000515e-01 8.782375000000000043e-01 8.798000000000000265e-01 8.833374999999999977e-01 8.841750000000000442e-01 8.876749999999999918e-01
9.039000000000000368e-01 9.023624999999999563e-01 9.003875000000000073e-01 8.962875000000000147e-01 8.958874999999999478e-01 8.951249999999999485e-01 8.931875000000000231e-01 8.909624999999999906e-01 8.892250000000000432e-01 8.883499999999999730e-01 8.880500000000000060e-01 8.882624999999999549e-01 8.885250000000000092e-01 8.880249999999999533e-01 8.878374999999999462e-01 8.867874999999999508e-01 8.889124999999999943e-01 8.915750000000000064e-01 8.921499999999999986e-01 8.969125000000000014e-01
9.110500000000000265e-01 9.095874999999999932e-01 9.083124999999999671e-01 9.039625000000000021e-01 9.040124999999999966e-01 9.026874999999999760e-01 9.015125000000000499e-01 8.992375000000000229e-01 8.971999999999999975e-01 8.965125000000000455e-01 8.961375000000000313e-01 8.970500000000000140e-01 8.969249999999999723e-01 8.965999999999999526e-01 8.968500000000000361e-01 8.948125000000000107e-01 8.973624999999999519e-01 8.996250000000000080e-01 8.999875000000000513e-01 9.047874999999999668e-01
9.180125000000000091e-01 9.165874999999999995e-01 9.153750000000000497e-01 9.116999999999999549e-01 9.117374999999999785e-01 9.104250000000000398e-01 9.091375000000000428e-01 9.072999999999999954e-01 9.052249999999999464e-01 9.049749999999999739e-01 9.046874999999999778e-01 9.053124999999999645e-01 9.052000000000000046e-01 9.044124999999999526e-01 9.051624999999999810e-01 9.026999999999999469e-01 9.057500000000000551e-01 9.077374999999999750e-01 9.077499999999999458e-01 9.123624999999999652e-01
9.245250000000000412e-01 9.234624999999999639e-01 9.222875000000000378e-01 9.186499999999999666e-01 9.190000000000000391e-01 9.180249999999999799e-01 9.163999999999999924e-01 9.148874999999999647e-01 9.131000000000000227e-01 9.131375000000000464e-01 9.123250000000000526e-01 9.133750000000000480e-01 9.129000000000000448e-01 9.117625000000000313e-01 9.125250000000000306e-01 9.106125000000000469e-01 9.135250000000000314e-01 9.154124999999999623e-01 9.151500000000000190e-01 9.202249999999999597e-01
9.310500000000000442e-01 9.300749999999999851e-01 9.288750000000000062e-01 9.258625000000000327e-01 9.262000000000000233e-01 9.250000000000000444e-01 9.231624999999999970e-01 9.223500000000000032e-01 9.204999999999999849e-01 9.206625000000000503e-01 9.196999999999999620e-01 9.209000000000000519e-01 9.202500000000000124e-01 9.191500000000000226e-01 9.203500000000000014e-01 9.183624999999999705e-01 9.212749999999999551e-01 9.232249999999999623e-01 9.227250000000000174e-01 9.272249999999999659e-01
9.373624999999999874e-01 9.367625000000000535e-01 9.346875000000000044e-01 9.326999999999999735e-01 9.325250000000000483e-01 9.318499999999999561e-01 9.299125000000000307e-01 9.292000000000000259e-01 9.273375000000000368e-01 9.275250000000000439e-01 9.266499999999999737e-01 9.277625000000000455e-01 9.275999999999999801e-01 9.266499999999999737e-01 9.272124999999999950e-01 9.256499999999999728e-01 9.285750000000000393e-01 9.302624999999999922e-01 9.296999999999999709e-01 9.339250000000000052e-01
9.429999999999999494e-01 9.424375000000000391e-01 9.405875000000000208e-01 9.389499999999999513e-01 9.384875000000000300e-01 9.382500000000000284e-01 9.361125000000000140e-01 9.356750000000000345e-01 9.340125000000000233e-01 9.344375000000000320e-01 9.333624999999999838e-01 9.341625000000000068e-01 9.347124999999999462e-01 9.334000000000000075e-01 9.342000000000000304e-01 9.328625000000000389e-01 9.352249999999999730e-01 9.367499999999999716e-01 9.363624999999999865e-01 9.407124999999999515e-01
9.484000000000000208e-01 9.481249999999999956e-01 9.460499999999999465e-01 9.452000000000000401e-01 9.443124999999999991e-01 9.439250000000000140e-01 9.420625000000000249e-01 9.416875000000000107e-01 9.401125000000000176e-01 9.406250000000000444e-01 9.395875000000000199e-01 9.408999999999999586e-01 9.408750000000000169e-01 9.394875000000000309e-01 9.400249999999999995e-01 9.391000000000000458e-01 9.414249999999999563e-01 9.426250000000000462e-01 9.422874999999999446e-01 9.463749999999999662e-01
9.530499999999999527e-01 9.530374999999999819e-01 9.512625000000000108e-01 9.505749999999999478e-01 9.497750000000000359e-01 9.493624999999999980e-01 9.481500000000000483e-01 9.474249999999999616e-01 9.459999999999999520e-01 9.467499999999999805e-01 9.454624999999999835e-01 9.466375000000000206e-01 9.471500000000000474e-01 9.454249999999999599e-01 9.456750000000000433e-01 9.450250000000000039e-01 9.472749999999999782e-01 9.482249999999999845e-01 9.482625000000000082e-01 9.520374999999999810e-01
9.576500000000000012e-01 9.578499999999999792e-01 9.563874999999999460e-01 9.557875000000000121e-01 9.548875000000000002e-01 9.546875000000000222e-01 9.535500000000000087e-01 9.526999999999999913e-01 9.511749999999999927e-01 9.518624999999999448e-01 9.510374999999999801e-01 9.521249999999999991e-01 9.527499999999999858e-01 9.511374999999999691e-01 9.510499999999999510e-01 9.509374999999999911e-01 9.527875000000000094e-01 9.533249999999999780e-01 9.542374999999999607e-01 9.567124999999999657e-01
9.617999999999999883e-01 9.623125000000000151e-01 9.603374999999999551e-01 9.604500000000000259e-01 9.590499999999999581e-01 9.592749999999999888e-01 9.586124999999999785e-01 9.573749999999999760e-01 9.566624999999999712e-01 9.566999999999999948e-01 9.563125000000000098e-01 9.569874999999999909e-01 9.576624999999999721e-01 9.566750000000000531e-01 9.563625000000000043e-01 9.561374999999999735e-01 9.575749999999999540e-01 9.580874999999999808e-01 9.588875000000000037e-01 9.613500000000000378e-01
9.658750000000000391e-01 9.666375000000000384e-01 9.646500000000000075e-01 9.648124999999999618e-01 9.634875000000000522e-01 9.636000000000000121e-01 9.629250000000000309e-01 9.620374999999999899e-01 9.610999999999999543e-01 9.613625000000000087e-01 9.610125000000000473e-01 9.617624999999999647e-01 9.624624999999999986e-01 9.612625000000000197e-01 9.611374999999999780e-01 9.606375000000000330e-01 9.620499999999999607e-01 9.626500000000000057e-01 9.635000000000000231e-01 9.657875000000000210e-01
9.696375000000000410e-01 9.703125000000000222e-01 9.685249999999999693e-01 9.685500000000000220e-01 9.674749999999999739e-01 9.674749999999999739e-01 9.666875000000000329e-01 9.662625000000000242e-01 9.654749999999999721e-01 9.653749999999999831e-01 9.652374999999999705e-01 9.661374999999999824e-01 9.664625000000000021e-01 9.653749999999999831e-01 9.654500000000000304e-01 9.650499999999999634e-01 9.661999999999999478e-01 9.667375000000000274e-01 9.675124999999999975e-01 9.698375000000000190e-01
9.729750000000000343e-01 9.733249999999999957e-01 9.722625000000000295e-01 9.721125000000000460e-01 9.712749999999999995e-01 9.710750000000000215e-01 9.702749999999999986e-01 9.701374999999999860e-01 9.693749999999999867e-01 9.697124999999999773e-01 9.691625000000000378e-01 9.700999999999999623e-01 9.704374999999999529e-01 9.695624999999999938e-01 9.690999999999999615e-01 9.690874999999999906e-01 9.698499999999999899e-01 9.703749999999999876e-01 9.711250000000000160e-01 9.731250000000000178e-01
9.759124999999999606e-01 9.764125000000000165e-01 9.754000000000000448e-01 9.753125000000000266e-01 9.746000000000000218e-01 9.746875000000000400e-01 9.737375000000000336e-01 9.733874999999999611e-01 9.728375000000000217e-01 9.732625000000000304e-01 9.728624999999999634e-01 9.734374999999999556e-01 9.737500000000000044e-01 9.733249999999999957e-01 9.726375000000000437e-01 9.726500000000000146e-01 9.734500000000000375e-01 9.738250000000000517e-01 9.743374999999999675e-01 9.762250000000000094e-01
9.789250000000000451e-01 9.793250000000000011e-01 9.784374999999999600e-01 9.782499999999999529e-01 9.778250000000000552e-01 9.778624999999999678e-01 9.765875000000000528e-01 9.765500000000000291e-01 9.758250000000000535e-01 9.765249999999999764e-01 9.762625000000000330e-01 9.766000000000000236e-01 9.769875000000000087e-01 9.761874999999999858e-01 9.760750000000000259e-01 9.757875000000000298e-01 9.766875000000000417e-01 9.767500000000000071e-01 9.775125000000000064e-01 9.793125000000000302e-01
9.814500000000000446e-01 9.816000000000000281e-01 9.808999999999999941e-01 9.811374999999999957e-01 9.805500000000000327e-01 9.806375000000000508e-01 9.791499999999999648e-01 9.793125000000000302e-01 9.786624999999999908e-01 9.793874999999999664e-01 9.793749999999999956e-01 9.794125000000000192e-01 9.795249999999999790e-01 9.790624999999999467e-01 9.788499999999999979e-01 9.786749999999999616e-01 9.796500000000000208e-01 9.795500000000000318e-01 9.805500000000000327e-01 9.817749999999999533e-01
9.837749999999999551e-01 9.838999999999999968e-01 9.831499999999999684e-01 9.834625000000000172e-01 9.828500000000000014e-01 9.830375000000000085e-01 9.816375000000000517e-01 9.816500000000000226e-01 9.811374999999999957e-01 9.817375000000000407e-01 9.817500000000000115e-01 9.821125000000000549e-01 9.820250000000000368e-01 9.813125000000000320e-01 9.815500000000000336e-01 9.813250000000000028e-01 9.819875000000000131e-01 9.820375000000000076e-01 9.830875000000000030e-01 9.841124999999999456e-01
9.857749999999999568e-01 9.858500000000000041e-01 9.853499999999999481e-01 9.854874999999999607e-01 9.848875000000000268e-01 9.851625000000000520e-01 9.838500000000000023e-01 9.839375000000000204e-01 9.834374999999999645e-01 9.837124999999999897e-01 9.840875000000000039e-01 9.842499999999999583e-01 9.843250000000000055e-01 9.837500000000000133e-01 9.836875000000000480e-01 9.835249999999999826e-01 9.841124999999999456e-01 9.842250000000000165e-01 9.852499999999999591e-01 9.860499999999999821e-01
9.874500000000000499e-01 9.874874999999999625e-01 9.872374999999999901e-01 9.873750000000000027e-01 9.868249999999999522e-01 9.868624999999999758e-01 9.857249999999999623e-01 9.859624999999999639e-01 9.855125000000000135e-01 9.858875000000000277e-01 9.859875000000000167e-01 9.862625000000000419e-01 9.861874999999999947e-01 9.858749999999999458e-01 9.858249999999999513e-01 9.855625000000000080e-01 9.860124999999999584e-01 9.863750000000000018e-01 9.871874999999999956e-01 9.880250000000000421e-01
9.890875000000000083e-01 9.890999999999999792e-01 9.888875000000000304e-01 9.890375000000000139e-01 9.885374999999999579e-01 9.885125000000000162e-01 9.877375000000000460e-01 9.876624999999999988e-01 9.873625000000000318e-01 9.876125000000000043e-01 9.878624999999999767e-01 9.880999999999999783e-01 9.879750000000000476e-01 9.877875000000000405e-01 9.875125000000000153e-01 9.872999999999999554e-01 9.877249999999999641e-01 9.880499999999999838e-01 9.887624999999999886e-01 9.893750000000000044e-01
9.906749999999999723e-01 9.905249999999999888e-01 9.900750000000000384e-01 9.904500000000000526e-01 9.898375000000000368e-01 9.900624999999999565e-01 9.893999999999999462e-01 9.893874999999999753e-01 9.889875000000000194e-01 9.890250000000000430e-01 9.896125000000000060e-01 9.894249999999999989e-01 9.895749999999999824e-01 9.893250000000000099e-01 9.889875000000000194e-01 9.889000000000000012e-01 9.893374999999999808e-01 9.896125000000000060e-01 9.901750000000000274e-01 9.909624999999999684e-01
9.917249999999999677e-01 9.918375000000000385e-01 9.915625000000000133e-01 9.918749999999999512e-01 9.913625000000000353e-01 9.913625000000000353e-01 9.907624999999999904e-01 9.907624999999999904e-01 9.905374999999999597e-01 9.904500000000000526e-01 9.909624999999999684e-01 9.909375000000000266e-01 9.908875000000000322e-01 9.907124999999999959e-01 9.904749999999999943e-01 9.904749999999999943e-01 9.907500000000000195e-01 9.908875000000000322e-01 9.916125000000000078e-01 9.921375000000000055e-01
9.928624999999999812e-01 9.929375000000000284e-01 9.925249999999999906e-01 9.931250000000000355e-01 9.925749999999999851e-01 9.924500000000000544e-01 9.921499999999999764e-01 9.919000000000000039e-01 9.916249999999999787e-01 9.916125000000000078e-01 9.922125000000000528e-01 9.922999999999999599e-01 9.919875000000000220e-01 9.918624999999999803e-01 9.918500000000000094e-01 9.917749999999999622e-01 9.920250000000000457e-01 9.921875000000000000e-01 9.926625000000000032e-01 9.930750000000000410e-01
9.938749999999999529e-01 9.939500000000000002e-01 9.933999999999999497e-01 9.940999999999999837e-01 9.936749999999999750e-01 9.934374999999999734e-01 9.933499999999999552e-01 9.930375000000000174e-01 9.928500000000000103e-01 9.927500000000000213e-01 9.932499999999999662e-01 9.934749999999999970e-01 9.931375000000000064e-01 9.929875000000000229e-01 9.928249999999999575e-01 9.928749999999999520e-01 9.931750000000000300e-01 9.931750000000000300e-01 9.936000000000000387e-01 9.941750000000000309e-01
9.947375000000000522e-01 9.949875000000000247e-01 9.944125000000000325e-01 9.948249999999999593e-01 9.946000000000000396e-01 9.943625000000000380e-01 9.942874999999999908e-01 9.938000000000000167e-01 9.940124999999999655e-01 9.936500000000000332e-01 9.941124999999999545e-01 9.944125000000000325e-01 9.939750000000000529e-01 9.938749999999999529e-01 9.937000000000000277e-01 9.939750000000000529e-01 9.939624999999999710e-01 9.941999999999999726e-01 9.945625000000000160e-01 9.950499999999999901e-01
9.956500000000000350e-01 9.956749999999999767e-01 9.952999999999999625e-01 9.956125000000000114e-01 9.953374999999999861e-01 9.952374999999999972e-01 9.949124999999999774e-01 9.946500000000000341e-01 9.948000000000000176e-01 9.945125000000000215e-01 9.949875000000000247e-01 9.952125000000000554e-01 9.948124999999999885e-01 9.948875000000000357e-01 9.945625000000000160e-01 9.947124999999999995e-01 9.945625000000000160e-01 9.948875000000000357e-01 9.952874999999999917e-01 9.956749999999999767e-01
9.962874999999999925e-01 9.963750000000000107e-01 9.960124999999999673e-01 9.961999999999999744e-01 9.961375000000000091e-01 9.958124999999999893e-01 9.956749999999999767e-01 9.955625000000000169e-01 9.955500000000000460e-01 9.952625000000000499e-01 9.956749999999999767e-01 9.959000000000000075e-01 9.954499999999999460e-01 9.956125000000000114e-01 9.952750000000000208e-01 9.953499999999999570e-01 9.953374999999999861e-01 9.956625000000000059e-01 9.960250000000000492e-01 9.962625000000000508e-01
9.968500000000000139e-01 9.968749999999999556e-01 9.966749999999999776e-01 9.965874999999999595e-01 9.967249999999999721e-01 9.964749999999999996e-01 9.963374999999999870e-01 9.963750000000000107e-01 9.961124999999999563e-01 9.959999999999999964e-01 9.961375000000000091e-01 9.964250000000000052e-01 9.960999999999999854e-01 9.961624999999999508e-01 9.961375000000000091e-01 9.959624999999999728e-01 9.958749999999999547e-01 9.962374999999999980e-01 9.965249999999999941e-01 9.967875000000000485e-01
9.973125000000000462e-01 9.973874999999999824e-01 9.972625000000000517e-01 9.970999999999999863e-01 9.971499999999999808e-01 9.970750000000000446e-01 9.969000000000000083e-01 9.969000000000000083e-01 9.966874999999999485e-01 9.965000000000000524e-01 9.966625000000000068e-01 9.970999999999999863e-01 9.966500000000000359e-01 9.967624999999999957e-01 9.966125000000000123e-01 9.966500000000000359e-01 9.965125000000000233e-01 9.968124999999999902e-01 9.969000000000000083e-01 9.972499999999999698e-01
9.976874999999999494e-01 9.978000000000000203e-01 9.977875000000000494e-01 9.976000000000000423e-01 9.975625000000000187e-01 9.974250000000000060e-01 9.973125000000000462e-01 9.973999999999999533e-01 9.972999999999999643e-01 9.970624999999999627e-01 9.969875000000000265e-01 9.974750000000000005e-01 9.971624999999999517e-01 9.973125000000000462e-01 9.971124999999999572e-01 9.972374999999999989e-01 9.969875000000000265e-01 9.972499999999999698e-01 9.973250000000000171e-01 9.976749999999999785e-01
9.981999999999999762e-01 9.981875000000000053e-01 9.981624999999999526e-01 9.980124999999999691e-01 9.978875000000000384e-01 9.978749999999999565e-01 9.977125000000000021e-01 9.978000000000000203e-01 9.976374999999999549e-01 9.975125000000000242e-01 9.975374999999999659e-01 9.978875000000000384e-01 9.976000000000000423e-01 9.977249999999999730e-01 9.975125000000000242e-01 9.977749999999999675e-01 9.973874999999999824e-01 9.976000000000000423e-01 9.977125000000000021e-01 9.980124999999999691e-01
9.985249999999999959e-01 9.985374999999999668e-01 9.984499999999999487e-01 9.983499999999999597e-01 9.982999999999999652e-01 9.982250000000000290e-01 9.980999999999999872e-01 9.981750000000000345e-01 9.979624999999999746e-01 9.979375000000000329e-01 9.981375000000000108e-01 9.981624999999999526e-01 9.979000000000000092e-01 9.980375000000000218e-01 9.979749999999999455e-01 9.980999999999999872e-01 9.978249999999999620e-01 9.980124999999999691e-01 9.980750000000000455e-01 9.983625000000000416e-01
9.988500000000000156e-01 9.988624999999999865e-01 9.986500000000000377e-01 9.987624999999999975e-01 9.985500000000000487e-01 9.985125000000000250e-01 9.984125000000000361e-01 9.984625000000000306e-01 9.982750000000000234e-01 9.982250000000000290e-01 9.983999999999999542e-01 9.985374999999999668e-01 9.983625000000000416e-01 9.983499999999999597e-01 9.982625000000000526e-01 9.984374999999999778e-01 9.981999999999999762e-01 9.984625000000000306e-01 9.983874999999999833e-01 9.985374999999999668e-01
9.990750000000000464e-01 9.991124999999999590e-01 9.989124999999999810e-01 9.989749999999999464e-01 9.987749999999999684e-01 9.987624999999999975e-01 9.986374999999999558e-01 9.987000000000000322e-01 9.985874999999999613e-01 9.985374999999999668e-01 9.986374999999999558e-01 9.986749999999999794e-01 9.987000000000000322e-01 9.986125000000000140e-01 9.984750000000000014e-01 9.987000000000000322e-01 9.985374999999999668e-01 9.987749999999999684e-01 9.986249999999999849e-01 9.987374999999999448e-01
9.992499999999999716e-01 9.993125000000000480e-01 9.990375000000000227e-01 9.991250000000000409e-01 9.989624999999999755e-01 9.991124999999999590e-01 9.988000000000000211e-01 9.989375000000000338e-01 9.987749999999999684e-01 9.987624999999999975e-01 9.988749999999999574e-01 9.988624999999999865e-01 9.989000000000000101e-01 9.989249999999999519e-01 9.986874999999999503e-01 9.988624999999999865e-01 9.988124999999999920e-01 9.989624999999999755e-01 9.988624999999999865e-01 9.989249999999999519e-01
9.993999999999999551e-01 9.994250000000000078e-01 9.992375000000000007e-01 9.992874999999999952e-01 9.991499999999999826e-01 9.993125000000000480e-01 9.990999999999999881e-01 9.991375000000000117e-01 9.990750000000000464e-01 9.989375000000000338e-01 9.991124999999999590e-01 9.990750000000000464e-01 9.990999999999999881e-01 9.990999999999999881e-01 9.990124999999999700e-01 9.990750000000000464e-01 9.991124999999999590e-01 9.991499999999999826e-01 9.990624999999999645e-01 9.991624999999999535e-01
9.995374999999999677e-01 9.995374999999999677e-01 9.993374999999999897e-01 9.994125000000000369e-01 9.993125000000000480e-01 9.993625000000000425e-01 9.993125000000000480e-01 9.992499999999999716e-01 9.992999999999999661e-01 9.991750000000000353e-01 9.993499999999999606e-01 9.991999999999999771e-01 9.992499999999999716e-01 9.992625000000000535e-01 9.992874999999999952e-01 9.992124999999999480e-01 9.992499999999999716e-01 9.992375000000000007e-01 9.992124999999999480e-01 9.993250000000000188e-01
9.996000000000000441e-01 9.997125000000000039e-01 9.995249999999999968e-01 9.996000000000000441e-01 9.994750000000000023e-01 9.995249999999999968e-01 9.994374999999999787e-01 9.994750000000000023e-01 9.993999999999999551e-01 9.993874999999999842e-01 9.994125000000000369e-01 9.993374999999999897e-01 9.993999999999999551e-01 9.994125000000000369e-01 9.993874999999999842e-01 9.993625000000000425e-01 9.992999999999999661e-01 9.993750000000000133e-01 9.993125000000000480e-01 9.994374999999999787e-01
9.996625000000000094e-01 9.998000000000000220e-01 9.996500000000000385e-01 9.997125000000000039e-01 9.995874999999999622e-01 9.995874999999999622e-01 9.994874999999999732e-01 9.995000000000000551e-01 9.995874999999999622e-01 9.994499999999999496e-01 9.994874999999999732e-01 9.995000000000000551e-01 9.995374999999999677e-01 9.996000000000000441e-01 9.995000000000000551e-01 9.994499999999999496e-01 9.995000000000000551e-01 9.995125000000000259e-01 9.993999999999999551e-01 9.995500000000000496e-01
9.996749999999999803e-01 9.998375000000000457e-01 9.997249999999999748e-01 9.997500000000000275e-01 9.996125000000000149e-01 9.996500000000000385e-01 9.995500000000000496e-01 9.996125000000000149e-01 9.996000000000000441e-01 9.996000000000000441e-01 9.995374999999999677e-01 9.995500000000000496e-01 9.995625000000000204e-01 9.996749999999999803e-01 9.995249999999999968e-01 9.995500000000000496e-01 9.995749999999999913e-01 9.995749999999999913e-01 9.994750000000000023e-01 9.996500000000000385e-01
9.997624999999999984e-01 9.998749999999999583e-01 9.998124999999999929e-01 9.998000000000000220e-01 9.997125000000000039e-01 9.997624999999999984e-01 9.997000000000000330e-01 9.997125000000000039e-01 9.996749999999999803e-01 9.997249999999999748e-01 9.996500000000000385e-01 9.997000000000000330e-01 9.996625000000000094e-01 9.997500000000000275e-01 9.996500000000000385e-01 9.997000000000000330e-01 9.996374999999999567e-01 9.996625000000000094e-01 9.995500000000000496e-01 9.996749999999999803e-01
9.997875000000000512e-01 9.998749999999999583e-01 9.998500000000000165e-01 9.998249999999999638e-01 9.997374999999999456e-01 9.997749999999999693e-01 9.997249999999999748e-01 9.997500000000000275e-01 9.997000000000000330e-01 9.997875000000000512e-01 9.997000000000000330e-01 9.997249999999999748e-01 9.996874999999999512e-01 9.998000000000000220e-01 9.997249999999999748e-01 9.997249999999999748e-01 9.997125000000000039e-01 9.997000000000000330e-01 9.996125000000000149e-01 9.997000000000000330e-01
9.999124999999999819e-01 9.999375000000000346e-01 9.999249999999999527e-01 9.998875000000000401e-01 9.998375000000000457e-01 9.998500000000000165e-01 9.998000000000000220e-01 9.998624999999999874e-01 9.998124999999999929e-01 9.998749999999999583e-01 9.998000000000000220e-01 9.998249999999999638e-01 9.997875000000000512e-01 9.998500000000000165e-01 9.998375000000000457e-01 9.998124999999999929e-01 9.998249999999999638e-01 9.997875000000000512e-01 9.997500000000000275e-01 9.997749999999999693e-01
9.999124999999999819e-01 9.999500000000000055e-01 9.999375000000000346e-01 9.998875000000000401e-01 9.998749999999999583e-01 9.998875000000000401e-01 9.998124999999999929e-01 9.999000000000000110e-01 9.998500000000000165e-01 9.999249999999999527e-01 9.998875000000000401e-01 9.998624999999999874e-01 9.998249999999999638e-01 9.998749999999999583e-01 9.999124999999999819e-01 9.998500000000000165e-01 9.998500000000000165e-01 9.998500000000000165e-01 9.997875000000000512e-01 9.998624999999999874e-01
9.999124999999999819e-01 9.999500000000000055e-01 9.999375000000000346e-01 9.998875000000000401e-01 9.998749999999999583e-01 9.998875000000000401e-01 9.998124999999999929e-01 9.999000000000000110e-01 9.998749999999999583e-01 9.999249999999999527e-01 9.998875000000000401e-01 9.998749999999999583e-01 9.998375000000000457e-01 9.998875000000000401e-01 9.999124999999999819e-01 9.998624999999999874e-01 9.998624999999999874e-01 9.998624999999999874e-01 9.998000000000000220e-01 9.998875000000000401e-01
9.999124999999999819e-01 9.999500000000000055e-01 9.999375000000000346e-01 9.998875000000000401e-01 9.998749999999999583e-01 9.998875000000000401e-01 9.998124999999999929e-01 9.999000000000000110e-01 9.998749999999999583e-01 9.999249999999999527e-01 9.999000000000000110e-01 9.998875000000000401e-01 9.998375000000000457e-01 9.998875000000000401e-01 9.999249999999999527e-01 9.998624999999999874e-01 9.998749999999999583e-01 9.998624999999999874e-01 9.998124999999999929e-01 9.998875000000000401e-01
1.000000000000000000e+00 1.000000000000000000e+00 1.000000000000000000e+00 1.000000000000000000e+00 1.000000000000000000e+00 1.000000000000000000e+00 9.999875000000000291e-01 1.000000000000000000e+00 1.000000000000000000e+00 9.999875000000000291e-01 9.999875000000000291e-01 1.000000000000000000e+00 9.999749999999999472e-01 9.999875000000000291e-01 9.999749999999999472e-01 9.999875000000000291e-01 9.999875000000000291e-01 9.999875000000000291e-01 1.000000000000000000e+00 1.000000000000000000e+00
1.000000000000000000e+00 1.000000000000000000e+00 1.000000000000000000e+00 1.000000000000000000e+00 1.000000000000000000e+00 1.000000000000000000e+00 1.000000000000000000e+00 1.000000000000000000e+00 1.000000000000000000e+00 1.000000000000000000e+00 1.000000000000000000e+00 1.000000000000000000e+00 1.000000000000000000e+00 1.000000000000000000e+00 1.000000000000000000e+00 1.000000000000000000e+00 1.000000000000000000e+00 1.000000000000000000e+00 1.000000000000000000e+00 1.000000000000000000e+00
