4.427188724235731477e-04 4.997578385556493766e-04 5.641455848280560459e-04 6.368289125805289214e-04 7.188766070412570168e-04 8.114951534738955611e-04 9.160464781598157830e-04 1.034067975091110128e-03 1.167295112860504847e-03 1.317686954175293886e-03 1.487454963251657507e-03 1.679095524692928235e-03 1.895426652031561741e-03 2.139629425722276539e-03 2.415294769918857522e-03 2.726476255872258524e-03 3.077749708407205142e-03 3.474280491971555238e-03 3.921899465678414624e-03 4.427188724235731586e-03
9.655249999999999666e-01 9.656249999999999556e-01 9.649750000000000272e-01 9.648999999999999799e-01 9.650499999999999634e-01 9.650499999999999634e-01 9.644374999999999476e-01 9.645749999999999602e-01 9.639999999999999680e-01 9.645500000000000185e-01 9.638375000000000137e-01 9.638375000000000137e-01 9.637124999999999719e-01 9.635500000000000176e-01 9.633625000000000105e-01 9.635875000000000412e-01 9.632874999999999632e-01 9.635124999999999940e-01 9.634374999999999467e-01 9.630374999999999908e-01
9.683374999999999622e-01 9.685624999999999929e-01 9.685000000000000275e-01 9.680499999999999661e-01 9.680874999999999897e-01 9.682749999999999968e-01 9.679750000000000298e-01 9.679250000000000353e-01 9.675000000000000266e-01 9.678875000000000117e-01 9.673749999999999849e-01 9.672874999999999668e-01 9.673374999999999613e-01 9.670250000000000234e-01 9.669499999999999762e-01 9.671874999999999778e-01 9.668499999999999872e-01 9.665875000000000439e-01 9.668999999999999817e-01 9.664249999999999785e-01
9.698250000000000481e-01 9.699750000000000316e-01 9.699124999999999552e-01 9.695249999999999702e-01 9.697375000000000300e-01 9.699375000000000080e-01 9.696000000000000174e-01 9.698124999999999662e-01 9.695249999999999702e-01 9.696124999999999883e-01 9.692874999999999686e-01 9.692250000000000032e-01 9.693125000000000213e-01 9.689375000000000071e-01 9.691250000000000142e-01 9.693749999999999867e-01 9.691625000000000378e-01 9.686249999999999583e-01 9.690499999999999670e-01 9.687124999999999764e-01
9.707999999999999963e-01 9.713000000000000522e-01 9.710124999999999451e-01 9.707624999999999726e-01 9.708999999999999853e-01 9.710874999999999924e-01 9.709624999999999506e-01 9.709124999999999561e-01 9.709375000000000089e-01 9.709375000000000089e-01 9.707249999999999490e-01 9.708624999999999616e-01 9.708375000000000199e-01 9.705500000000000238e-01 9.708250000000000490e-01 9.710999999999999632e-01 9.707375000000000309e-01 9.704000000000000403e-01 9.707375000000000309e-01 9.703000000000000513e-01
9.717999999999999972e-01 9.720874999999999932e-01 9.720750000000000224e-01 9.719875000000000043e-01 9.717375000000000318e-01 9.721250000000000169e-01 9.718750000000000444e-01 9.718250000000000499e-01 9.719499999999999806e-01 9.719250000000000389e-01 9.720999999999999641e-01 9.718499999999999917e-01 9.719999999999999751e-01 9.718624999999999625e-01 9.719999999999999751e-01 9.722499999999999476e-01 9.719750000000000334e-01 9.715624999999999956e-01 9.721999999999999531e-01 9.719875000000000043e-01
9.726624999999999854e-01 9.730374999999999996e-01 9.727749999999999453e-01 9.727624999999999744e-01 9.726375000000000437e-01 9.727375000000000327e-01 9.727375000000000327e-01 9.727124999999999799e-01 9.728124999999999689e-01 9.726749999999999563e-01 9.729750000000000343e-01 9.728499999999999925e-01 9.730374999999999996e-01 9.727375000000000327e-01 9.730374999999999996e-01 9.733125000000000249e-01 9.730124999999999469e-01 9.726375000000000437e-01 9.733249999999999957e-01 9.731750000000000123e-01
9.735624999999999973e-01 9.737999999999999989e-01 9.734249999999999847e-01 9.736875000000000391e-01 9.733625000000000194e-01 9.734125000000000139e-01 9.734374999999999556e-01 9.735500000000000265e-01 9.736124999999999918e-01 9.735125000000000028e-01 9.738499999999999934e-01 9.735749999999999682e-01 9.739875000000000060e-01 9.736124999999999918e-01 9.739375000000000115e-01 9.742750000000000021e-01 9.739750000000000352e-01 9.737375000000000336e-01 9.744125000000000147e-01 9.742125000000000368e-01
9.743000000000000549e-01 9.745125000000000037e-01 9.742125000000000368e-01 9.744625000000000092e-01 9.740250000000000297e-01 9.741125000000000478e-01 9.741499999999999604e-01 9.744874999999999510e-01 9.742750000000000021e-01 9.743249999999999966e-01 9.745500000000000274e-01 9.742750000000000021e-01 9.746000000000000218e-01 9.745000000000000329e-01 9.746000000000000218e-01 9.751374999999999904e-01 9.748124999999999707e-01 9.746375000000000455e-01 9.751750000000000140e-01 9.750124999999999487e-01
9.748999999999999888e-01 9.752625000000000322e-01 9.749624999999999542e-01 9.751999999999999558e-01 9.747875000000000290e-01 9.747624999999999762e-01 9.750499999999999723e-01 9.751750000000000140e-01 9.750375000000000014e-01 9.750625000000000542e-01 9.752750000000000030e-01 9.748750000000000471e-01 9.752750000000000030e-01 9.753749999999999920e-01 9.753249999999999975e-01 9.757875000000000298e-01 9.756124999999999936e-01 9.754500000000000393e-01 9.760375000000000023e-01 9.758750000000000480e-01
9.756624999999999881e-01 9.759375000000000133e-01 9.758499999999999952e-01 9.759250000000000425e-01 9.756000000000000227e-01 9.756624999999999881e-01 9.756875000000000409e-01 9.758000000000000007e-01 9.757000000000000117e-01 9.757375000000000353e-01 9.757875000000000298e-01 9.754500000000000393e-01 9.759624999999999551e-01 9.760625000000000551e-01 9.760999999999999677e-01 9.765125000000000055e-01 9.764000000000000457e-01 9.760999999999999677e-01 9.766749999999999599e-01 9.768124999999999725e-01
9.763625000000000220e-01 9.766875000000000417e-01 9.765875000000000528e-01 9.766624999999999890e-01 9.763749999999999929e-01 9.761874999999999858e-01 9.764374999999999583e-01 9.764625000000000110e-01 9.762125000000000385e-01 9.762625000000000330e-01 9.763500000000000512e-01 9.761874999999999858e-01 9.766875000000000417e-01 9.767124999999999835e-01 9.767500000000000071e-01 9.771250000000000213e-01 9.771625000000000449e-01 9.767875000000000307e-01 9.774125000000000174e-01 9.776000000000000245e-01
9.770750000000000268e-01 9.774500000000000410e-01 9.772625000000000339e-01 9.773749999999999938e-01 9.771374999999999922e-01 9.768750000000000488e-01 9.770750000000000268e-01 9.770999999999999686e-01 9.770250000000000323e-01 9.770499999999999741e-01 9.769750000000000378e-01 9.769499999999999851e-01 9.772874999999999757e-01 9.774874999999999536e-01 9.775125000000000064e-01 9.780250000000000332e-01 9.778999999999999915e-01 9.774500000000000410e-01 9.780375000000000041e-01 9.784874999999999545e-01
9.776875000000000426e-01 9.779999999999999805e-01 9.778875000000000206e-01 9.781625000000000458e-01 9.776749999999999607e-01 9.776749999999999607e-01 9.778624999999999678e-01 9.778124999999999734e-01 9.776875000000000426e-01 9.777249999999999552e-01 9.775500000000000300e-01 9.776500000000000190e-01 9.778499999999999970e-01 9.781250000000000222e-01 9.782374999999999821e-01 9.784749999999999837e-01 9.785875000000000545e-01 9.781874999999999876e-01 9.787500000000000089e-01 9.791750000000000176e-01
9.784125000000000183e-01 9.785875000000000545e-01 9.786375000000000490e-01 9.787500000000000089e-01 9.783374999999999710e-01 9.781750000000000167e-01 9.784374999999999600e-01 9.785125000000000073e-01 9.781750000000000167e-01 9.783250000000000002e-01 9.781625000000000458e-01 9.784000000000000474e-01 9.785374999999999490e-01 9.787875000000000325e-01 9.787500000000000089e-01 9.792499999999999538e-01 9.792625000000000357e-01 9.787875000000000325e-01 9.795374999999999499e-01 9.798999999999999932e-01
9.791750000000000176e-01 9.792625000000000357e-01 9.791874999999999885e-01 9.792250000000000121e-01 9.789624999999999577e-01 9.788875000000000215e-01 9.789750000000000396e-01 9.789999999999999813e-01 9.788875000000000215e-01 9.791250000000000231e-01 9.787749999999999506e-01 9.790874999999999995e-01 9.791499999999999648e-01 9.795374999999999499e-01 9.794874999999999554e-01 9.798750000000000515e-01 9.798750000000000515e-01 9.796000000000000263e-01 9.801625000000000476e-01 9.805500000000000327e-01
9.800124999999999531e-01 9.800375000000000059e-01 9.799250000000000460e-01 9.798249999999999460e-01 9.795000000000000373e-01 9.794749999999999845e-01 9.796624999999999917e-01 9.795625000000000027e-01 9.795500000000000318e-01 9.797000000000000153e-01 9.793500000000000538e-01 9.797000000000000153e-01 9.797749999999999515e-01 9.801750000000000185e-01 9.802125000000000421e-01 9.805249999999999799e-01 9.804125000000000201e-01 9.802625000000000366e-01 9.806749999999999634e-01 9.811125000000000540e-01
9.807000000000000162e-01 9.805500000000000327e-01 9.806375000000000508e-01 9.803749999999999964e-01 9.801874999999999893e-01 9.801250000000000240e-01 9.802750000000000075e-01 9.802999999999999492e-01 9.802125000000000421e-01 9.803500000000000547e-01 9.799624999999999586e-01 9.803125000000000311e-01 9.804125000000000201e-01 9.808624999999999705e-01 9.808499999999999996e-01 9.812999999999999501e-01 9.809250000000000469e-01 9.807624999999999815e-01 9.813250000000000028e-01 9.817124999999999879e-01
9.812499999999999556e-01 9.809875000000000123e-01 9.812499999999999556e-01 9.809124999999999650e-01 9.807124999999999870e-01 9.807500000000000107e-01 9.808750000000000524e-01 9.808000000000000052e-01 9.807000000000000162e-01 9.809375000000000178e-01 9.805749999999999744e-01 9.810875000000000012e-01 9.810250000000000359e-01 9.814625000000000155e-01 9.814749999999999863e-01 9.818249999999999478e-01 9.815625000000000044e-01 9.814249999999999918e-01 9.817749999999999533e-01 9.823374999999999746e-01
9.818624999999999714e-01 9.815000000000000391e-01 9.819999999999999840e-01 9.815000000000000391e-01 9.813250000000000028e-01 9.814249999999999918e-01 9.815249999999999808e-01 9.814500000000000446e-01 9.812625000000000375e-01 9.815000000000000391e-01 9.810999999999999721e-01 9.816875000000000462e-01 9.815500000000000336e-01 9.821125000000000549e-01 9.820999999999999730e-01 9.824000000000000510e-01 9.822874999999999801e-01 9.820624999999999494e-01 9.823874999999999691e-01 9.829124999999999668e-01
9.823749999999999982e-01 9.819499999999999895e-01 9.824749999999999872e-01 9.821750000000000203e-01 9.818999999999999950e-01 9.821125000000000549e-01 9.819875000000000131e-01 9.820750000000000313e-01 9.817500000000000115e-01 9.819750000000000423e-01 9.815500000000000336e-01 9.823250000000000037e-01 9.820750000000000313e-01 9.828375000000000306e-01 9.828249999999999487e-01 9.830124999999999558e-01 9.828375000000000306e-01 9.825374999999999526e-01 9.829250000000000487e-01 9.834500000000000464e-01
9.829750000000000432e-01 9.824749999999999872e-01 9.829499999999999904e-01 9.828124999999999778e-01 9.826000000000000290e-01 9.826749999999999652e-01 9.825000000000000400e-01 9.825374999999999526e-01 9.824000000000000510e-01 9.826249999999999707e-01 9.820999999999999730e-01 9.828624999999999723e-01 9.825874999999999471e-01 9.835249999999999826e-01 9.833625000000000282e-01 9.835000000000000409e-01 9.833874999999999700e-01 9.830750000000000322e-01 9.835249999999999826e-01 9.842499999999999583e-01
9.835000000000000409e-01 9.830250000000000377e-01 9.834374999999999645e-01 9.833625000000000282e-01 9.829375000000000195e-01 9.832750000000000101e-01 9.830250000000000377e-01 9.830624999999999503e-01 9.829750000000000432e-01 9.832250000000000156e-01 9.827375000000000416e-01 9.834000000000000519e-01 9.833250000000000046e-01 9.841124999999999456e-01 9.837375000000000425e-01 9.841499999999999693e-01 9.839124999999999677e-01 9.835874999999999480e-01 9.842499999999999583e-01 9.847500000000000142e-01
9.840624999999999512e-01 9.834000000000000519e-01 9.839875000000000149e-01 9.838375000000000314e-01 9.834125000000000227e-01 9.837375000000000425e-01 9.836125000000000007e-01 9.834625000000000172e-01 9.835749999999999771e-01 9.837375000000000425e-01 9.832250000000000156e-01 9.839499999999999913e-01 9.839250000000000496e-01 9.845874999999999488e-01 9.843625000000000291e-01 9.847749999999999559e-01 9.843874999999999709e-01 9.840624999999999512e-01 9.849999999999999867e-01 9.852374999999999883e-01
9.846125000000000016e-01 9.840875000000000039e-01 9.845625000000000071e-01 9.843125000000000346e-01 9.839375000000000204e-01 9.841999999999999638e-01 9.841250000000000275e-01 9.839624999999999622e-01 9.841250000000000275e-01 9.844125000000000236e-01 9.836249999999999716e-01 9.845249999999999835e-01 9.845874999999999488e-01 9.850124999999999575e-01 9.848124999999999796e-01 9.854125000000000245e-01 9.848624999999999741e-01 9.846875000000000488e-01 9.856125000000000025e-01 9.858375000000000332e-01
9.851124999999999465e-01 9.846000000000000307e-01 9.850375000000000103e-01 9.848249999999999504e-01 9.844500000000000473e-01 9.846125000000000016e-01 9.846875000000000488e-01 9.845874999999999488e-01 9.847875000000000378e-01 9.850250000000000394e-01 9.843125000000000346e-01 9.850250000000000394e-01 9.850250000000000394e-01 9.855749999999999789e-01 9.852874999999999828e-01 9.860250000000000403e-01 9.854374999999999662e-01 9.852250000000000174e-01 9.861124999999999474e-01 9.863874999999999726e-01
9.857624999999999860e-01 9.850750000000000339e-01 9.855874999999999497e-01 9.853874999999999718e-01 9.851750000000000229e-01 9.850750000000000339e-01 9.851750000000000229e-01 9.851874999999999938e-01 9.850750000000000339e-01 9.854374999999999662e-01 9.847375000000000433e-01 9.853625000000000300e-01 9.855625000000000080e-01 9.861124999999999474e-01 9.858249999999999513e-01 9.867000000000000215e-01 9.859124999999999694e-01 9.858000000000000096e-01 9.867375000000000451e-01 9.868875000000000286e-01
9.863499999999999490e-01 9.856249999999999734e-01 9.862250000000000183e-01 9.858999999999999986e-01 9.858124999999999805e-01 9.856624999999999970e-01 9.856624999999999970e-01 9.856500000000000261e-01 9.856375000000000552e-01 9.860375000000000112e-01 9.852874999999999828e-01 9.859375000000000222e-01 9.861250000000000293e-01 9.866374999999999451e-01 9.864000000000000545e-01 9.871874999999999956e-01 9.863499999999999490e-01 9.863874999999999726e-01 9.872125000000000483e-01 9.873125000000000373e-01
9.867000000000000215e-01 9.861375000000000002e-01 9.868000000000000105e-01 9.863374999999999782e-01 9.864500000000000490e-01 9.859250000000000513e-01 9.862499999999999600e-01 9.861874999999999947e-01 9.861375000000000002e-01 9.865874999999999506e-01 9.858000000000000096e-01 9.864249999999999963e-01 9.866125000000000034e-01 9.871124999999999483e-01 9.868500000000000050e-01 9.877124999999999932e-01 9.868000000000000105e-01 9.869375000000000231e-01 9.877500000000000169e-01 9.879250000000000531e-01
9.872625000000000428e-01 9.867249999999999632e-01 9.874000000000000554e-01 9.867875000000000396e-01 9.869250000000000522e-01 9.863499999999999490e-01 9.867749999999999577e-01 9.866374999999999451e-01 9.866500000000000270e-01 9.870375000000000121e-01 9.862625000000000419e-01 9.870750000000000357e-01 9.871750000000000247e-01 9.875874999999999515e-01 9.874000000000000554e-01 9.881375000000000020e-01 9.872625000000000428e-01 9.875000000000000444e-01 9.882125000000000492e-01 9.883874999999999744e-01
9.876875000000000515e-01 9.872625000000000428e-01 9.879250000000000531e-01 9.873125000000000373e-01 9.874625000000000208e-01 9.868749999999999467e-01 9.870999999999999774e-01 9.870124999999999593e-01 9.870375000000000121e-01 9.875874999999999515e-01 9.868000000000000105e-01 9.876249999999999751e-01 9.877000000000000224e-01 9.879750000000000476e-01 9.878375000000000350e-01 9.886749999999999705e-01 9.877749999999999586e-01 9.879375000000000240e-01 9.886624999999999996e-01 9.888749999999999485e-01
9.880624999999999547e-01 9.877375000000000460e-01 9.882999999999999563e-01 9.877749999999999586e-01 9.880124999999999602e-01 9.873125000000000373e-01 9.875125000000000153e-01 9.875249999999999861e-01 9.875749999999999806e-01 9.882250000000000201e-01 9.872999999999999554e-01 9.881625000000000547e-01 9.880999999999999783e-01 9.884125000000000272e-01 9.883499999999999508e-01 9.891250000000000320e-01 9.882499999999999618e-01 9.885249999999999870e-01 9.891499999999999737e-01 9.893750000000000044e-01
9.885249999999999870e-01 9.881750000000000256e-01 9.886249999999999760e-01 9.881874999999999964e-01 9.885000000000000453e-01 9.877749999999999586e-01 9.881124999999999492e-01 9.879750000000000476e-01 9.879624999999999657e-01 9.886249999999999760e-01 9.877749999999999586e-01 9.885374999999999579e-01 9.886125000000000052e-01 9.889124999999999721e-01 9.888375000000000359e-01 9.896875000000000533e-01 9.886749999999999705e-01 9.889375000000000249e-01 9.895625000000000115e-01 9.898749999999999494e-01
9.889750000000000485e-01 9.886374999999999469e-01 9.890375000000000139e-01 9.888500000000000068e-01 9.888749999999999485e-01 9.883250000000000091e-01 9.885874999999999524e-01 9.885125000000000162e-01 9.883250000000000091e-01 9.889750000000000485e-01 9.882125000000000492e-01 9.890875000000000083e-01 9.891999999999999682e-01 9.895125000000000171e-01 9.893999999999999462e-01 9.902125000000000510e-01 9.891999999999999682e-01 9.896000000000000352e-01 9.900375000000000147e-01 9.904249999999999998e-01
9.894249999999999989e-01 9.891250000000000320e-01 9.895500000000000407e-01 9.892999999999999572e-01 9.891999999999999682e-01 9.888249999999999540e-01 9.890999999999999792e-01 9.889999999999999902e-01 9.888124999999999831e-01 9.893125000000000391e-01 9.887875000000000414e-01 9.896374999999999478e-01 9.897624999999999895e-01 9.900250000000000439e-01 9.898124999999999840e-01 9.907000000000000250e-01 9.899000000000000021e-01 9.901750000000000274e-01 9.905500000000000416e-01 9.907875000000000432e-01
9.899999999999999911e-01 9.896125000000000060e-01 9.900499999999999856e-01 9.897749999999999604e-01 9.895874999999999533e-01 9.894125000000000281e-01 9.896125000000000060e-01 9.895249999999999879e-01 9.892874999999999863e-01 9.898249999999999549e-01 9.891375000000000028e-01 9.901999999999999691e-01 9.901999999999999691e-01 9.904125000000000290e-01 9.902374999999999927e-01 9.911999999999999700e-01 9.902750000000000163e-01 9.906749999999999723e-01 9.909624999999999684e-01 9.910999999999999810e-01
9.906749999999999723e-01 9.900124999999999620e-01 9.904500000000000526e-01 9.901874999999999982e-01 9.901499999999999746e-01 9.898124999999999840e-01 9.899250000000000549e-01 9.899250000000000549e-01 9.896625000000000005e-01 9.901624999999999455e-01 9.896249999999999769e-01 9.906000000000000361e-01 9.906875000000000542e-01 9.908249999999999558e-01 9.906000000000000361e-01 9.917000000000000259e-01 9.907000000000000250e-01 9.910624999999999574e-01 9.914625000000000243e-01 9.915749999999999842e-01
9.911124999999999519e-01 9.905000000000000471e-01 9.908624999999999794e-01 9.905500000000000416e-01 9.905249999999999888e-01 9.902750000000000163e-01 9.903999999999999471e-01 9.903250000000000108e-01 9.901874999999999982e-01 9.906249999999999778e-01 9.901124999999999510e-01 9.908624999999999794e-01 9.911750000000000282e-01 9.912625000000000464e-01 9.910250000000000448e-01 9.921250000000000346e-01 9.911250000000000338e-01 9.914874999999999661e-01 9.918875000000000330e-01 9.919999999999999929e-01
9.914250000000000007e-01 9.910375000000000156e-01 9.914250000000000007e-01 9.908749999999999503e-01 9.907749999999999613e-01 9.908249999999999558e-01 9.910999999999999810e-01 9.908875000000000322e-01 9.905125000000000179e-01 9.910499999999999865e-01 9.906374999999999487e-01 9.912750000000000172e-01 9.916000000000000369e-01 9.916500000000000314e-01 9.913625000000000353e-01 9.925125000000000197e-01 9.916625000000000023e-01 9.919249999999999456e-01 9.922374999999999945e-01 9.925374999999999615e-01
9.918124999999999858e-01 9.914625000000000243e-01 9.917124999999999968e-01 9.914250000000000007e-01 9.911999999999999700e-01 9.911499999999999755e-01 9.915125000000000188e-01 9.913750000000000062e-01 9.909499999999999975e-01 9.914874999999999661e-01 9.911624999999999464e-01 9.915874999999999551e-01 9.920250000000000457e-01 9.922250000000000236e-01 9.919249999999999456e-01 9.928749999999999520e-01 9.920250000000000457e-01 9.925000000000000488e-01 9.925874999999999559e-01 9.931499999999999773e-01
9.922125000000000528e-01 9.919999999999999929e-01 9.920875000000000110e-01 9.918875000000000330e-01 9.916000000000000369e-01 9.915374999999999606e-01 9.918749999999999512e-01 9.919124999999999748e-01 9.913374999999999826e-01 9.919000000000000039e-01 9.917000000000000259e-01 9.919999999999999929e-01 9.923125000000000417e-01 9.926000000000000378e-01 9.923750000000000071e-01 9.932750000000000190e-01 9.925500000000000433e-01 9.927749999999999631e-01 9.930875000000000119e-01 9.933999999999999497e-01
9.926249999999999796e-01 9.923125000000000417e-01 9.924500000000000544e-01 9.922125000000000528e-01 9.920624999999999583e-01 9.920499999999999874e-01 9.922374999999999945e-01 9.923625000000000362e-01 9.917500000000000204e-01 9.922874999999999890e-01 9.920999999999999819e-01 9.925500000000000433e-01 9.927500000000000213e-01 9.929000000000000048e-01 9.927124999999999977e-01 9.937000000000000277e-01 9.929875000000000229e-01 9.931624999999999481e-01 9.934374999999999734e-01 9.937875000000000458e-01
9.929375000000000284e-01 9.927624999999999922e-01 9.929499999999999993e-01 9.926000000000000378e-01 9.924874999999999670e-01 9.924500000000000544e-01 9.925625000000000142e-01 9.928375000000000394e-01 9.921875000000000000e-01 9.927375000000000504e-01 9.924874999999999670e-01 9.929000000000000048e-01 9.931250000000000355e-01 9.932999999999999607e-01 9.931624999999999481e-01 9.941375000000000073e-01 9.933999999999999497e-01 9.934749999999999970e-01 9.938624999999999821e-01 9.941624999999999490e-01
9.933125000000000426e-01 9.931375000000000064e-01 9.934250000000000025e-01 9.929875000000000229e-01 9.928749999999999520e-01 9.927624999999999922e-01 9.929499999999999993e-01 9.932874999999999899e-01 9.925749999999999851e-01 9.931250000000000355e-01 9.929999999999999938e-01 9.934250000000000025e-01 9.936000000000000387e-01 9.936874999999999458e-01 9.936374999999999513e-01 9.944499999999999451e-01 9.938500000000000112e-01 9.939000000000000057e-01 9.942374999999999963e-01 9.946625000000000050e-01
9.936749999999999750e-01 9.933499999999999552e-01 9.938000000000000167e-01 9.933374999999999844e-01 9.931875000000000009e-01 9.931124999999999536e-01 9.933499999999999552e-01 9.936125000000000096e-01 9.928375000000000394e-01 9.935625000000000151e-01 9.934749999999999970e-01 9.937624999999999931e-01 9.939624999999999710e-01 9.939624999999999710e-01 9.939249999999999474e-01 9.948249999999999593e-01 9.942625000000000490e-01 9.942874999999999908e-01 9.946374999999999522e-01 9.949249999999999483e-01
9.940124999999999655e-01 9.938124999999999876e-01 9.940750000000000419e-01 9.937500000000000222e-01 9.935749999999999860e-01 9.935874999999999568e-01 9.937124999999999986e-01 9.940750000000000419e-01 9.933125000000000426e-01 9.939124999999999766e-01 9.937124999999999986e-01 9.941499999999999782e-01 9.944250000000000034e-01 9.943125000000000435e-01 9.942125000000000545e-01 9.950999999999999845e-01 9.946125000000000105e-01 9.946500000000000341e-01 9.949875000000000247e-01 9.952499999999999680e-01
9.943874999999999797e-01 9.942625000000000490e-01 9.944749999999999979e-01 9.942374999999999963e-01 9.940124999999999655e-01 9.941624999999999490e-01 9.941499999999999782e-01 9.944749999999999979e-01 9.937749999999999639e-01 9.942499999999999671e-01 9.941250000000000364e-01 9.944499999999999451e-01 9.947249999999999703e-01 9.947375000000000522e-01 9.946000000000000396e-01 9.953374999999999861e-01 9.949000000000000066e-01 9.949750000000000538e-01 9.953250000000000153e-01 9.955625000000000169e-01
9.947124999999999995e-01 9.946000000000000396e-01 9.947000000000000286e-01 9.947000000000000286e-01 9.945374999999999632e-01 9.945625000000000160e-01 9.944125000000000325e-01 9.948749999999999538e-01 9.942125000000000545e-01 9.946249999999999813e-01 9.944874999999999687e-01 9.948249999999999593e-01 9.950999999999999845e-01 9.950750000000000428e-01 9.948875000000000357e-01 9.956625000000000059e-01 9.952999999999999625e-01 9.952750000000000208e-01 9.956749999999999767e-01 9.958500000000000130e-01
9.949999999999999956e-01 9.948375000000000412e-01 9.949750000000000538e-01 9.949500000000000011e-01 9.948749999999999538e-01 9.948500000000000121e-01 9.947749999999999648e-01 9.952499999999999680e-01 9.946000000000000396e-01 9.949124999999999774e-01 9.948249999999999593e-01 9.952125000000000554e-01 9.953750000000000098e-01 9.954499999999999460e-01 9.952750000000000208e-01 9.959750000000000547e-01 9.955749999999999877e-01 9.956374999999999531e-01 9.959999999999999964e-01 9.960375000000000201e-01
9.954125000000000334e-01 9.951250000000000373e-01 9.952874999999999917e-01 9.952125000000000554e-01 9.952374999999999972e-01 9.952374999999999972e-01 9.951375000000000082e-01 9.957249999999999712e-01 9.949375000000000302e-01 9.953750000000000098e-01 9.951750000000000318e-01 9.956374999999999531e-01 9.956749999999999767e-01 9.957249999999999712e-01 9.955125000000000224e-01 9.963125000000000453e-01 9.959375000000000311e-01 9.959875000000000256e-01 9.963250000000000162e-01 9.962374999999999980e-01
9.956625000000000059e-01 9.955125000000000224e-01 9.957375000000000531e-01 9.954499999999999460e-01 9.955125000000000224e-01 9.956749999999999767e-01 9.954749999999999988e-01 9.960250000000000492e-01 9.953499999999999570e-01 9.956874999999999476e-01 9.955125000000000224e-01 9.958624999999999838e-01 9.960375000000000201e-01 9.960750000000000437e-01 9.958249999999999602e-01 9.966000000000000414e-01 9.961499999999999799e-01 9.962374999999999980e-01 9.965125000000000233e-01 9.965374999999999650e-01
9.959624999999999728e-01 9.958124999999999893e-01 9.961624999999999508e-01 9.958000000000000185e-01 9.958249999999999602e-01 9.959500000000000020e-01 9.958124999999999893e-01 9.963499999999999579e-01 9.956625000000000059e-01 9.959750000000000547e-01 9.957375000000000531e-01 9.960875000000000146e-01 9.963750000000000107e-01 9.963874999999999815e-01 9.961250000000000382e-01 9.968375000000000430e-01 9.964499999999999469e-01 9.965374999999999650e-01 9.967249999999999721e-01 9.968749999999999556e-01
9.962874999999999925e-01 9.961624999999999508e-01 9.964749999999999996e-01 9.960124999999999673e-01 9.960999999999999854e-01 9.962750000000000217e-01 9.960375000000000201e-01 9.966625000000000068e-01 9.959500000000000020e-01 9.962750000000000217e-01 9.959999999999999964e-01 9.963999999999999524e-01 9.966374999999999540e-01 9.967249999999999721e-01 9.964499999999999469e-01 9.969124999999999792e-01 9.967875000000000485e-01 9.968624999999999847e-01 9.969375000000000320e-01 9.971750000000000336e-01
9.965749999999999886e-01 9.965374999999999650e-01 9.967249999999999721e-01 9.963374999999999870e-01 9.964499999999999469e-01 9.966125000000000123e-01 9.963874999999999815e-01 9.969124999999999792e-01 9.962874999999999925e-01 9.967125000000000012e-01 9.962374999999999980e-01 9.967000000000000304e-01 9.969124999999999792e-01 9.970124999999999682e-01 9.966374999999999540e-01 9.971375000000000099e-01 9.970499999999999918e-01 9.971250000000000391e-01 9.971375000000000099e-01 9.973874999999999824e-01
9.967875000000000485e-01 9.968749999999999556e-01 9.969999999999999973e-01 9.967125000000000012e-01 9.967125000000000012e-01 9.969124999999999792e-01 9.967000000000000304e-01 9.972374999999999989e-01 9.965000000000000524e-01 9.970250000000000501e-01 9.966000000000000414e-01 9.971250000000000391e-01 9.971250000000000391e-01 9.972750000000000226e-01 9.969000000000000083e-01 9.974499999999999478e-01 9.973250000000000171e-01 9.973250000000000171e-01 9.973750000000000115e-01 9.976374999999999549e-01
9.970499999999999918e-01 9.971375000000000099e-01 9.973250000000000171e-01 9.970750000000000446e-01 9.969999999999999973e-01 9.972499999999999698e-01 9.970499999999999918e-01 9.973874999999999824e-01 9.967000000000000304e-01 9.972625000000000517e-01 9.969375000000000320e-01 9.973625000000000407e-01 9.973874999999999824e-01 9.976125000000000131e-01 9.971624999999999517e-01 9.976874999999999494e-01 9.975374999999999659e-01 9.975249999999999950e-01 9.976749999999999785e-01 9.978249999999999620e-01
9.973125000000000462e-01 9.975000000000000533e-01 9.975874999999999604e-01 9.973374999999999879e-01 9.972250000000000281e-01 9.974125000000000352e-01 9.973874999999999824e-01 9.976625000000000076e-01 9.970250000000000501e-01 9.974250000000000060e-01 9.971750000000000336e-01 9.976749999999999785e-01 9.976500000000000368e-01 9.977749999999999675e-01 9.973625000000000407e-01 9.979124999999999801e-01 9.977749999999999675e-01 9.977624999999999966e-01 9.979375000000000329e-01 9.980124999999999691e-01
9.976500000000000368e-01 9.976625000000000076e-01 9.978124999999999911e-01 9.976125000000000131e-01 9.974874999999999714e-01 9.976374999999999549e-01 9.976000000000000423e-01 9.978749999999999565e-01 9.972625000000000517e-01 9.976749999999999785e-01 9.973750000000000115e-01 9.978624999999999856e-01 9.978749999999999565e-01 9.979624999999999746e-01 9.975374999999999659e-01 9.981250000000000400e-01 9.979500000000000037e-01 9.979999999999999982e-01 9.980624999999999636e-01 9.981999999999999762e-01
9.978624999999999856e-01 9.978500000000000147e-01 9.979875000000000274e-01 9.979000000000000092e-01 9.976874999999999494e-01 9.977875000000000494e-01 9.978749999999999565e-01 9.980624999999999636e-01 9.976249999999999840e-01 9.978875000000000384e-01 9.976125000000000131e-01 9.980624999999999636e-01 9.980624999999999636e-01 9.981999999999999762e-01 9.978000000000000203e-01 9.983499999999999597e-01 9.980624999999999636e-01 9.981499999999999817e-01 9.981999999999999762e-01 9.984499999999999487e-01
9.980250000000000510e-01 9.980375000000000218e-01 9.981875000000000053e-01 9.980999999999999872e-01 9.979375000000000329e-01 9.979500000000000037e-01 9.980499999999999927e-01 9.982374999999999998e-01 9.979000000000000092e-01 9.980750000000000455e-01 9.977749999999999675e-01 9.981875000000000053e-01 9.982250000000000290e-01 9.983374999999999888e-01 9.980999999999999872e-01 9.985000000000000542e-01 9.982750000000000234e-01 9.983125000000000471e-01 9.983625000000000416e-01 9.986249999999999849e-01
9.981999999999999762e-01 9.982124999999999471e-01 9.983125000000000471e-01 9.982499999999999707e-01 9.981999999999999762e-01 9.982250000000000290e-01 9.981624999999999526e-01 9.984125000000000361e-01 9.981624999999999526e-01 9.982124999999999471e-01 9.979500000000000037e-01 9.983750000000000124e-01 9.984499999999999487e-01 9.984499999999999487e-01 9.982250000000000290e-01 9.986749999999999794e-01 9.984625000000000306e-01 9.985249999999999959e-01 9.986249999999999849e-01 9.986874999999999503e-01
9.984125000000000361e-01 9.984374999999999778e-01 9.984874999999999723e-01 9.984374999999999778e-01 9.984125000000000361e-01 9.983874999999999833e-01 9.983125000000000471e-01 9.986500000000000377e-01 9.983625000000000416e-01 9.983374999999999888e-01 9.980999999999999872e-01 9.985249999999999959e-01 9.985874999999999613e-01 9.986749999999999794e-01 9.984250000000000069e-01 9.988000000000000211e-01 9.986874999999999503e-01 9.987249999999999739e-01 9.987624999999999975e-01 9.989000000000000101e-01
9.985625000000000195e-01 9.985749999999999904e-01 9.986249999999999849e-01 9.986000000000000432e-01 9.985374999999999668e-01 9.985000000000000542e-01 9.984874999999999723e-01 9.988000000000000211e-01 9.985000000000000542e-01 9.985874999999999613e-01 9.982874999999999943e-01 9.987125000000000030e-01 9.987249999999999739e-01 9.988375000000000448e-01 9.986500000000000377e-01 9.989749999999999464e-01 9.987624999999999975e-01 9.988375000000000448e-01 9.988749999999999574e-01 9.990250000000000519e-01
9.986749999999999794e-01 9.987125000000000030e-01 9.988000000000000211e-01 9.988000000000000211e-01 9.986874999999999503e-01 9.986874999999999503e-01 9.986500000000000377e-01 9.989249999999999519e-01 9.986125000000000140e-01 9.987875000000000503e-01 9.984625000000000306e-01 9.989624999999999755e-01 9.989000000000000101e-01 9.989500000000000046e-01 9.988375000000000448e-01 9.990624999999999645e-01 9.989124999999999810e-01 9.989124999999999810e-01 9.990499999999999936e-01 9.991750000000000353e-01
9.988500000000000156e-01 9.989624999999999755e-01 9.989999999999999991e-01 9.989875000000000282e-01 9.988875000000000393e-01 9.988749999999999574e-01 9.988375000000000448e-01 9.991250000000000409e-01 9.988124999999999920e-01 9.989249999999999519e-01 9.986249999999999849e-01 9.990875000000000172e-01 9.989875000000000282e-01 9.990375000000000227e-01 9.989875000000000282e-01 9.991624999999999535e-01 9.990999999999999881e-01 9.990499999999999936e-01 9.991375000000000117e-01 9.992625000000000535e-01
9.989624999999999755e-01 9.991624999999999535e-01 9.990999999999999881e-01 9.991875000000000062e-01 9.990250000000000519e-01 9.990124999999999700e-01 9.989500000000000046e-01 9.992250000000000298e-01 9.989249999999999519e-01 9.990124999999999700e-01 9.988000000000000211e-01 9.992250000000000298e-01 9.990875000000000172e-01 9.990999999999999881e-01 9.991250000000000409e-01 9.992625000000000535e-01 9.991999999999999771e-01 9.991499999999999826e-01 9.991875000000000062e-01 9.993125000000000480e-01
9.990499999999999936e-01 9.992874999999999952e-01 9.992250000000000298e-01 9.992625000000000535e-01 9.991875000000000062e-01 9.991124999999999590e-01 9.991124999999999590e-01 9.992625000000000535e-01 9.989875000000000282e-01 9.991250000000000409e-01 9.989124999999999810e-01 9.993125000000000480e-01 9.991499999999999826e-01 9.991750000000000353e-01 9.992124999999999480e-01 9.993625000000000425e-01 9.992499999999999716e-01 9.992999999999999661e-01 9.993374999999999897e-01 9.993999999999999551e-01
9.992499999999999716e-01 9.993874999999999842e-01 9.992874999999999952e-01 9.993250000000000188e-01 9.992124999999999480e-01 9.992625000000000535e-01 9.992499999999999716e-01 9.993125000000000480e-01 9.991250000000000409e-01 9.991999999999999771e-01 9.991124999999999590e-01 9.993750000000000133e-01 9.992625000000000535e-01 9.992874999999999952e-01 9.993125000000000480e-01 9.994125000000000369e-01 9.993750000000000133e-01 9.993625000000000425e-01 9.993750000000000133e-01 9.994750000000000023e-01
9.993750000000000133e-01 9.995125000000000259e-01 9.993750000000000133e-01 9.994250000000000078e-01 9.992999999999999661e-01 9.992874999999999952e-01 9.994374999999999787e-01 9.993625000000000425e-01 9.992625000000000535e-01 9.992499999999999716e-01 9.992124999999999480e-01 9.994750000000000023e-01 9.993499999999999606e-01 9.993999999999999551e-01 9.993999999999999551e-01 9.994499999999999496e-01 9.994374999999999787e-01 9.994374999999999787e-01 9.994499999999999496e-01 9.996000000000000441e-01
9.994625000000000314e-01 9.996000000000000441e-01 9.995000000000000551e-01 9.995125000000000259e-01 9.993874999999999842e-01 9.993374999999999897e-01 9.995249999999999968e-01 9.994625000000000314e-01 9.993125000000000480e-01 9.993999999999999551e-01 9.992750000000000243e-01 9.995000000000000551e-01 9.994374999999999787e-01 9.995249999999999968e-01 9.994750000000000023e-01 9.995125000000000259e-01 9.994750000000000023e-01 9.995749999999999913e-01 9.995249999999999968e-01 9.996500000000000385e-01
9.995749999999999913e-01 9.996500000000000385e-01 9.996000000000000441e-01 9.995500000000000496e-01 9.994750000000000023e-01 9.994250000000000078e-01 9.996000000000000441e-01 9.995249999999999968e-01 9.994250000000000078e-01 9.994625000000000314e-01 9.993374999999999897e-01 9.996249999999999858e-01 9.995000000000000551e-01 9.995625000000000204e-01 9.995125000000000259e-01 9.995500000000000496e-01 9.995500000000000496e-01 9.996000000000000441e-01 9.996000000000000441e-01 9.996625000000000094e-01
9.996874999999999512e-01 9.996874999999999512e-01 9.996874999999999512e-01 9.995874999999999622e-01 9.995374999999999677e-01 9.995625000000000204e-01 9.996374999999999567e-01 9.996000000000000441e-01 9.995125000000000259e-01 9.995000000000000551e-01 9.994750000000000023e-01 9.996500000000000385e-01 9.995374999999999677e-01 9.996249999999999858e-01 9.995749999999999913e-01 9.996125000000000149e-01 9.996125000000000149e-01 9.996500000000000385e-01 9.996374999999999567e-01 9.997000000000000330e-01
9.997249999999999748e-01 9.997374999999999456e-01 9.997249999999999748e-01 9.996500000000000385e-01 9.996000000000000441e-01 9.996249999999999858e-01 9.996625000000000094e-01 9.996500000000000385e-01 9.996249999999999858e-01 9.995374999999999677e-01 9.995625000000000204e-01 9.996874999999999512e-01 9.996000000000000441e-01 9.996749999999999803e-01 9.996125000000000149e-01 9.997000000000000330e-01 9.996749999999999803e-01 9.997000000000000330e-01 9.997125000000000039e-01 9.997749999999999693e-01
9.997749999999999693e-01 9.997875000000000512e-01 9.997875000000000512e-01 9.996749999999999803e-01 9.996874999999999512e-01 9.997249999999999748e-01 9.997000000000000330e-01 9.997249999999999748e-01 9.996625000000000094e-01 9.995749999999999913e-01 9.996874999999999512e-01 9.997125000000000039e-01 9.996874999999999512e-01 9.997374999999999456e-01 9.996749999999999803e-01 9.997249999999999748e-01 9.997125000000000039e-01 9.997500000000000275e-01 9.997624999999999984e-01 9.998249999999999638e-01
9.998124999999999929e-01 9.998249999999999638e-01 9.998249999999999638e-01 9.997374999999999456e-01 9.997500000000000275e-01 9.998000000000000220e-01 9.997624999999999984e-01 9.997624999999999984e-01 9.997000000000000330e-01 9.996374999999999567e-01 9.997249999999999748e-01 9.997624999999999984e-01 9.997749999999999693e-01 9.997875000000000512e-01 9.997125000000000039e-01 9.997500000000000275e-01 9.997249999999999748e-01 9.997875000000000512e-01 9.998375000000000457e-01 9.998875000000000401e-01
9.998500000000000165e-01 9.998375000000000457e-01 9.998875000000000401e-01 9.998124999999999929e-01 9.997624999999999984e-01 9.998124999999999929e-01 9.998000000000000220e-01 9.997875000000000512e-01 9.997374999999999456e-01 9.997125000000000039e-01 9.997500000000000275e-01 9.998000000000000220e-01 9.998000000000000220e-01 9.998124999999999929e-01 9.997875000000000512e-01 9.997624999999999984e-01 9.997749999999999693e-01 9.998124999999999929e-01 9.999000000000000110e-01 9.998875000000000401e-01
9.998875000000000401e-01 9.998375000000000457e-01 9.998875000000000401e-01 9.998375000000000457e-01 9.998249999999999638e-01 9.998375000000000457e-01 9.998249999999999638e-01 9.998375000000000457e-01 9.997500000000000275e-01 9.997749999999999693e-01 9.997875000000000512e-01 9.998124999999999929e-01 9.998249999999999638e-01 9.998249999999999638e-01 9.998000000000000220e-01 9.997749999999999693e-01 9.998000000000000220e-01 9.998375000000000457e-01 9.999124999999999819e-01 9.999124999999999819e-01
9.999249999999999527e-01 9.998749999999999583e-01 9.999124999999999819e-01 9.998749999999999583e-01 9.998624999999999874e-01 9.998749999999999583e-01 9.998749999999999583e-01 9.998375000000000457e-01 9.998000000000000220e-01 9.998000000000000220e-01 9.998500000000000165e-01 9.998249999999999638e-01 9.998875000000000401e-01 9.998375000000000457e-01 9.998375000000000457e-01 9.998375000000000457e-01 9.998375000000000457e-01 9.998624999999999874e-01 9.999124999999999819e-01 9.999124999999999819e-01
9.999375000000000346e-01 9.998875000000000401e-01 9.999375000000000346e-01 9.998875000000000401e-01 9.998875000000000401e-01 9.999000000000000110e-01 9.998749999999999583e-01 9.998749999999999583e-01 9.998375000000000457e-01 9.998000000000000220e-01 9.998624999999999874e-01 9.998500000000000165e-01 9.999124999999999819e-01 9.998875000000000401e-01 9.998375000000000457e-01 9.998624999999999874e-01 9.998624999999999874e-01 9.998749999999999583e-01 9.999249999999999527e-01 9.999375000000000346e-01
9.999500000000000055e-01 9.999000000000000110e-01 9.999624999999999764e-01 9.999249999999999527e-01 9.999124999999999819e-01 9.999000000000000110e-01 9.998749999999999583e-01 9.999249999999999527e-01 9.998749999999999583e-01 9.998249999999999638e-01 9.999124999999999819e-01 9.999000000000000110e-01 9.999249999999999527e-01 9.999000000000000110e-01 9.998749999999999583e-01 9.998875000000000401e-01 9.998875000000000401e-01 9.998749999999999583e-01 9.999249999999999527e-01 9.999375000000000346e-01
9.999624999999999764e-01 9.999000000000000110e-01 9.999749999999999472e-01 9.999375000000000346e-01 9.999500000000000055e-01 9.999249999999999527e-01 9.999000000000000110e-01 9.999375000000000346e-01 9.999000000000000110e-01 9.998375000000000457e-01 9.999249999999999527e-01 9.999124999999999819e-01 9.999249999999999527e-01 9.999124999999999819e-01 9.998749999999999583e-01 9.998875000000000401e-01 9.999124999999999819e-01 9.998875000000000401e-01 9.999500000000000055e-01 9.999375000000000346e-01
9.999624999999999764e-01 9.999124999999999819e-01 9.999749999999999472e-01 9.999375000000000346e-01 9.999500000000000055e-01 9.999375000000000346e-01 9.999124999999999819e-01 9.999375000000000346e-01 9.999249999999999527e-01 9.998624999999999874e-01 9.999500000000000055e-01 9.999249999999999527e-01 9.999375000000000346e-01 9.999249999999999527e-01 9.998749999999999583e-01 9.999124999999999819e-01 9.999124999999999819e-01 9.999000000000000110e-01 9.999624999999999764e-01 9.999375000000000346e-01
9.999624999999999764e-01 9.999375000000000346e-01 9.999749999999999472e-01 9.999624999999999764e-01 9.999500000000000055e-01 9.999375000000000346e-01 9.999124999999999819e-01 9.999500000000000055e-01 9.999375000000000346e-01 9.998749999999999583e-01 9.999500000000000055e-01 9.999375000000000346e-01 9.999500000000000055e-01 9.999249999999999527e-01 9.998875000000000401e-01 9.999249999999999527e-01 9.999124999999999819e-01 9.999124999999999819e-01 9.999875000000000291e-01 9.999749999999999472e-01
9.999624999999999764e-01 9.999500000000000055e-01 9.999749999999999472e-01 9.999624999999999764e-01 9.999500000000000055e-01 9.999500000000000055e-01 9.999375000000000346e-01 9.999624999999999764e-01 9.999375000000000346e-01 9.998749999999999583e-01 9.999624999999999764e-01 9.999375000000000346e-01 9.999749999999999472e-01 9.999500000000000055e-01 9.999124999999999819e-01 9.999375000000000346e-01 9.999500000000000055e-01 9.999249999999999527e-01 9.999875000000000291e-01 9.999749999999999472e-01
9.999624999999999764e-01 9.999749999999999472e-01 9.999749999999999472e-01 9.999624999999999764e-01 9.999500000000000055e-01 9.999500000000000055e-01 9.999500000000000055e-01 9.999624999999999764e-01 9.999375000000000346e-01 9.998875000000000401e-01 9.999624999999999764e-01 9.999375000000000346e-01 9.999749999999999472e-01 9.999500000000000055e-01 9.999249999999999527e-01 9.999500000000000055e-01 9.999624999999999764e-01 9.999500000000000055e-01 1.000000000000000000e+00 9.999749999999999472e-01
9.999749999999999472e-01 9.999749999999999472e-01 9.999749999999999472e-01 9.999749999999999472e-01 9.999624999999999764e-01 9.999624999999999764e-01 9.999624999999999764e-01 9.999624999999999764e-01 9.999624999999999764e-01 9.999124999999999819e-01 9.999749999999999472e-01 9.999624999999999764e-01 9.999875000000000291e-01 9.999624999999999764e-01 9.999249999999999527e-01 9.999500000000000055e-01 9.999624999999999764e-01 9.999500000000000055e-01 1.000000000000000000e+00 9.999875000000000291e-01
9.999875000000000291e-01 9.999749999999999472e-01 9.999749999999999472e-01 9.999749999999999472e-01 9.999624999999999764e-01 9.999749999999999472e-01 9.999749999999999472e-01 9.999749999999999472e-01 9.999624999999999764e-01 9.999375000000000346e-01 9.999749999999999472e-01 9.999624999999999764e-01 9.999875000000000291e-01 9.999624999999999764e-01 9.999249999999999527e-01 9.999624999999999764e-01 9.999624999999999764e-01 9.999624999999999764e-01 1.000000000000000000e+00 1.000000000000000000e+00
9.999875000000000291e-01 9.999875000000000291e-01 9.999749999999999472e-01 9.999749999999999472e-01 9.999749999999999472e-01 9.999749999999999472e-01 9.999749999999999472e-01 9.999749999999999472e-01 9.999749999999999472e-01 9.999624999999999764e-01 9.999875000000000291e-01 9.999624999999999764e-01 1.000000000000000000e+00 9.999749999999999472e-01 9.999249999999999527e-01 9.999749999999999472e-01 9.999624999999999764e-01 9.999624999999999764e-01 1.000000000000000000e+00 1.000000000000000000e+00
9.999875000000000291e-01 9.999875000000000291e-01 9.999875000000000291e-01 9.999875000000000291e-01 9.999749999999999472e-01 9.999749999999999472e-01 9.999749999999999472e-01 9.999749999999999472e-01 9.999749999999999472e-01 9.999624999999999764e-01 9.999875000000000291e-01 9.999624999999999764e-01 1.000000000000000000e+00 9.999749999999999472e-01 9.999249999999999527e-01 9.999749999999999472e-01 9.999749999999999472e-01 9.999749999999999472e-01 1.000000000000000000e+00 1.000000000000000000e+00
9.999875000000000291e-01 9.999875000000000291e-01 9.999875000000000291e-01 9.999875000000000291e-01 9.999749999999999472e-01 9.999749999999999472e-01 9.999749999999999472e-01 9.999749999999999472e-01 9.999875000000000291e-01 9.999749999999999472e-01 1.000000000000000000e+00 9.999749999999999472e-01 1.000000000000000000e+00 9.999749999999999472e-01 9.999375000000000346e-01 9.999749999999999472e-01 9.999749999999999472e-01 9.999749999999999472e-01 1.000000000000000000e+00 1.000000000000000000e+00
9.999875000000000291e-01 9.999875000000000291e-01 9.999875000000000291e-01 9.999875000000000291e-01 9.999749999999999472e-01 9.999749999999999472e-01 9.999749999999999472e-01 9.999875000000000291e-01 1.000000000000000000e+00 9.999749999999999472e-01 1.000000000000000000e+00 1.000000000000000000e+00 1.000000000000000000e+00 9.999749999999999472e-01 9.999500000000000055e-01 9.999749999999999472e-01 9.999875000000000291e-01 9.999875000000000291e-01 1.000000000000000000e+00 1.000000000000000000e+00
9.999875000000000291e-01 1.000000000000000000e+00 9.999875000000000291e-01 9.999875000000000291e-01 9.999875000000000291e-01 9.999749999999999472e-01 9.999749999999999472e-01 9.999875000000000291e-01 1.000000000000000000e+00 9.999875000000000291e-01 1.000000000000000000e+00 1.000000000000000000e+00 1.000000000000000000e+00 9.999749999999999472e-01 9.999624999999999764e-01 9.999749999999999472e-01 9.999875000000000291e-01 9.999875000000000291e-01 1.000000000000000000e+00 1.000000000000000000e+00
9.999875000000000291e-01 1.000000000000000000e+00 9.999875000000000291e-01 9.999875000000000291e-01 9.999875000000000291e-01 9.999749999999999472e-01 9.999749999999999472e-01 9.999875000000000291e-01 1.000000000000000000e+00 9.999875000000000291e-01 1.000000000000000000e+00 1.000000000000000000e+00 1.000000000000000000e+00 9.999749999999999472e-01 9.999624999999999764e-01 9.999749999999999472e-01 9.999875000000000291e-01 9.999875000000000291e-01 1.000000000000000000e+00 1.000000000000000000e+00
9.999875000000000291e-01 1.000000000000000000e+00 1.000000000000000000e+00 9.999875000000000291e-01 9.999875000000000291e-01 1.000000000000000000e+00 9.999875000000000291e-01 9.999875000000000291e-01 1.000000000000000000e+00 1.000000000000000000e+00 1.000000000000000000e+00 1.000000000000000000e+00 1.000000000000000000e+00 9.999875000000000291e-01 9.999749999999999472e-01 9.999749999999999472e-01 1.000000000000000000e+00 9.999875000000000291e-01 1.000000000000000000e+00 1.000000000000000000e+00
9.999875000000000291e-01 1.000000000000000000e+00 1.000000000000000000e+00 9.999875000000000291e-01 9.999875000000000291e-01 1.000000000000000000e+00 9.999875000000000291e-01 9.999875000000000291e-01 1.000000000000000000e+00 1.000000000000000000e+00 1.000000000000000000e+00 1.000000000000000000e+00 1.000000000000000000e+00 9.999875000000000291e-01 9.999749999999999472e-01 9.999749999999999472e-01 1.000000000000000000e+00 9.999875000000000291e-01 1.000000000000000000e+00 1.000000000000000000e+00
9.999875000000000291e-01 1.000000000000000000e+00 1.000000000000000000e+00 9.999875000000000291e-01 9.999875000000000291e-01 1.000000000000000000e+00 9.999875000000000291e-01 9.999875000000000291e-01 1.000000000000000000e+00 1.000000000000000000e+00 1.000000000000000000e+00 1.000000000000000000e+00 1.000000000000000000e+00 9.999875000000000291e-01 9.999875000000000291e-01 1.000000000000000000e+00 1.000000000000000000e+00 1.000000000000000000e+00 1.000000000000000000e+00 1.000000000000000000e+00
9.999875000000000291e-01 1.000000000000000000e+00 1.000000000000000000e+00 9.999875000000000291e-01 9.999875000000000291e-01 1.000000000000000000e+00 9.999875000000000291e-01 9.999875000000000291e-01 1.000000000000000000e+00 1.000000000000000000e+00 1.000000000000000000e+00 1.000000000000000000e+00 1.000000000000000000e+00 9.999875000000000291e-01 9.999875000000000291e-01 1.000000000000000000e+00 1.000000000000000000e+00 1.000000000000000000e+00 1.000000000000000000e+00 1.000000000000000000e+00
9.999875000000000291e-01 1.000000000000000000e+00 1.000000000000000000e+00 9.999875000000000291e-01 9.999875000000000291e-01 1.000000000000000000e+00 9.999875000000000291e-01 9.999875000000000291e-01 1.000000000000000000e+00 1.000000000000000000e+00 1.000000000000000000e+00 1.000000000000000000e+00 1.000000000000000000e+00 9.999875000000000291e-01 9.999875000000000291e-01 1.000000000000000000e+00 1.000000000000000000e+00 1.000000000000000000e+00 1.000000000000000000e+00 1.000000000000000000e+00
9.999875000000000291e-01 1.000000000000000000e+00 1.000000000000000000e+00 9.999875000000000291e-01 9.999875000000000291e-01 1.000000000000000000e+00 9.999875000000000291e-01 9.999875000000000291e-01 1.000000000000000000e+00 1.000000000000000000e+00 1.000000000000000000e+00 1.000000000000000000e+00 1.000000000000000000e+00 9.999875000000000291e-01 9.999875000000000291e-01 1.000000000000000000e+00 1.000000000000000000e+00 1.000000000000000000e+00 1.000000000000000000e+00 1.000000000000000000e+00
1.000000000000000000e+00 1.000000000000000000e+00 1.000000000000000000e+00 1.000000000000000000e+00 1.000000000000000000e+00 1.000000000000000000e+00 1.000000000000000000e+00 1.000000000000000000e+00 1.000000000000000000e+00 1.000000000000000000e+00 1.000000000000000000e+00 1.000000000000000000e+00 1.000000000000000000e+00 1.000000000000000000e+00 1.000000000000000000e+00 1.000000000000000000e+00 1.000000000000000000e+00 1.000000000000000000e+00 1.000000000000000000e+00 1.000000000000000000e+00
1.000000000000000000e+00 1.000000000000000000e+00 1.000000000000000000e+00 1.000000000000000000e+00 1.000000000000000000e+00 1.000000000000000000e+00 1.000000000000000000e+00 1.000000000000000000e+00 1.000000000000000000e+00 1.000000000000000000e+00 1.000000000000000000e+00 1.000000000000000000e+00 1.000000000000000000e+00 1.000000000000000000e+00 1.000000000000000000e+00 1.000000000000000000e+00 1.000000000000000000e+00 1.000000000000000000e+00 1.000000000000000000e+00 1.000000000000000000e+00
