4.427188724235731477e-04 4.997578385556493766e-04 5.641455848280560459e-04 6.368289125805289214e-04 7.188766070412570168e-04 8.114951534738955611e-04 9.160464781598157830e-04 1.034067975091110128e-03 1.167295112860504847e-03 1.317686954175293886e-03 1.487454963251657507e-03 1.679095524692928235e-03 1.895426652031561741e-03 2.139629425722276539e-03 2.415294769918857522e-03 2.726476255872258524e-03 3.077749708407205142e-03 3.474280491971555238e-03 3.921899465678414624e-03 4.427188724235731586e-03
6.249500000000000055e-01 6.287125000000000075e-01 6.315125000000000322e-01 6.349500000000000144e-01 6.384374999999999911e-01 6.408249999999999780e-01 6.428000000000000380e-01 6.466749999999999998e-01 6.494874999999999954e-01 6.535499999999999643e-01 6.565374999999999961e-01 6.573375000000000190e-01 6.613750000000000462e-01 6.650625000000000009e-01 6.685624999999999485e-01 6.712624999999999842e-01 6.731000000000000316e-01 6.768750000000000044e-01 6.785250000000000448e-01 6.814249999999999474e-01
6.328375000000000528e-01 6.367249999999999854e-01 6.389249999999999652e-01 6.428374999999999506e-01 6.455374999999999863e-01 6.480249999999999622e-01 6.504625000000000545e-01 6.535125000000000517e-01 6.562249999999999472e-01 6.604499999999999815e-01 6.638374999999999693e-01 6.643875000000000197e-01 6.685124999999999540e-01 6.722875000000000378e-01 6.754999999999999893e-01 6.784750000000000503e-01 6.795375000000000165e-01 6.838874999999999815e-01 6.855875000000000163e-01 6.887625000000000552e-01
6.409875000000000433e-01 6.442250000000000476e-01 6.468125000000000124e-01 6.500249999999999639e-01 6.528125000000000178e-01 6.555750000000000188e-01 6.573750000000000426e-01 6.603124999999999689e-01 6.632375000000000353e-01 6.669374999999999609e-01 6.703875000000000250e-01 6.711125000000000007e-01 6.757625000000000437e-01 6.787374999999999936e-01 6.821374999999999522e-01 6.855124999999999691e-01 6.861374999999999558e-01 6.909874999999999767e-01 6.927624999999999478e-01 6.955124999999999780e-01
6.486750000000000016e-01 6.518249999999999877e-01 6.544375000000000053e-01 6.575750000000000206e-01 6.595374999999999988e-01 6.630875000000000519e-01 6.643750000000000488e-01 6.673249999999999460e-01 6.698374999999999746e-01 6.738625000000000309e-01 6.769625000000000226e-01 6.783875000000000322e-01 6.826124999999999554e-01 6.855875000000000163e-01 6.887124999999999497e-01 6.919625000000000359e-01 6.929125000000000423e-01 6.977875000000000050e-01 6.996375000000000233e-01 7.020250000000000101e-01
6.560000000000000275e-01 6.594499999999999806e-01 6.617750000000000021e-01 6.648249999999999993e-01 6.665250000000000341e-01 6.702624999999999833e-01 6.713875000000000259e-01 6.745499999999999829e-01 6.763249999999999540e-01 6.804249999999999465e-01 6.836624999999999508e-01 6.850000000000000533e-01 6.893124999999999947e-01 6.918750000000000178e-01 6.953624999999999945e-01 6.983875000000000499e-01 6.996375000000000233e-01 7.041500000000000536e-01 7.061625000000000263e-01 7.091625000000000290e-01
6.633624999999999661e-01 6.666625000000000467e-01 6.692375000000000407e-01 6.720874999999999488e-01 6.741749999999999687e-01 6.770374999999999588e-01 6.783249999999999558e-01 6.811125000000000096e-01 6.829250000000000043e-01 6.871000000000000441e-01 6.902500000000000302e-01 6.917499999999999760e-01 6.956999999999999851e-01 6.985375000000000334e-01 7.021374999999999700e-01 7.047999999999999821e-01 7.065624999999999822e-01 7.105375000000000441e-01 7.128375000000000128e-01 7.166749999999999510e-01
6.714875000000000149e-01 6.736874999999999947e-01 6.762375000000000469e-01 6.790249999999999897e-01 6.811000000000000387e-01 6.835999999999999854e-01 6.845624999999999627e-01 6.878250000000000197e-01 6.894375000000000364e-01 6.935124999999999762e-01 6.972125000000000128e-01 6.982000000000000428e-01 7.021874999999999645e-01 7.049750000000000183e-01 7.080125000000000446e-01 7.112749999999999906e-01 7.131250000000000089e-01 7.171374999999999833e-01 7.195875000000000465e-01 7.233249999999999957e-01
6.787999999999999590e-01 6.809749999999999970e-01 6.835250000000000492e-01 6.857750000000000234e-01 6.880749999999999922e-01 6.903124999999999956e-01 6.918250000000000233e-01 6.949499999999999567e-01 6.967624999999999513e-01 7.004749999999999588e-01 7.036249999999999449e-01 7.039374999999999938e-01 7.087250000000000494e-01 7.114125000000000032e-01 7.147250000000000547e-01 7.181750000000000078e-01 7.195124999999999993e-01 7.235000000000000320e-01 7.261125000000000496e-01 7.300750000000000295e-01
6.862500000000000266e-01 6.879250000000000087e-01 6.905499999999999972e-01 6.927624999999999478e-01 6.943000000000000282e-01 6.969625000000000403e-01 6.987999999999999767e-01 7.021749999999999936e-01 7.034875000000000433e-01 7.072500000000000453e-01 7.098624999999999519e-01 7.103374999999999551e-01 7.146249999999999547e-01 7.176500000000000101e-01 7.208624999999999616e-01 7.243125000000000258e-01 7.253625000000000211e-01 7.299375000000000169e-01 7.327124999999999888e-01 7.361499999999999710e-01
6.938499999999999668e-01 6.946750000000000425e-01 6.976250000000000506e-01 6.989874999999999838e-01 7.013125000000000053e-01 7.035749999999999504e-01 7.054500000000000215e-01 7.087999999999999856e-01 7.100125000000000464e-01 7.134875000000000522e-01 7.154000000000000359e-01 7.164125000000000076e-01 7.211499999999999577e-01 7.240999999999999659e-01 7.276000000000000245e-01 7.304625000000000146e-01 7.319250000000000478e-01 7.362499999999999600e-01 7.392250000000000210e-01 7.433874999999999789e-01
7.007750000000000368e-01 7.023000000000000353e-01 7.043625000000000025e-01 7.057124999999999648e-01 7.081625000000000281e-01 7.101750000000000007e-01 7.120250000000000190e-01 7.152625000000000233e-01 7.166124999999999856e-01 7.195375000000000520e-01 7.219875000000000043e-01 7.226749999999999563e-01 7.278000000000000025e-01 7.308249999999999469e-01 7.335874999999999480e-01 7.365749999999999797e-01 7.384374999999999689e-01 7.425374999999999615e-01 7.457500000000000240e-01 7.495000000000000551e-01
7.078499999999999792e-01 7.092625000000000179e-01 7.110999999999999543e-01 7.125875000000000403e-01 7.145375000000000476e-01 7.167000000000000037e-01 7.186500000000000110e-01 7.212499999999999467e-01 7.225500000000000256e-01 7.257375000000000353e-01 7.285625000000000018e-01 7.289499999999999869e-01 7.339999999999999858e-01 7.369750000000000467e-01 7.396125000000000060e-01 7.428749999999999520e-01 7.446625000000000050e-01 7.488249999999999629e-01 7.519000000000000128e-01 7.559124999999999872e-01
7.147875000000000201e-01 7.161499999999999533e-01 7.180125000000000535e-01 7.192874999999999686e-01 7.211625000000000396e-01 7.232125000000000359e-01 7.250750000000000250e-01 7.279624999999999568e-01 7.291625000000000467e-01 7.318249999999999478e-01 7.345000000000000417e-01 7.349624999999999631e-01 7.402625000000000455e-01 7.429000000000000048e-01 7.450499999999999901e-01 7.493874999999999842e-01 7.505500000000000504e-01 7.548875000000000446e-01 7.579375000000000417e-01 7.621750000000000469e-01
7.215500000000000247e-01 7.227500000000000036e-01 7.247749999999999471e-01 7.256124999999999936e-01 7.277749999999999497e-01 7.300624999999999476e-01 7.320499999999999785e-01 7.343750000000000000e-01 7.348999999999999977e-01 7.373374999999999790e-01 7.404500000000000526e-01 7.411375000000000046e-01 7.464374999999999760e-01 7.490875000000000172e-01 7.510875000000000190e-01 7.555374999999999730e-01 7.563125000000000542e-01 7.612750000000000350e-01 7.637874999999999526e-01 7.683124999999999538e-01
7.284125000000000183e-01 7.298124999999999751e-01 7.311250000000000249e-01 7.325374999999999526e-01 7.342374999999999874e-01 7.369250000000000522e-01 7.385874999999999524e-01 7.416749999999999732e-01 7.413374999999999826e-01 7.431875000000000009e-01 7.462374999999999980e-01 7.476749999999999785e-01 7.529500000000000082e-01 7.549375000000000391e-01 7.578624999999999945e-01 7.614999999999999547e-01 7.624750000000000139e-01 7.671124999999999750e-01 7.700124999999999886e-01 7.742750000000000465e-01
7.352125000000000465e-01 7.364125000000000254e-01 7.376875000000000515e-01 7.392499999999999627e-01 7.408000000000000140e-01 7.430375000000000174e-01 7.447749999999999648e-01 7.478875000000000384e-01 7.474374999999999769e-01 7.493374999999999897e-01 7.524499999999999522e-01 7.539749999999999508e-01 7.587125000000000119e-01 7.612750000000000350e-01 7.646625000000000227e-01 7.674374999999999947e-01 7.685874999999999790e-01 7.730000000000000204e-01 7.756499999999999506e-01 7.802999999999999936e-01
7.417000000000000259e-01 7.431250000000000355e-01 7.446749999999999758e-01 7.457500000000000240e-01 7.474750000000000005e-01 7.495625000000000204e-01 7.506874999999999520e-01 7.536249999999999893e-01 7.538000000000000256e-01 7.553874999999999895e-01 7.581499999999999906e-01 7.595625000000000293e-01 7.644750000000000156e-01 7.673750000000000293e-01 7.708874999999999478e-01 7.734874999999999945e-01 7.744124999999999481e-01 7.786125000000000407e-01 7.816874999999999796e-01 7.860875000000000501e-01
7.480750000000000455e-01 7.495874999999999622e-01 7.512124999999999497e-01 7.522750000000000270e-01 7.537625000000000020e-01 7.557000000000000384e-01 7.571375000000000188e-01 7.598125000000000018e-01 7.600875000000000270e-01 7.614625000000000421e-01 7.642499999999999849e-01 7.658500000000000307e-01 7.706625000000000281e-01 7.736250000000000071e-01 7.767249999999999988e-01 7.792124999999999746e-01 7.802000000000000046e-01 7.849000000000000421e-01 7.880000000000000338e-01 7.920875000000000554e-01
7.548875000000000446e-01 7.558500000000000218e-01 7.577749999999999764e-01 7.584625000000000394e-01 7.605499999999999483e-01 7.617500000000000382e-01 7.626749999999999918e-01 7.655250000000000110e-01 7.662750000000000394e-01 7.673750000000000293e-01 7.703624999999999501e-01 7.718749999999999778e-01 7.764999999999999680e-01 7.797625000000000250e-01 7.827499999999999458e-01 7.853124999999999689e-01 7.860500000000000265e-01 7.908874999999999655e-01 7.937125000000000430e-01 7.975750000000000339e-01
7.614999999999999547e-01 7.623375000000000012e-01 7.643124999999999503e-01 7.647874999999999535e-01 7.666749999999999954e-01 7.686125000000000318e-01 7.693875000000000020e-01 7.715499999999999581e-01 7.720124999999999904e-01 7.730500000000000149e-01 7.762750000000000483e-01 7.776999999999999469e-01 7.829374999999999529e-01 7.861000000000000210e-01 7.886374999999999913e-01 7.907625000000000348e-01 7.921124999999999972e-01 7.967874999999999819e-01 7.997750000000000137e-01 8.039125000000000298e-01
7.680000000000000160e-01 7.690000000000000169e-01 7.708249999999999824e-01 7.711999999999999966e-01 7.726125000000000353e-01 7.745625000000000426e-01 7.758625000000000105e-01 7.776750000000000052e-01 7.783124999999999627e-01 7.790000000000000258e-01 7.824875000000000025e-01 7.836999999999999522e-01 7.891875000000000417e-01 7.918374999999999719e-01 7.943249999999999478e-01 7.965999999999999748e-01 7.980874999999999497e-01 8.027999999999999581e-01 8.058499999999999552e-01 8.095375000000000210e-01
7.746625000000000316e-01 7.754124999999999490e-01 7.771624999999999783e-01 7.775374999999999925e-01 7.791000000000000147e-01 7.807125000000000314e-01 7.820624999999999938e-01 7.841249999999999609e-01 7.843624999999999625e-01 7.852624999999999744e-01 7.883499999999999952e-01 7.898749999999999938e-01 7.952749999999999542e-01 7.975375000000000103e-01 8.002249999999999641e-01 8.028125000000000400e-01 8.039625000000000243e-01 8.084875000000000256e-01 8.117874999999999952e-01 8.158250000000000224e-01
7.814624999999999488e-01 7.821500000000000119e-01 7.835750000000000215e-01 7.838625000000000176e-01 7.857374999999999776e-01 7.868125000000000258e-01 7.884875000000000078e-01 7.899249999999999883e-01 7.904750000000000387e-01 7.911749999999999616e-01 7.940374999999999517e-01 7.961000000000000298e-01 8.015250000000000430e-01 8.032000000000000250e-01 8.057499999999999662e-01 8.081500000000000350e-01 8.091249999999999831e-01 8.141374999999999584e-01 8.172374999999999501e-01 8.216499999999999915e-01
7.880249999999999755e-01 7.888125000000000275e-01 7.898374999999999702e-01 7.899000000000000465e-01 7.919874999999999554e-01 7.928250000000000020e-01 7.945375000000000076e-01 7.957999999999999519e-01 7.964750000000000441e-01 7.972624999999999851e-01 7.996874999999999956e-01 8.022749999999999604e-01 8.076624999999999499e-01 8.086499999999999799e-01 8.117625000000000535e-01 8.141625000000000112e-01 8.144500000000000073e-01 8.196499999999999897e-01 8.227250000000000396e-01 8.270625000000000338e-01
7.944250000000000478e-01 7.955124999999999558e-01 7.964624999999999622e-01 7.961249999999999716e-01 7.980749999999999789e-01 7.988874999999999726e-01 8.004375000000000240e-01 8.021625000000000005e-01 8.020625000000000115e-01 8.026624999999999455e-01 8.055875000000000119e-01 8.086624999999999508e-01 8.133624999999999883e-01 8.142625000000000002e-01 8.173000000000000265e-01 8.200625000000000275e-01 8.201749999999999874e-01 8.253000000000000336e-01 8.288999999999999702e-01 8.331125000000000336e-01
8.012000000000000233e-01 8.022624999999999895e-01 8.029249999999999998e-01 8.023500000000000076e-01 8.045750000000000401e-01 8.051374999999999504e-01 8.069125000000000325e-01 8.083624999999999838e-01 8.078874999999999806e-01 8.086499999999999799e-01 8.120874999999999622e-01 8.146750000000000380e-01 8.189750000000000085e-01 8.203500000000000236e-01 8.230374999999999774e-01 8.256999999999999895e-01 8.261374999999999691e-01 8.309499999999999664e-01 8.344875000000000487e-01 8.386000000000000121e-01
8.078125000000000444e-01 8.086250000000000382e-01 8.093249999999999611e-01 8.081625000000000059e-01 8.106750000000000345e-01 8.116124999999999590e-01 8.126999999999999780e-01 8.144000000000000128e-01 8.142249999999999766e-01 8.146750000000000380e-01 8.182625000000000037e-01 8.203125000000000000e-01 8.243000000000000327e-01 8.256499999999999950e-01 8.287124999999999631e-01 8.319125000000000547e-01 8.316000000000000059e-01 8.367124999999999702e-01 8.401125000000000398e-01 8.440874999999999906e-01
8.140749999999999931e-01 8.150500000000000522e-01 8.160125000000000295e-01 8.141874999999999529e-01 8.167375000000000052e-01 8.176624999999999588e-01 8.192000000000000393e-01 8.200749999999999984e-01 8.205124999999999780e-01 8.205750000000000544e-01 8.241249999999999964e-01 8.268499999999999739e-01 8.300750000000000073e-01 8.319750000000000201e-01 8.343500000000000361e-01 8.373749999999999805e-01 8.370874999999999844e-01 8.426500000000000101e-01 8.456624999999999837e-01 8.494625000000000092e-01
8.203875000000000473e-01 8.214624999999999844e-01 8.228374999999999995e-01 8.206375000000000197e-01 8.224624999999999853e-01 8.238375000000000004e-01 8.253374999999999462e-01 8.260499999999999510e-01 8.268124999999999503e-01 8.264249999999999652e-01 8.299874999999999892e-01 8.325249999999999595e-01 8.360999999999999543e-01 8.379499999999999726e-01 8.402249999999999996e-01 8.431999999999999496e-01 8.432250000000000023e-01 8.481874999999999831e-01 8.513749999999999929e-01 8.547375000000000389e-01
8.271874999999999645e-01 8.277624999999999567e-01 8.288999999999999702e-01 8.264875000000000416e-01 8.286999999999999922e-01 8.297375000000000167e-01 8.315124999999999877e-01 8.315749999999999531e-01 8.326124999999999776e-01 8.326500000000000012e-01 8.355500000000000149e-01 8.384249999999999758e-01 8.419124999999999526e-01 8.437999999999999945e-01 8.462749999999999995e-01 8.489999999999999769e-01 8.488375000000000226e-01 8.536375000000000490e-01 8.569375000000000187e-01 8.600375000000000103e-01
8.335000000000000187e-01 8.340625000000000400e-01 8.345624999999999849e-01 8.329874999999999918e-01 8.348750000000000338e-01 8.356875000000000275e-01 8.373625000000000096e-01 8.377624999999999655e-01 8.387250000000000538e-01 8.389625000000000554e-01 8.415000000000000258e-01 8.441125000000000433e-01 8.474249999999999838e-01 8.492125000000000368e-01 8.519375000000000142e-01 8.544000000000000483e-01 8.545500000000000318e-01 8.590624999999999512e-01 8.620750000000000357e-01 8.655749999999999833e-01
8.397999999999999909e-01 8.402125000000000288e-01 8.405249999999999666e-01 8.388750000000000373e-01 8.408875000000000099e-01 8.416375000000000384e-01 8.437500000000000000e-01 8.437124999999999764e-01 8.446249999999999591e-01 8.447875000000000245e-01 8.476249999999999618e-01 8.500375000000000014e-01 8.531874999999999876e-01 8.545374999999999499e-01 8.579624999999999613e-01 8.600250000000000394e-01 8.604625000000000190e-01 8.646000000000000352e-01 8.678875000000000339e-01 8.707125000000000004e-01
8.458499999999999908e-01 8.465875000000000483e-01 8.467999999999999972e-01 8.450125000000000552e-01 8.469124999999999570e-01 8.470625000000000515e-01 8.494125000000000147e-01 8.498375000000000234e-01 8.507249999999999535e-01 8.505875000000000519e-01 8.530499999999999750e-01 8.560499999999999776e-01 8.589624999999999622e-01 8.602250000000000174e-01 8.635749999999999815e-01 8.653625000000000345e-01 8.656500000000000306e-01 8.698875000000000357e-01 8.732750000000000234e-01 8.760250000000000536e-01
8.521874999999999867e-01 8.524749999999999828e-01 8.534000000000000474e-01 8.513874999999999638e-01 8.525875000000000536e-01 8.530999999999999694e-01 8.551750000000000185e-01 8.557875000000000343e-01 8.565874999999999462e-01 8.562999999999999501e-01 8.588500000000000023e-01 8.618500000000000050e-01 8.648124999999999840e-01 8.660999999999999810e-01 8.691875000000000018e-01 8.708875000000000366e-01 8.712250000000000272e-01 8.753750000000000142e-01 8.789375000000000382e-01 8.812624999999999487e-01
8.582250000000000156e-01 8.588624999999999732e-01 8.598249999999999504e-01 8.574125000000000218e-01 8.587875000000000369e-01 8.589250000000000496e-01 8.607749999999999568e-01 8.617124999999999924e-01 8.625500000000000389e-01 8.620124999999999593e-01 8.649250000000000549e-01 8.677124999999999977e-01 8.703874999999999806e-01 8.715249999999999941e-01 8.749875000000000291e-01 8.767125000000000057e-01 8.767125000000000057e-01 8.807000000000000384e-01 8.842124999999999568e-01 8.862499999999999822e-01
8.646125000000000060e-01 8.647875000000000423e-01 8.654500000000000526e-01 8.634125000000000272e-01 8.649499999999999966e-01 8.652125000000000510e-01 8.666749999999999732e-01 8.680750000000000410e-01 8.683499999999999552e-01 8.678500000000000103e-01 8.711124999999999563e-01 8.733874999999999833e-01 8.760499999999999954e-01 8.774250000000000105e-01 8.801124999999999643e-01 8.819375000000000409e-01 8.819124999999999881e-01 8.861124999999999696e-01 8.897625000000000117e-01 8.916749999999999954e-01
8.706625000000000059e-01 8.705249999999999932e-01 8.714250000000000052e-01 8.688749999999999529e-01 8.706249999999999822e-01 8.713374999999999870e-01 8.724874999999999714e-01 8.741875000000000062e-01 8.738875000000000393e-01 8.734374999999999778e-01 8.769500000000000073e-01 8.793999999999999595e-01 8.820375000000000298e-01 8.833999999999999631e-01 8.855625000000000302e-01 8.871750000000000469e-01 8.871875000000000178e-01 8.913250000000000339e-01 8.947374999999999634e-01 8.969749999999999668e-01
8.763999999999999568e-01 8.765749999999999931e-01 8.771124999999999616e-01 8.748249999999999638e-01 8.766125000000000167e-01 8.772999999999999687e-01 8.782250000000000334e-01 8.803874999999999895e-01 8.794499999999999540e-01 8.793250000000000233e-01 8.822499999999999787e-01 8.848500000000000254e-01 8.875499999999999501e-01 8.891250000000000542e-01 8.912875000000000103e-01 8.925125000000000419e-01 8.923375000000000057e-01 8.964999999999999636e-01 8.996125000000000371e-01 9.019374999999999476e-01
8.822750000000000314e-01 8.821250000000000480e-01 8.830750000000000544e-01 8.804374999999999840e-01 8.825125000000000330e-01 8.828125000000000000e-01 8.841624999999999623e-01 8.859875000000000389e-01 8.853499999999999703e-01 8.852624999999999522e-01 8.877374999999999572e-01 8.904374999999999929e-01 8.929124999999999979e-01 8.945374999999999854e-01 8.968249999999999833e-01 8.976750000000000007e-01 8.975999999999999535e-01 9.016750000000000043e-01 9.042124999999999746e-01 9.072375000000000300e-01
8.883625000000000549e-01 8.879375000000000462e-01 8.885999999999999455e-01 8.861875000000000169e-01 8.878374999999999462e-01 8.885250000000000092e-01 8.900749999999999496e-01 8.917874999999999552e-01 8.906625000000000236e-01 8.906874999999999654e-01 8.935374999999999845e-01 8.957000000000000517e-01 8.986625000000000307e-01 8.999624999999999986e-01 9.017749999999999932e-01 9.030249999999999666e-01 9.027249999999999996e-01 9.068749999999999867e-01 9.092249999999999499e-01 9.122124999999999817e-01
8.939375000000000515e-01 8.939749999999999641e-01 8.942375000000000185e-01 8.919375000000000497e-01 8.935374999999999845e-01 8.945125000000000437e-01 8.958000000000000407e-01 8.969375000000000542e-01 8.963999999999999746e-01 8.963375000000000092e-01 8.990000000000000213e-01 9.013250000000000428e-01 9.040624999999999911e-01 9.049374999999999503e-01 9.067499999999999449e-01 9.081000000000000183e-01 9.074750000000000316e-01 9.118125000000000258e-01 9.139500000000000401e-01 9.170374999999999499e-01
8.997125000000000261e-01 8.993124999999999591e-01 8.998749999999999805e-01 8.972999999999999865e-01 8.990500000000000158e-01 9.001875000000000293e-01 9.013999999999999790e-01 9.025625000000000453e-01 9.021249999999999547e-01 9.019249999999999767e-01 9.043875000000000108e-01 9.068000000000000504e-01 9.092000000000000082e-01 9.101124999999999909e-01 9.117874999999999730e-01 9.130125000000000046e-01 9.126125000000000487e-01 9.168250000000000011e-01 9.185499999999999776e-01 9.219749999999999890e-01
9.053875000000000117e-01 9.050124999999999975e-01 9.051249999999999574e-01 9.025125000000000508e-01 9.048500000000000432e-01 9.054999999999999716e-01 9.072000000000000064e-01 9.079374999999999529e-01 9.073875000000000135e-01 9.072624999999999718e-01 9.097250000000000059e-01 9.120875000000000510e-01 9.142375000000000362e-01 9.152375000000000371e-01 9.164375000000000160e-01 9.178625000000000256e-01 9.176250000000000240e-01 9.215499999999999803e-01 9.232624999999999860e-01 9.265124999999999611e-01
9.105250000000000288e-01 9.102500000000000036e-01 9.105374999999999996e-01 9.079625000000000057e-01 9.098749999999999893e-01 9.110500000000000265e-01 9.121124999999999927e-01 9.132875000000000298e-01 9.121749999999999581e-01 9.129000000000000448e-01 9.149125000000000174e-01 9.172124999999999861e-01 9.190374999999999517e-01 9.200125000000000108e-01 9.212624999999999842e-01 9.225250000000000394e-01 9.228750000000000009e-01 9.264250000000000540e-01 9.279749999999999943e-01 9.310374999999999623e-01
9.157999999999999474e-01 9.151624999999999899e-01 9.155874999999999986e-01 9.131875000000000409e-01 9.149500000000000410e-01 9.161749999999999616e-01 9.172749999999999515e-01 9.182375000000000398e-01 9.177499999999999547e-01 9.179125000000000201e-01 9.196250000000000258e-01 9.221500000000000252e-01 9.239500000000000490e-01 9.245250000000000412e-01 9.260000000000000453e-01 9.270374999999999588e-01 9.276499999999999746e-01 9.307874999999999899e-01 9.323500000000000121e-01 9.350000000000000533e-01
9.212000000000000188e-01 9.205124999999999558e-01 9.209000000000000519e-01 9.184250000000000469e-01 9.200874999999999471e-01 9.212624999999999842e-01 9.221749999999999670e-01 9.231749999999999678e-01 9.224375000000000213e-01 9.227750000000000119e-01 9.246250000000000302e-01 9.268874999999999753e-01 9.284249999999999448e-01 9.290749999999999842e-01 9.305624999999999591e-01 9.313749999999999529e-01 9.321874999999999467e-01 9.353749999999999565e-01 9.366124999999999590e-01 9.389499999999999513e-01
9.262375000000000469e-01 9.256124999999999492e-01 9.261125000000000052e-01 9.239125000000000254e-01 9.248750000000000027e-01 9.265750000000000375e-01 9.270125000000000171e-01 9.280125000000000179e-01 9.273875000000000313e-01 9.277250000000000218e-01 9.294000000000000039e-01 9.315999999999999837e-01 9.328125000000000444e-01 9.337625000000000508e-01 9.349125000000000352e-01 9.358250000000000179e-01 9.365375000000000227e-01 9.395624999999999671e-01 9.407750000000000279e-01 9.431249999999999911e-01
9.308374999999999844e-01 9.303500000000000103e-01 9.308999999999999497e-01 9.285875000000000101e-01 9.299874999999999670e-01 9.315499999999999892e-01 9.317874999999999908e-01 9.327999999999999625e-01 9.323749999999999538e-01 9.325875000000000137e-01 9.338999999999999524e-01 9.363375000000000448e-01 9.378374999999999906e-01 9.381874999999999520e-01 9.390749999999999931e-01 9.403500000000000192e-01 9.410125000000000295e-01 9.435875000000000234e-01 9.444624999999999826e-01 9.470374999999999766e-01
9.353249999999999620e-01 9.350249999999999950e-01 9.356750000000000345e-01 9.332749999999999657e-01 9.347374999999999989e-01 9.366375000000000117e-01 9.364124999999999810e-01 9.372374999999999456e-01 9.371874999999999512e-01 9.374000000000000110e-01 9.382125000000000048e-01 9.408499999999999641e-01 9.421625000000000139e-01 9.426375000000000171e-01 9.433875000000000455e-01 9.446124999999999661e-01 9.454000000000000181e-01 9.478750000000000231e-01 9.482125000000000137e-01 9.510499999999999510e-01
9.399499999999999522e-01 9.393375000000000474e-01 9.403375000000000483e-01 9.376999999999999780e-01 9.396124999999999616e-01 9.408750000000000169e-01 9.409374999999999822e-01 9.414375000000000382e-01 9.416375000000000162e-01 9.417250000000000343e-01 9.424749999999999517e-01 9.450499999999999456e-01 9.464749999999999552e-01 9.469750000000000112e-01 9.472000000000000419e-01 9.488750000000000240e-01 9.495749999999999469e-01 9.517499999999999849e-01 9.522749999999999826e-01 9.548750000000000293e-01
9.442749999999999755e-01 9.438250000000000250e-01 9.446250000000000480e-01 9.420625000000000249e-01 9.442000000000000393e-01 9.452749999999999764e-01 9.451374999999999638e-01 9.457375000000000087e-01 9.462125000000000119e-01 9.458250000000000268e-01 9.465750000000000552e-01 9.493875000000000508e-01 9.505124999999999824e-01 9.511249999999999982e-01 9.508874999999999966e-01 9.526999999999999913e-01 9.533374999999999488e-01 9.555500000000000105e-01 9.559750000000000192e-01 9.584375000000000533e-01
9.487375000000000114e-01 9.479874999999999829e-01 9.488750000000000240e-01 9.466499999999999915e-01 9.485749999999999460e-01 9.492749999999999799e-01 9.495249999999999524e-01 9.497375000000000123e-01 9.502874999999999517e-01 9.498499999999999721e-01 9.506375000000000242e-01 9.535624999999999796e-01 9.540125000000000410e-01 9.551374999999999726e-01 9.544124999999999970e-01 9.562874999999999570e-01 9.573000000000000398e-01 9.589750000000000218e-01 9.591874999999999707e-01 9.620999999999999552e-01
9.524124999999999952e-01 9.520750000000000046e-01 9.529874999999999874e-01 9.505500000000000060e-01 9.528499999999999748e-01 9.529625000000000457e-01 9.531500000000000528e-01 9.538250000000000339e-01 9.540750000000000064e-01 9.538874999999999993e-01 9.544000000000000261e-01 9.575124999999999886e-01 9.577250000000000485e-01 9.584624999999999950e-01 9.579124999999999446e-01 9.598124999999999574e-01 9.608124999999999583e-01 9.620250000000000190e-01 9.624624999999999986e-01 9.654374999999999485e-01
9.562749999999999861e-01 9.560999999999999499e-01 9.569125000000000547e-01 9.544749999999999623e-01 9.564875000000000460e-01 9.569125000000000547e-01 9.570625000000000382e-01 9.573749999999999760e-01 9.580874999999999808e-01 9.579124999999999446e-01 9.582625000000000171e-01 9.612000000000000544e-01 9.612125000000000252e-01 9.615749999999999575e-01 9.613874999999999504e-01 9.628624999999999545e-01 9.638499999999999845e-01 9.651374999999999815e-01 9.655000000000000249e-01 9.684500000000000330e-01
9.597375000000000211e-01 9.599124999999999464e-01 9.604500000000000259e-01 9.581499999999999462e-01 9.602874999999999606e-01 9.607750000000000457e-01 9.608375000000000110e-01 9.608875000000000055e-01 9.614374999999999449e-01 9.615624999999999867e-01 9.617250000000000520e-01 9.645375000000000476e-01 9.645749999999999602e-01 9.651125000000000398e-01 9.648250000000000437e-01 9.658375000000000155e-01 9.671750000000000069e-01 9.681125000000000425e-01 9.684125000000000094e-01 9.712250000000000050e-01
9.633000000000000451e-01 9.631874999999999742e-01 9.636875000000000302e-01 9.618875000000000064e-01 9.637250000000000538e-01 9.642125000000000279e-01 9.639499999999999735e-01 9.644625000000000004e-01 9.648875000000000091e-01 9.648124999999999618e-01 9.653374999999999595e-01 9.677000000000000046e-01 9.678750000000000409e-01 9.682500000000000551e-01 9.680874999999999897e-01 9.689250000000000362e-01 9.704249999999999821e-01 9.707375000000000309e-01 9.712125000000000341e-01 9.737999999999999989e-01
9.667000000000000037e-01 9.668250000000000455e-01 9.668375000000000163e-01 9.656500000000000083e-01 9.670999999999999597e-01 9.674000000000000377e-01 9.670125000000000526e-01 9.678124999999999645e-01 9.680125000000000535e-01 9.679750000000000298e-01 9.682874999999999677e-01 9.707875000000000254e-01 9.706749999999999545e-01 9.714874999999999483e-01 9.707249999999999490e-01 9.716875000000000373e-01 9.730750000000000233e-01 9.733125000000000249e-01 9.738875000000000171e-01 9.761250000000000204e-01
9.699875000000000025e-01 9.697750000000000536e-01 9.697750000000000536e-01 9.691874999999999796e-01 9.699999999999999734e-01 9.703000000000000513e-01 9.702874999999999694e-01 9.706875000000000364e-01 9.707375000000000309e-01 9.710499999999999687e-01 9.712499999999999467e-01 9.734749999999999792e-01 9.738375000000000226e-01 9.740250000000000297e-01 9.732499999999999485e-01 9.743125000000000258e-01 9.758499999999999952e-01 9.758875000000000188e-01 9.761750000000000149e-01 9.786249999999999671e-01
9.725249999999999728e-01 9.729124999999999579e-01 9.726500000000000146e-01 9.721499999999999586e-01 9.728124999999999689e-01 9.730874999999999941e-01 9.731499999999999595e-01 9.735125000000000028e-01 9.734374999999999556e-01 9.738875000000000171e-01 9.740375000000000005e-01 9.763249999999999984e-01 9.764125000000000165e-01 9.766624999999999890e-01 9.756375000000000464e-01 9.768250000000000544e-01 9.781874999999999876e-01 9.783874999999999655e-01 9.785249999999999782e-01 9.806875000000000453e-01
9.750625000000000542e-01 9.754000000000000448e-01 9.751250000000000195e-01 9.749375000000000124e-01 9.753500000000000503e-01 9.757749999999999480e-01 9.760999999999999677e-01 9.759250000000000425e-01 9.762499999999999512e-01 9.765000000000000346e-01 9.761750000000000149e-01 9.788000000000000034e-01 9.788375000000000270e-01 9.791874999999999885e-01 9.781499999999999639e-01 9.791874999999999885e-01 9.800999999999999712e-01 9.802625000000000366e-01 9.809124999999999650e-01 9.825874999999999471e-01
9.777124999999999844e-01 9.776500000000000190e-01 9.777000000000000135e-01 9.775249999999999773e-01 9.777375000000000371e-01 9.783125000000000293e-01 9.785125000000000073e-01 9.783874999999999655e-01 9.783374999999999710e-01 9.788499999999999979e-01 9.788000000000000034e-01 9.809499999999999886e-01 9.808624999999999705e-01 9.811374999999999957e-01 9.802874999999999783e-01 9.812874999999999792e-01 9.821874999999999911e-01 9.823250000000000037e-01 9.830999999999999739e-01 9.843625000000000291e-01
9.799750000000000405e-01 9.801374999999999948e-01 9.798999999999999932e-01 9.799124999999999641e-01 9.798875000000000224e-01 9.805874999999999453e-01 9.808499999999999996e-01 9.805500000000000327e-01 9.808624999999999705e-01 9.810499999999999776e-01 9.809124999999999650e-01 9.828875000000000250e-01 9.828750000000000542e-01 9.830250000000000377e-01 9.823499999999999455e-01 9.834500000000000464e-01 9.842374999999999874e-01 9.841874999999999929e-01 9.848875000000000268e-01 9.860375000000000112e-01
9.821125000000000549e-01 9.822750000000000092e-01 9.819124999999999659e-01 9.819999999999999840e-01 9.818999999999999950e-01 9.826500000000000234e-01 9.828624999999999723e-01 9.827749999999999542e-01 9.826749999999999652e-01 9.829499999999999904e-01 9.827500000000000124e-01 9.847624999999999851e-01 9.848624999999999741e-01 9.847500000000000142e-01 9.843250000000000055e-01 9.852125000000000465e-01 9.859999999999999876e-01 9.857124999999999915e-01 9.865749999999999797e-01 9.876125000000000043e-01
9.839499999999999913e-01 9.844374999999999654e-01 9.838750000000000551e-01 9.839624999999999622e-01 9.841625000000000512e-01 9.844749999999999890e-01 9.846500000000000252e-01 9.844874999999999599e-01 9.844249999999999945e-01 9.848375000000000323e-01 9.845625000000000071e-01 9.864625000000000199e-01 9.864625000000000199e-01 9.865874999999999506e-01 9.860124999999999584e-01 9.866374999999999451e-01 9.875125000000000153e-01 9.873499999999999499e-01 9.880124999999999602e-01 9.889375000000000249e-01
9.857875000000000387e-01 9.860124999999999584e-01 9.856500000000000261e-01 9.858624999999999750e-01 9.860750000000000348e-01 9.860375000000000112e-01 9.862374999999999892e-01 9.859499999999999931e-01 9.861750000000000238e-01 9.864625000000000199e-01 9.863374999999999782e-01 9.879000000000000004e-01 9.879000000000000004e-01 9.882750000000000146e-01 9.876374999999999460e-01 9.881625000000000547e-01 9.887624999999999886e-01 9.887249999999999650e-01 9.894874999999999643e-01 9.900499999999999856e-01
9.873125000000000373e-01 9.877500000000000169e-01 9.873374999999999790e-01 9.875500000000000389e-01 9.875874999999999515e-01 9.877624999999999877e-01 9.877749999999999586e-01 9.876000000000000334e-01 9.876624999999999988e-01 9.879375000000000240e-01 9.880750000000000366e-01 9.893250000000000099e-01 9.891999999999999682e-01 9.895625000000000115e-01 9.889124999999999721e-01 9.893374999999999808e-01 9.901124999999999510e-01 9.901124999999999510e-01 9.907500000000000195e-01 9.912499999999999645e-01
9.888375000000000359e-01 9.894125000000000281e-01 9.888500000000000068e-01 9.889875000000000194e-01 9.890624999999999556e-01 9.890624999999999556e-01 9.891499999999999737e-01 9.890875000000000083e-01 9.889875000000000194e-01 9.892374999999999918e-01 9.897249999999999659e-01 9.905000000000000471e-01 9.904749999999999943e-01 9.907624999999999904e-01 9.902125000000000510e-01 9.906249999999999778e-01 9.913999999999999480e-01 9.911874999999999991e-01 9.917749999999999622e-01 9.921499999999999764e-01
9.900999999999999801e-01 9.906875000000000542e-01 9.901124999999999510e-01 9.905500000000000416e-01 9.903999999999999471e-01 9.903499999999999526e-01 9.902750000000000163e-01 9.903125000000000400e-01 9.903374999999999817e-01 9.903874999999999762e-01 9.909750000000000503e-01 9.916125000000000078e-01 9.916875000000000551e-01 9.919875000000000220e-01 9.913750000000000062e-01 9.916749999999999732e-01 9.924374999999999725e-01 9.922250000000000236e-01 9.929000000000000048e-01 9.930999999999999828e-01
9.914500000000000535e-01 9.917875000000000441e-01 9.913250000000000117e-01 9.918000000000000149e-01 9.914874999999999661e-01 9.915000000000000480e-01 9.915374999999999606e-01 9.914250000000000007e-01 9.913499999999999535e-01 9.914374999999999716e-01 9.920999999999999819e-01 9.927375000000000504e-01 9.926249999999999796e-01 9.929624999999999702e-01 9.923374999999999835e-01 9.926125000000000087e-01 9.932625000000000481e-01 9.930750000000000410e-01 9.938249999999999584e-01 9.939000000000000057e-01
9.925125000000000197e-01 9.928749999999999520e-01 9.924874999999999670e-01 9.928124999999999867e-01 9.924500000000000544e-01 9.925625000000000142e-01 9.926874999999999449e-01 9.924625000000000252e-01 9.925374999999999615e-01 9.926125000000000087e-01 9.930999999999999828e-01 9.936749999999999750e-01 9.936000000000000387e-01 9.938749999999999529e-01 9.931499999999999773e-01 9.933374999999999844e-01 9.939624999999999710e-01 9.939875000000000238e-01 9.945374999999999632e-01 9.947000000000000286e-01
9.935249999999999915e-01 9.938000000000000167e-01 9.935374999999999623e-01 9.937624999999999931e-01 9.936000000000000387e-01 9.934374999999999734e-01 9.935874999999999568e-01 9.934374999999999734e-01 9.935000000000000497e-01 9.934125000000000316e-01 9.939500000000000002e-01 9.945249999999999924e-01 9.945125000000000215e-01 9.945374999999999632e-01 9.941875000000000018e-01 9.940750000000000419e-01 9.946249999999999813e-01 9.947124999999999995e-01 9.952625000000000499e-01 9.954625000000000279e-01
9.944374999999999742e-01 9.945374999999999632e-01 9.944374999999999742e-01 9.946125000000000105e-01 9.945249999999999924e-01 9.943125000000000435e-01 9.943499999999999561e-01 9.943250000000000144e-01 9.944874999999999687e-01 9.941750000000000309e-01 9.948124999999999885e-01 9.952625000000000499e-01 9.952750000000000208e-01 9.952374999999999972e-01 9.948124999999999885e-01 9.949500000000000011e-01 9.953250000000000153e-01 9.952874999999999917e-01 9.957125000000000004e-01 9.961124999999999563e-01
9.951999999999999735e-01 9.952250000000000263e-01 9.952250000000000263e-01 9.953125000000000444e-01 9.951499999999999790e-01 9.949624999999999719e-01 9.951124999999999554e-01 9.949624999999999719e-01 9.951624999999999499e-01 9.948624999999999829e-01 9.956125000000000114e-01 9.960624999999999618e-01 9.957749999999999657e-01 9.958749999999999547e-01 9.955125000000000224e-01 9.956125000000000114e-01 9.959249999999999492e-01 9.958124999999999893e-01 9.962874999999999925e-01 9.966749999999999776e-01
9.957624999999999948e-01 9.961124999999999563e-01 9.958375000000000421e-01 9.959875000000000256e-01 9.959375000000000311e-01 9.957500000000000240e-01 9.958624999999999838e-01 9.956374999999999531e-01 9.958500000000000130e-01 9.954250000000000043e-01 9.962499999999999689e-01 9.967249999999999721e-01 9.963250000000000162e-01 9.965749999999999886e-01 9.961875000000000036e-01 9.962625000000000508e-01 9.964874999999999705e-01 9.964499999999999469e-01 9.967749999999999666e-01 9.970875000000000155e-01
9.963625000000000398e-01 9.965625000000000178e-01 9.963499999999999579e-01 9.966749999999999776e-01 9.964749999999999996e-01 9.965249999999999941e-01 9.964499999999999469e-01 9.960875000000000146e-01 9.963125000000000453e-01 9.960124999999999673e-01 9.968375000000000430e-01 9.971624999999999517e-01 9.967875000000000485e-01 9.970250000000000501e-01 9.966874999999999485e-01 9.968000000000000194e-01 9.969500000000000028e-01 9.970375000000000210e-01 9.972625000000000517e-01 9.974750000000000005e-01
9.969999999999999973e-01 9.971624999999999517e-01 9.968500000000000139e-01 9.971250000000000391e-01 9.970250000000000501e-01 9.970250000000000501e-01 9.969500000000000028e-01 9.965749999999999886e-01 9.968875000000000375e-01 9.965625000000000178e-01 9.973125000000000462e-01 9.975000000000000533e-01 9.972250000000000281e-01 9.974750000000000005e-01 9.970624999999999627e-01 9.971999999999999753e-01 9.973250000000000171e-01 9.973874999999999824e-01 9.976500000000000368e-01 9.978375000000000439e-01
9.974750000000000005e-01 9.977624999999999966e-01 9.973250000000000171e-01 9.975625000000000187e-01 9.975249999999999950e-01 9.976249999999999840e-01 9.974250000000000060e-01 9.971875000000000044e-01 9.972625000000000517e-01 9.970750000000000446e-01 9.977000000000000313e-01 9.978749999999999565e-01 9.976000000000000423e-01 9.978124999999999911e-01 9.975374999999999659e-01 9.976500000000000368e-01 9.978500000000000147e-01 9.978000000000000203e-01 9.979875000000000274e-01 9.980875000000000163e-01
9.979999999999999982e-01 9.979875000000000274e-01 9.977624999999999966e-01 9.979624999999999746e-01 9.978375000000000439e-01 9.979624999999999746e-01 9.977875000000000494e-01 9.975374999999999659e-01 9.977000000000000313e-01 9.974374999999999769e-01 9.980250000000000510e-01 9.981999999999999762e-01 9.980124999999999691e-01 9.981124999999999581e-01 9.979124999999999801e-01 9.979749999999999455e-01 9.981499999999999817e-01 9.981624999999999526e-01 9.983750000000000124e-01 9.983499999999999597e-01
9.982750000000000234e-01 9.983125000000000471e-01 9.981499999999999817e-01 9.981750000000000345e-01 9.982250000000000290e-01 9.982750000000000234e-01 9.981499999999999817e-01 9.979249999999999510e-01 9.980624999999999636e-01 9.977875000000000494e-01 9.983499999999999597e-01 9.985125000000000250e-01 9.982750000000000234e-01 9.984250000000000069e-01 9.981999999999999762e-01 9.982250000000000290e-01 9.984125000000000361e-01 9.984125000000000361e-01 9.986000000000000432e-01 9.986374999999999558e-01
9.985625000000000195e-01 9.985625000000000195e-01 9.984499999999999487e-01 9.984374999999999778e-01 9.985374999999999668e-01 9.985874999999999613e-01 9.983750000000000124e-01 9.984250000000000069e-01 9.983125000000000471e-01 9.981750000000000345e-01 9.986249999999999849e-01 9.987624999999999975e-01 9.985749999999999904e-01 9.986749999999999794e-01 9.983999999999999542e-01 9.986000000000000432e-01 9.986249999999999849e-01 9.986500000000000377e-01 9.987624999999999975e-01 9.988875000000000393e-01
9.987249999999999739e-01 9.988500000000000156e-01 9.987374999999999448e-01 9.986000000000000432e-01 9.987500000000000266e-01 9.988249999999999629e-01 9.986125000000000140e-01 9.987125000000000030e-01 9.986374999999999558e-01 9.983874999999999833e-01 9.989624999999999755e-01 9.990124999999999700e-01 9.988124999999999920e-01 9.989500000000000046e-01 9.985874999999999613e-01 9.987875000000000503e-01 9.988249999999999629e-01 9.988749999999999574e-01 9.989000000000000101e-01 9.991250000000000409e-01
9.989249999999999519e-01 9.990250000000000519e-01 9.989749999999999464e-01 9.989000000000000101e-01 9.989624999999999755e-01 9.989624999999999755e-01 9.988875000000000393e-01 9.988875000000000393e-01 9.988500000000000156e-01 9.986874999999999503e-01 9.991124999999999590e-01 9.991875000000000062e-01 9.990750000000000464e-01 9.991499999999999826e-01 9.988749999999999574e-01 9.989749999999999464e-01 9.989749999999999464e-01 9.990875000000000172e-01 9.990750000000000464e-01 9.992625000000000535e-01
9.991499999999999826e-01 9.992375000000000007e-01 9.991999999999999771e-01 9.991624999999999535e-01 9.990624999999999645e-01 9.991124999999999590e-01 9.990124999999999700e-01 9.990999999999999881e-01 9.990124999999999700e-01 9.989375000000000338e-01 9.993250000000000188e-01 9.993250000000000188e-01 9.992250000000000298e-01 9.992625000000000535e-01 9.991499999999999826e-01 9.991499999999999826e-01 9.991624999999999535e-01 9.992499999999999716e-01 9.992124999999999480e-01 9.994250000000000078e-01
9.993250000000000188e-01 9.994125000000000369e-01 9.992750000000000243e-01 9.993750000000000133e-01 9.991875000000000062e-01 9.993750000000000133e-01 9.992250000000000298e-01 9.992375000000000007e-01 9.991375000000000117e-01 9.991375000000000117e-01 9.994374999999999787e-01 9.994374999999999787e-01 9.993374999999999897e-01 9.993999999999999551e-01 9.992999999999999661e-01 9.992499999999999716e-01 9.992874999999999952e-01 9.994625000000000314e-01 9.993874999999999842e-01 9.994374999999999787e-01
9.994499999999999496e-01 9.995500000000000496e-01 9.993625000000000425e-01 9.995000000000000551e-01 9.993125000000000480e-01 9.994499999999999496e-01 9.993625000000000425e-01 9.993499999999999606e-01 9.993499999999999606e-01 9.993250000000000188e-01 9.995500000000000496e-01 9.995249999999999968e-01 9.994250000000000078e-01 9.995000000000000551e-01 9.993750000000000133e-01 9.993999999999999551e-01 9.993874999999999842e-01 9.995249999999999968e-01 9.994499999999999496e-01 9.994874999999999732e-01
9.995874999999999622e-01 9.996500000000000385e-01 9.994874999999999732e-01 9.995374999999999677e-01 9.994625000000000314e-01 9.995500000000000496e-01 9.994250000000000078e-01 9.994499999999999496e-01 9.994250000000000078e-01 9.993999999999999551e-01 9.996625000000000094e-01 9.996374999999999567e-01 9.995125000000000259e-01 9.995749999999999913e-01 9.994874999999999732e-01 9.994625000000000314e-01 9.995374999999999677e-01 9.996125000000000149e-01 9.995749999999999913e-01 9.995625000000000204e-01
9.996500000000000385e-01 9.997249999999999748e-01 9.995625000000000204e-01 9.995874999999999622e-01 9.995500000000000496e-01 9.997249999999999748e-01 9.995374999999999677e-01 9.995374999999999677e-01 9.995374999999999677e-01 9.995249999999999968e-01 9.997249999999999748e-01 9.996874999999999512e-01 9.996249999999999858e-01 9.996500000000000385e-01 9.996000000000000441e-01 9.995500000000000496e-01 9.996000000000000441e-01 9.996500000000000385e-01 9.996500000000000385e-01 9.997000000000000330e-01
9.997125000000000039e-01 9.997624999999999984e-01 9.996500000000000385e-01 9.996500000000000385e-01 9.996500000000000385e-01 9.998124999999999929e-01 9.996249999999999858e-01 9.996125000000000149e-01 9.996749999999999803e-01 9.995500000000000496e-01 9.997875000000000512e-01 9.997500000000000275e-01 9.997249999999999748e-01 9.997125000000000039e-01 9.997000000000000330e-01 9.997000000000000330e-01 9.997000000000000330e-01 9.997374999999999456e-01 9.996874999999999512e-01 9.997249999999999748e-01
9.997749999999999693e-01 9.998124999999999929e-01 9.997249999999999748e-01 9.997000000000000330e-01 9.997000000000000330e-01 9.998249999999999638e-01 9.997000000000000330e-01 9.996500000000000385e-01 9.997624999999999984e-01 9.996500000000000385e-01 9.998375000000000457e-01 9.998000000000000220e-01 9.997500000000000275e-01 9.997624999999999984e-01 9.997624999999999984e-01 9.997374999999999456e-01 9.997749999999999693e-01 9.997875000000000512e-01 9.997374999999999456e-01 9.997624999999999984e-01
9.997875000000000512e-01 9.999000000000000110e-01 9.998124999999999929e-01 9.998375000000000457e-01 9.997749999999999693e-01 9.998875000000000401e-01 9.997749999999999693e-01 9.997249999999999748e-01 9.997875000000000512e-01 9.997125000000000039e-01 9.998749999999999583e-01 9.998249999999999638e-01 9.998124999999999929e-01 9.998500000000000165e-01 9.998124999999999929e-01 9.998124999999999929e-01 9.998124999999999929e-01 9.998375000000000457e-01 9.997624999999999984e-01 9.998375000000000457e-01
9.998124999999999929e-01 9.999500000000000055e-01 9.998500000000000165e-01 9.998875000000000401e-01 9.998500000000000165e-01 9.998875000000000401e-01 9.998124999999999929e-01 9.997749999999999693e-01 9.998375000000000457e-01 9.997749999999999693e-01 9.998875000000000401e-01 9.998875000000000401e-01 9.998375000000000457e-01 9.999124999999999819e-01 9.998749999999999583e-01 9.998375000000000457e-01 9.998500000000000165e-01 9.998875000000000401e-01 9.998000000000000220e-01 9.998624999999999874e-01
9.998249999999999638e-01 9.999624999999999764e-01 9.998624999999999874e-01 9.998875000000000401e-01 9.998500000000000165e-01 9.998875000000000401e-01 9.998249999999999638e-01 9.998375000000000457e-01 9.998375000000000457e-01 9.997875000000000512e-01 9.998875000000000401e-01 9.998875000000000401e-01 9.998624999999999874e-01 9.999124999999999819e-01 9.998749999999999583e-01 9.998500000000000165e-01 9.998624999999999874e-01 9.998875000000000401e-01 9.998000000000000220e-01 9.998624999999999874e-01
9.998624999999999874e-01 9.999749999999999472e-01 9.999249999999999527e-01 9.999500000000000055e-01 9.999000000000000110e-01 9.999500000000000055e-01 9.998749999999999583e-01 9.998500000000000165e-01 9.999000000000000110e-01 9.998749999999999583e-01 9.999000000000000110e-01 9.999249999999999527e-01 9.998749999999999583e-01 9.999500000000000055e-01 9.999249999999999527e-01 9.998749999999999583e-01 9.999000000000000110e-01 9.999375000000000346e-01 9.998375000000000457e-01 9.998624999999999874e-01
9.998875000000000401e-01 9.999749999999999472e-01 9.999249999999999527e-01 9.999500000000000055e-01 9.999000000000000110e-01 9.999500000000000055e-01 9.998875000000000401e-01 9.998749999999999583e-01 9.999000000000000110e-01 9.998875000000000401e-01 9.999000000000000110e-01 9.999249999999999527e-01 9.998749999999999583e-01 9.999500000000000055e-01 9.999249999999999527e-01 9.998875000000000401e-01 9.999124999999999819e-01 9.999375000000000346e-01 9.998500000000000165e-01 9.998749999999999583e-01
9.999500000000000055e-01 1.000000000000000000e+00 9.999749999999999472e-01 9.999624999999999764e-01 9.999375000000000346e-01 9.999875000000000291e-01 9.999375000000000346e-01 9.999500000000000055e-01 9.999624999999999764e-01 9.999375000000000346e-01 9.999749999999999472e-01 9.999500000000000055e-01 9.999375000000000346e-01 9.999749999999999472e-01 9.999375000000000346e-01 9.999375000000000346e-01 9.999124999999999819e-01 9.999749999999999472e-01 9.999249999999999527e-01 9.999375000000000346e-01
9.999500000000000055e-01 1.000000000000000000e+00 9.999749999999999472e-01 9.999624999999999764e-01 9.999375000000000346e-01 9.999875000000000291e-01 9.999375000000000346e-01 9.999500000000000055e-01 9.999624999999999764e-01 9.999375000000000346e-01 9.999875000000000291e-01 9.999500000000000055e-01 9.999375000000000346e-01 9.999749999999999472e-01 9.999500000000000055e-01 9.999500000000000055e-01 9.999124999999999819e-01 9.999749999999999472e-01 9.999249999999999527e-01 9.999375000000000346e-01
9.999500000000000055e-01 1.000000000000000000e+00 9.999749999999999472e-01 9.999624999999999764e-01 9.999375000000000346e-01 9.999875000000000291e-01 9.999375000000000346e-01 9.999500000000000055e-01 9.999624999999999764e-01 9.999375000000000346e-01 9.999875000000000291e-01 9.999500000000000055e-01 9.999375000000000346e-01 9.999749999999999472e-01 9.999500000000000055e-01 9.999500000000000055e-01 9.999249999999999527e-01 9.999749999999999472e-01 9.999249999999999527e-01 9.999375000000000346e-01
9.999500000000000055e-01 1.000000000000000000e+00 9.999749999999999472e-01 9.999624999999999764e-01 9.999375000000000346e-01 9.999875000000000291e-01 9.999375000000000346e-01 9.999500000000000055e-01 9.999624999999999764e-01 9.999375000000000346e-01 9.999875000000000291e-01 9.999500000000000055e-01 9.999375000000000346e-01 9.999749999999999472e-01 9.999500000000000055e-01 9.999500000000000055e-01 9.999249999999999527e-01 9.999749999999999472e-01 9.999249999999999527e-01 9.999375000000000346e-01
1.000000000000000000e+00 1.000000000000000000e+00 1.000000000000000000e+00 1.000000000000000000e+00 1.000000000000000000e+00 1.000000000000000000e+00 1.000000000000000000e+00 1.000000000000000000e+00 1.000000000000000000e+00 1.000000000000000000e+00 1.000000000000000000e+00 1.000000000000000000e+00 1.000000000000000000e+00 1.000000000000000000e+00 1.000000000000000000e+00 1.000000000000000000e+00 1.000000000000000000e+00 1.000000000000000000e+00 1.000000000000000000e+00 1.000000000000000000e+00
1.000000000000000000e+00 1.000000000000000000e+00 1.000000000000000000e+00 1.000000000000000000e+00 1.000000000000000000e+00 1.000000000000000000e+00 1.000000000000000000e+00 1.000000000000000000e+00 1.000000000000000000e+00 1.000000000000000000e+00 1.000000000000000000e+00 1.000000000000000000e+00 1.000000000000000000e+00 1.000000000000000000e+00 1.000000000000000000e+00 1.000000000000000000e+00 1.000000000000000000e+00 1.000000000000000000e+00 1.000000000000000000e+00 1.000000000000000000e+00
