7.016621270781815602e-04 7.365134246351720234e-04 7.730957732130631400e-04 8.114951534738963201e-04 8.518018167072998912e-04 8.941104969509799764e-04 9.385206336471497036e-04 9.851366053582287768e-04 1.034067975091111430e-03 1.085429747806598713e-03 1.139342640719231579e-03 1.195933367022817455e-03 1.255334933708490610e-03 1.317686954175293886e-03 1.383135976368009192e-03 1.451835827213469876e-03 1.523947974164901846e-03 1.599641904704031696e-03 1.679095524692928235e-03 1.762495576511834573e-03
7.952499999999996305e+01 7.802499999999997726e+01 7.630000000000002558e+01 7.474999999999998579e+01 7.334999999999999432e+01 7.200000000000001421e+01 7.040000000000000568e+01 6.852500000000000568e+01 6.652499999999999147e+01 6.482499999999998863e+01 6.310000000000001563e+01 6.195000000000001705e+01 5.997500000000000853e+01 5.840000000000001990e+01 5.685000000000000853e+01 5.524999999999998579e+01 5.342499999999999716e+01 5.207499999999999574e+01 5.050000000000000000e+01 4.879999999999999716e+01
1.377249999999999943e+02 1.369500000000000171e+02 1.368499999999999943e+02 1.363750000000000000e+02 1.356750000000000398e+02 1.351500000000000057e+02 1.346749999999999829e+02 1.342749999999999773e+02 1.342000000000000171e+02 1.337500000000000000e+02 1.333499999999999943e+02 1.328249999999999602e+02 1.326500000000000341e+02 1.323000000000000114e+02 1.319499999999999886e+02 1.313499999999999659e+02 1.314000000000000057e+02 1.308999999999999773e+02 1.305999999999999943e+02 1.304000000000000057e+02
8.334999999999998010e+01 8.370000000000000284e+01 8.402499999999997726e+01 8.434999999999999432e+01 8.475000000000000000e+01 8.515000000000000568e+01 8.550000000000000000e+01 8.602499999999999147e+01 8.614999999999996305e+01 8.634999999999999432e+01 8.675000000000000000e+01 8.664999999999997726e+01 8.732500000000001705e+01 8.795000000000000284e+01 8.827499999999999147e+01 8.907500000000000284e+01 8.939999999999999147e+01 8.940000000000001990e+01 8.992499999999998295e+01 9.029999999999998295e+01
4.064999999999999147e+01 4.125000000000001421e+01 4.127500000000000568e+01 4.175000000000000000e+01 4.177500000000000568e+01 4.232500000000000284e+01 4.297500000000000853e+01 4.364999999999999858e+01 4.430000000000000426e+01 4.507499999999998863e+01 4.562500000000000000e+01 4.595000000000000284e+01 4.597500000000000142e+01 4.607500000000000284e+01 4.662500000000002132e+01 4.730000000000000426e+01 4.764999999999999147e+01 4.837499999999999289e+01 4.872500000000000853e+01 4.927500000000001279e+01
2.070000000000000284e+01 2.100000000000000711e+01 2.164999999999999858e+01 2.174999999999999645e+01 2.232499999999999574e+01 2.237500000000000000e+01 2.252500000000000213e+01 2.222499999999999787e+01 2.277499999999999503e+01 2.282500000000000284e+01 2.317500000000000071e+01 2.340000000000000568e+01 2.389999999999999503e+01 2.439999999999999858e+01 2.434999999999999787e+01 2.417500000000000071e+01 2.432499999999999929e+01 2.467500000000000782e+01 2.487500000000000000e+01 2.525000000000001066e+01
1.140000000000000036e+01 1.157499999999999929e+01 1.165000000000000036e+01 1.205000000000000426e+01 1.254999999999999893e+01 1.294999999999999929e+01 1.270000000000000107e+01 1.319999999999999574e+01 1.319999999999999929e+01 1.367499999999999893e+01 1.364999999999999680e+01 1.397500000000000320e+01 1.410000000000000320e+01 1.387500000000000178e+01 1.417499999999999893e+01 1.444999999999999929e+01 1.462500000000000000e+01 1.477499999999999680e+01 1.487500000000000000e+01 1.482499999999999751e+01
7.000000000000000888e+00 7.099999999999998757e+00 7.425000000000000711e+00 7.600000000000000533e+00 7.699999999999996625e+00 7.774999999999999467e+00 8.474999999999999645e+00 8.474999999999999645e+00 8.549999999999998934e+00 8.525000000000002132e+00 8.474999999999999645e+00 8.950000000000002842e+00 9.000000000000001776e+00 9.050000000000000711e+00 9.199999999999999289e+00 9.149999999999998579e+00 9.375000000000000000e+00 9.500000000000000000e+00 9.525000000000003908e+00 9.475000000000001421e+00
4.624999999999999112e+00 4.875000000000000888e+00 4.850000000000001421e+00 4.899999999999999467e+00 4.875000000000000000e+00 4.824999999999998401e+00 4.899999999999999467e+00 5.200000000000000178e+00 5.450000000000001954e+00 5.500000000000000000e+00 5.900000000000000355e+00 5.575000000000000178e+00 5.600000000000000533e+00 5.799999999999998934e+00 5.950000000000001954e+00 5.999999999999999112e+00 5.724999999999998757e+00 5.549999999999999822e+00 5.900000000000000355e+00 6.075000000000000178e+00
2.825000000000000178e+00 2.950000000000000178e+00 2.899999999999999467e+00 3.000000000000000000e+00 3.174999999999999378e+00 3.174999999999999378e+00 3.025000000000000355e+00 3.275000000000000355e+00 3.200000000000000622e+00 3.525000000000000799e+00 3.725000000000000533e+00 4.049999999999999822e+00 4.275000000000000355e+00 4.525000000000000355e+00 4.500000000000000888e+00 4.599999999999999645e+00 4.775000000000001243e+00 5.175000000000000711e+00 4.899999999999999467e+00 4.824999999999999289e+00
2.700000000000000178e+00 2.474999999999999645e+00 2.500000000000000000e+00 2.424999999999998490e+00 2.399999999999999023e+00 2.399999999999999911e+00 2.599999999999999645e+00 2.524999999999999911e+00 2.750000000000000000e+00 2.524999999999999023e+00 2.349999999999999645e+00 2.474999999999999645e+00 2.549999999999999822e+00 2.649999999999999467e+00 2.775000000000000355e+00 2.924999999999998934e+00 3.149999999999999911e+00 3.149999999999999911e+00 3.524999999999999911e+00 3.725000000000000089e+00
1.474999999999999645e+00 1.749999999999999778e+00 1.899999999999999689e+00 2.149999999999999911e+00 2.250000000000000000e+00 2.324999999999999734e+00 2.124999999999999112e+00 2.174999999999999378e+00 2.125000000000000000e+00 2.324999999999999734e+00 2.324999999999999734e+00 2.250000000000000000e+00 2.024999999999999467e+00 2.124999999999999556e+00 2.074999999999998845e+00 2.274999999999999467e+00 2.399999999999999467e+00 2.374999999999999556e+00 2.199999999999999734e+00 2.249999999999999556e+00
1.374999999999999334e+00 1.324999999999999512e+00 1.324999999999999734e+00 1.225000000000000089e+00 1.199999999999999956e+00 1.274999999999999911e+00 1.574999999999999512e+00 1.574999999999999512e+00 1.549999999999999600e+00 1.649999999999999467e+00 1.725000000000000089e+00 1.850000000000000089e+00 2.075000000000000178e+00 2.075000000000000178e+00 2.174999999999999378e+00 1.949999999999999734e+00 1.874999999999999778e+00 1.774999999999999689e+00 1.975000000000000311e+00 2.124999999999999556e+00
9.250000000000004885e-01 1.050000000000000266e+00 1.000000000000000222e+00 8.000000000000002665e-01 9.250000000000002665e-01 9.750000000000001998e-01 1.074999999999999956e+00 1.149999999999999911e+00 1.274999999999999689e+00 1.174999999999999600e+00 1.300000000000000044e+00 1.374999999999999778e+00 1.449999999999999734e+00 1.300000000000000044e+00 1.274999999999999911e+00 1.325000000000000178e+00 1.475000000000000089e+00 1.675000000000000044e+00 1.725000000000000311e+00 1.549999999999999378e+00
6.750000000000002665e-01 6.750000000000001554e-01 8.000000000000001554e-01 1.000000000000000222e+00 1.000000000000000222e+00 9.000000000000003553e-01 8.250000000000002887e-01 8.750000000000003331e-01 9.000000000000001332e-01 8.750000000000001110e-01 7.500000000000001110e-01 7.750000000000000222e-01 9.000000000000001332e-01 1.125000000000000000e+00 1.224999999999999645e+00 1.099999999999999867e+00 9.500000000000002887e-01 9.250000000000002665e-01 8.500000000000001998e-01 9.750000000000001998e-01
8.000000000000001554e-01 7.000000000000001776e-01 7.000000000000001776e-01 7.500000000000002220e-01 5.999999999999999778e-01 7.999999999999999334e-01 7.750000000000002442e-01 8.000000000000002665e-01 8.000000000000001554e-01 8.750000000000003331e-01 1.000000000000000444e+00 9.000000000000003553e-01 9.250000000000003775e-01 8.500000000000003109e-01 7.750000000000002442e-01 1.074999999999999956e+00 1.199999999999999734e+00 1.125000000000000222e+00 1.175000000000000266e+00 1.200000000000000178e+00
7.250000000000003109e-01 7.500000000000002220e-01 7.000000000000001776e-01 7.000000000000001776e-01 7.250000000000000888e-01 6.500000000000002442e-01 6.250000000000002220e-01 5.750000000000001776e-01 4.750000000000001443e-01 4.750000000000001443e-01 6.000000000000000888e-01 7.000000000000002887e-01 7.000000000000001776e-01 6.500000000000002442e-01 8.000000000000002665e-01 7.250000000000003109e-01 7.750000000000002442e-01 8.250000000000002887e-01 8.500000000000003109e-01 9.250000000000001554e-01
4.500000000000000666e-01 5.250000000000001332e-01 5.000000000000001110e-01 6.000000000000000888e-01 7.250000000000000888e-01 7.250000000000000888e-01 7.000000000000001776e-01 6.000000000000001998e-01 7.250000000000001998e-01 6.500000000000001332e-01 6.000000000000001998e-01 5.000000000000001110e-01 5.750000000000000666e-01 6.750000000000002665e-01 6.750000000000001554e-01 6.250000000000002220e-01 6.500000000000002442e-01 6.750000000000002665e-01 6.500000000000002442e-01 6.250000000000002220e-01
5.250000000000001332e-01 5.749999999999999556e-01 5.500000000000000444e-01 4.750000000000000333e-01 4.500000000000000111e-01 5.250000000000001332e-01 6.750000000000000444e-01 6.750000000000001554e-01 6.000000000000001998e-01 8.250000000000001776e-01 7.000000000000001776e-01 6.500000000000000222e-01 5.250000000000000222e-01 5.000000000000000000e-01 4.500000000000000666e-01 5.750000000000001776e-01 6.500000000000001332e-01 6.000000000000003109e-01 7.000000000000002887e-01 6.000000000000001998e-01
5.500000000000001554e-01 5.250000000000001332e-01 5.750000000000001776e-01 5.750000000000000666e-01 5.250000000000001332e-01 3.750000000000001110e-01 2.999999999999999889e-01 5.500000000000000444e-01 6.500000000000001332e-01 5.250000000000001332e-01 6.500000000000000222e-01 7.750000000000002442e-01 7.750000000000002442e-01 6.000000000000000888e-01 7.000000000000001776e-01 6.500000000000002442e-01 6.000000000000001998e-01 7.500000000000002220e-01 5.000000000000001110e-01 5.750000000000000666e-01
4.750000000000000333e-01 4.499999999999999556e-01 5.500000000000000444e-01 5.000000000000001110e-01 4.250000000000000444e-01 5.000000000000000000e-01 5.250000000000001332e-01 3.000000000000000999e-01 3.250000000000000111e-01 3.250000000000000666e-01 3.750000000000000000e-01 3.750000000000001110e-01 4.000000000000000222e-01 6.750000000000002665e-01 5.500000000000000444e-01 5.250000000000001332e-01 5.250000000000000222e-01 5.000000000000000000e-01 5.750000000000001776e-01 5.250000000000001332e-01
3.250000000000000666e-01 3.750000000000000555e-01 3.750000000000001110e-01 4.250000000000000444e-01 3.750000000000001110e-01 4.750000000000001443e-01 3.250000000000000666e-01 4.250000000000000999e-01 2.249999999999999778e-01 3.500000000000000333e-01 3.500000000000000333e-01 3.000000000000000999e-01 3.500000000000000333e-01 3.000000000000000444e-01 3.750000000000000000e-01 4.250000000000000999e-01 3.750000000000000000e-01 3.250000000000000666e-01 4.750000000000000333e-01 5.500000000000001554e-01
3.250000000000000111e-01 2.999999999999999889e-01 2.499999999999999722e-01 2.999999999999999889e-01 5.000000000000000000e-01 4.750000000000000333e-01 5.250000000000001332e-01 4.250000000000001554e-01 5.500000000000001554e-01 4.000000000000001332e-01 2.999999999999999889e-01 4.000000000000000777e-01 4.750000000000001443e-01 3.250000000000000111e-01 3.499999999999999778e-01 4.500000000000001221e-01 5.000000000000001110e-01 4.000000000000000777e-01 3.750000000000000555e-01 4.000000000000000777e-01
2.249999999999999778e-01 3.499999999999999778e-01 4.250000000000000999e-01 2.749999999999999667e-01 1.499999999999999944e-01 1.999999999999999833e-01 3.750000000000000000e-01 4.500000000000000111e-01 3.249999999999999556e-01 3.750000000000000000e-01 3.750000000000001110e-01 3.000000000000000444e-01 3.250000000000000666e-01 3.750000000000001110e-01 4.750000000000000888e-01 4.500000000000000666e-01 3.250000000000000111e-01 5.500000000000001554e-01 4.250000000000000999e-01 4.249999999999999889e-01
7.500000000000001110e-02 1.000000000000000056e-01 2.000000000000000111e-01 3.250000000000000111e-01 2.999999999999999889e-01 2.249999999999999778e-01 1.999999999999999833e-01 1.999999999999999833e-01 3.500000000000000333e-01 3.500000000000000333e-01 3.500000000000000333e-01 4.250000000000000999e-01 2.749999999999999667e-01 3.750000000000000555e-01 2.749999999999999667e-01 3.250000000000000666e-01 3.500000000000000333e-01 2.249999999999999778e-01 3.750000000000000555e-01 3.750000000000000000e-01
1.749999999999999889e-01 1.499999999999999944e-01 7.500000000000001110e-02 1.500000000000000222e-01 3.249999999999999556e-01 3.999999999999999667e-01 2.249999999999999778e-01 1.499999999999999944e-01 1.749999999999999889e-01 2.750000000000000222e-01 3.750000000000000555e-01 3.250000000000000666e-01 2.999999999999999889e-01 2.999999999999999889e-01 2.499999999999999722e-01 1.250000000000000000e-01 2.749999999999999667e-01 2.500000000000000000e-01 1.999999999999999833e-01 2.250000000000000056e-01
1.749999999999999889e-01 1.499999999999999944e-01 1.749999999999999889e-01 1.749999999999999889e-01 1.999999999999999833e-01 1.250000000000000000e-01 2.749999999999999667e-01 2.999999999999999889e-01 2.999999999999999889e-01 2.249999999999999778e-01 1.999999999999999833e-01 2.499999999999999722e-01 2.749999999999999667e-01 2.749999999999999667e-01 2.500000000000000000e-01 3.750000000000001110e-01 2.999999999999999889e-01 3.000000000000000444e-01 1.749999999999999889e-01 1.749999999999999889e-01
1.250000000000000000e-01 7.500000000000001110e-02 2.500000000000000139e-02 1.250000000000000000e-01 1.250000000000000000e-01 1.749999999999999889e-01 1.749999999999999889e-01 1.499999999999999944e-01 1.250000000000000000e-01 1.749999999999999889e-01 1.999999999999999833e-01 1.999999999999999833e-01 3.750000000000000555e-01 3.250000000000000111e-01 2.999999999999999889e-01 2.249999999999999778e-01 1.499999999999999944e-01 2.249999999999999778e-01 2.750000000000000222e-01 2.750000000000000222e-01
1.000000000000000056e-01 2.000000000000000111e-01 1.999999999999999833e-01 1.499999999999999944e-01 1.499999999999999944e-01 2.000000000000000111e-01 1.999999999999999833e-01 2.749999999999999667e-01 2.749999999999999667e-01 1.999999999999999833e-01 1.749999999999999889e-01 1.250000000000000000e-01 2.500000000000000139e-02 1.250000000000000000e-01 2.749999999999999667e-01 2.499999999999999722e-01 3.500000000000000333e-01 2.249999999999999778e-01 3.250000000000000111e-01 2.499999999999999722e-01
0.000000000000000000e+00 2.500000000000000139e-02 1.499999999999999944e-01 1.000000000000000056e-01 1.250000000000000000e-01 1.499999999999999944e-01 1.999999999999999833e-01 2.749999999999999667e-01 2.249999999999999778e-01 1.999999999999999833e-01 2.000000000000000111e-01 2.249999999999999778e-01 1.499999999999999944e-01 1.250000000000000000e-01 1.000000000000000056e-01 1.999999999999999833e-01 1.499999999999999944e-01 1.749999999999999889e-01 1.749999999999999889e-01 1.499999999999999944e-01
0.000000000000000000e+00 5.000000000000000278e-02 5.000000000000000278e-02 1.250000000000000000e-01 1.000000000000000056e-01 5.000000000000000278e-02 7.500000000000001110e-02 1.250000000000000000e-01 1.749999999999999889e-01 2.499999999999999722e-01 2.250000000000000333e-01 1.749999999999999889e-01 2.499999999999999722e-01 1.749999999999999889e-01 1.499999999999999944e-01 1.250000000000000000e-01 1.499999999999999944e-01 2.249999999999999778e-01 1.999999999999999833e-01 2.750000000000000777e-01
0.000000000000000000e+00 0.000000000000000000e+00 0.000000000000000000e+00 2.500000000000000139e-02 7.500000000000001110e-02 1.000000000000000056e-01 5.000000000000000278e-02 1.250000000000000000e-01 2.249999999999999778e-01 1.999999999999999833e-01 2.249999999999999778e-01 2.500000000000000000e-01 1.749999999999999889e-01 2.499999999999999722e-01 1.999999999999999833e-01 1.000000000000000056e-01 1.999999999999999833e-01 2.249999999999999778e-01 1.499999999999999944e-01 1.749999999999999889e-01
0.000000000000000000e+00 0.000000000000000000e+00 2.500000000000000139e-02 5.000000000000000278e-02 5.000000000000000278e-02 1.000000000000000056e-01 1.499999999999999944e-01 5.000000000000000278e-02 5.000000000000000278e-02 1.250000000000000000e-01 1.749999999999999889e-01 1.499999999999999944e-01 2.499999999999999722e-01 1.749999999999999889e-01 2.249999999999999778e-01 2.249999999999999778e-01 5.000000000000000278e-02 1.000000000000000056e-01 1.749999999999999889e-01 1.250000000000000000e-01
0.000000000000000000e+00 0.000000000000000000e+00 2.500000000000000139e-02 2.500000000000000139e-02 5.000000000000000278e-02 2.500000000000000139e-02 2.500000000000000139e-02 7.500000000000001110e-02 2.500000000000000139e-02 5.000000000000000278e-02 1.499999999999999944e-01 1.250000000000000000e-01 1.000000000000000056e-01 1.000000000000000056e-01 1.000000000000000056e-01 1.000000000000000056e-01 2.250000000000000056e-01 2.250000000000000333e-01 2.000000000000000111e-01 1.250000000000000000e-01
0.000000000000000000e+00 0.000000000000000000e+00 0.000000000000000000e+00 2.500000000000000139e-02 5.000000000000000278e-02 2.500000000000000139e-02 1.000000000000000056e-01 1.250000000000000000e-01 1.000000000000000056e-01 7.500000000000001110e-02 2.500000000000000139e-02 1.499999999999999944e-01 1.000000000000000056e-01 2.250000000000000056e-01 1.499999999999999944e-01 2.500000000000000000e-01 1.749999999999999889e-01 5.000000000000000278e-02 1.749999999999999889e-01 2.249999999999999778e-01
0.000000000000000000e+00 0.000000000000000000e+00 0.000000000000000000e+00 0.000000000000000000e+00 0.000000000000000000e+00 0.000000000000000000e+00 2.500000000000000139e-02 7.500000000000001110e-02 1.250000000000000000e-01 1.250000000000000000e-01 7.500000000000001110e-02 5.000000000000000278e-02 1.499999999999999944e-01 7.500000000000001110e-02 1.749999999999999889e-01 1.000000000000000056e-01 1.999999999999999833e-01 2.499999999999999722e-01 1.000000000000000056e-01 1.000000000000000056e-01
0.000000000000000000e+00 0.000000000000000000e+00 0.000000000000000000e+00 0.000000000000000000e+00 0.000000000000000000e+00 0.000000000000000000e+00 0.000000000000000000e+00 2.500000000000000139e-02 5.000000000000000278e-02 5.000000000000000278e-02 5.000000000000000278e-02 1.000000000000000056e-01 1.499999999999999944e-01 7.500000000000001110e-02 1.250000000000000000e-01 1.749999999999999889e-01 7.500000000000001110e-02 1.499999999999999944e-01 2.249999999999999778e-01 2.999999999999999889e-01
0.000000000000000000e+00 0.000000000000000000e+00 0.000000000000000000e+00 0.000000000000000000e+00 0.000000000000000000e+00 5.000000000000000278e-02 5.000000000000000278e-02 0.000000000000000000e+00 2.500000000000000139e-02 1.000000000000000056e-01 7.500000000000001110e-02 7.500000000000001110e-02 2.500000000000000139e-02 1.000000000000000056e-01 7.500000000000001110e-02 1.500000000000000222e-01 7.500000000000001110e-02 1.250000000000000000e-01 1.000000000000000056e-01 1.749999999999999889e-01
0.000000000000000000e+00 0.000000000000000000e+00 0.000000000000000000e+00 0.000000000000000000e+00 2.500000000000000139e-02 5.000000000000000278e-02 0.000000000000000000e+00 2.500000000000000139e-02 5.000000000000000278e-02 2.500000000000000139e-02 1.499999999999999944e-01 1.000000000000000056e-01 1.250000000000000000e-01 1.250000000000000000e-01 5.000000000000000278e-02 7.500000000000001110e-02 1.499999999999999944e-01 7.500000000000001110e-02 1.499999999999999944e-01 1.000000000000000056e-01
0.000000000000000000e+00 0.000000000000000000e+00 0.000000000000000000e+00 0.000000000000000000e+00 0.000000000000000000e+00 0.000000000000000000e+00 5.000000000000000278e-02 2.500000000000000139e-02 5.000000000000000278e-02 7.500000000000001110e-02 2.500000000000000139e-02 1.000000000000000056e-01 2.500000000000000139e-02 7.500000000000001110e-02 1.250000000000000000e-01 5.000000000000000278e-02 1.749999999999999889e-01 1.000000000000000056e-01 1.499999999999999944e-01 1.250000000000000000e-01
0.000000000000000000e+00 0.000000000000000000e+00 0.000000000000000000e+00 0.000000000000000000e+00 0.000000000000000000e+00 0.000000000000000000e+00 0.000000000000000000e+00 5.000000000000000278e-02 2.500000000000000139e-02 5.000000000000000278e-02 1.000000000000000056e-01 7.500000000000001110e-02 7.500000000000001110e-02 1.000000000000000056e-01 7.500000000000001110e-02 5.000000000000000278e-02 7.500000000000001110e-02 1.499999999999999944e-01 7.500000000000001110e-02 5.000000000000000278e-02
0.000000000000000000e+00 0.000000000000000000e+00 0.000000000000000000e+00 0.000000000000000000e+00 0.000000000000000000e+00 0.000000000000000000e+00 0.000000000000000000e+00 0.000000000000000000e+00 0.000000000000000000e+00 2.500000000000000139e-02 2.500000000000000139e-02 7.500000000000001110e-02 1.749999999999999889e-01 7.500000000000001110e-02 5.000000000000000278e-02 5.000000000000000278e-02 5.000000000000000278e-02 2.500000000000000139e-02 0.000000000000000000e+00 7.500000000000001110e-02
0.000000000000000000e+00 0.000000000000000000e+00 0.000000000000000000e+00 0.000000000000000000e+00 0.000000000000000000e+00 0.000000000000000000e+00 0.000000000000000000e+00 0.000000000000000000e+00 0.000000000000000000e+00 0.000000000000000000e+00 0.000000000000000000e+00 2.500000000000000139e-02 5.000000000000000278e-02 1.749999999999999889e-01 1.250000000000000000e-01 5.000000000000000278e-02 5.000000000000000278e-02 1.000000000000000056e-01 7.500000000000001110e-02 7.500000000000001110e-02
0.000000000000000000e+00 0.000000000000000000e+00 0.000000000000000000e+00 0.000000000000000000e+00 0.000000000000000000e+00 0.000000000000000000e+00 0.000000000000000000e+00 0.000000000000000000e+00 0.000000000000000000e+00 0.000000000000000000e+00 2.500000000000000139e-02 0.000000000000000000e+00 2.500000000000000139e-02 5.000000000000000278e-02 1.499999999999999944e-01 2.249999999999999778e-01 1.250000000000000000e-01 1.500000000000000222e-01 1.499999999999999944e-01 7.500000000000001110e-02
0.000000000000000000e+00 0.000000000000000000e+00 0.000000000000000000e+00 0.000000000000000000e+00 0.000000000000000000e+00 0.000000000000000000e+00 0.000000000000000000e+00 0.000000000000000000e+00 2.500000000000000139e-02 0.000000000000000000e+00 0.000000000000000000e+00 2.500000000000000139e-02 2.500000000000000139e-02 5.000000000000000278e-02 7.500000000000001110e-02 1.000000000000000056e-01 1.000000000000000056e-01 7.500000000000001110e-02 1.499999999999999944e-01 7.500000000000001110e-02
0.000000000000000000e+00 0.000000000000000000e+00 0.000000000000000000e+00 0.000000000000000000e+00 0.000000000000000000e+00 0.000000000000000000e+00 0.000000000000000000e+00 0.000000000000000000e+00 0.000000000000000000e+00 0.000000000000000000e+00 0.000000000000000000e+00 0.000000000000000000e+00 0.000000000000000000e+00 0.000000000000000000e+00 7.500000000000001110e-02 7.500000000000001110e-02 1.499999999999999944e-01 1.000000000000000056e-01 7.500000000000001110e-02 1.250000000000000000e-01
0.000000000000000000e+00 0.000000000000000000e+00 0.000000000000000000e+00 0.000000000000000000e+00 0.000000000000000000e+00 0.000000000000000000e+00 0.000000000000000000e+00 0.000000000000000000e+00 0.000000000000000000e+00 2.500000000000000139e-02 0.000000000000000000e+00 0.000000000000000000e+00 2.500000000000000139e-02 0.000000000000000000e+00 2.500000000000000139e-02 5.000000000000000278e-02 7.500000000000001110e-02 7.500000000000001110e-02 5.000000000000000278e-02 7.500000000000001110e-02
0.000000000000000000e+00 0.000000000000000000e+00 0.000000000000000000e+00 0.000000000000000000e+00 0.000000000000000000e+00 0.000000000000000000e+00 0.000000000000000000e+00 0.000000000000000000e+00 0.000000000000000000e+00 0.000000000000000000e+00 0.000000000000000000e+00 0.000000000000000000e+00 0.000000000000000000e+00 0.000000000000000000e+00 0.000000000000000000e+00 5.000000000000000278e-02 2.500000000000000139e-02 1.000000000000000056e-01 1.250000000000000000e-01 1.749999999999999889e-01
0.000000000000000000e+00 0.000000000000000000e+00 0.000000000000000000e+00 0.000000000000000000e+00 0.000000000000000000e+00 0.000000000000000000e+00 0.000000000000000000e+00 0.000000000000000000e+00 0.000000000000000000e+00 0.000000000000000000e+00 2.500000000000000139e-02 0.000000000000000000e+00 0.000000000000000000e+00 2.500000000000000139e-02 0.000000000000000000e+00 0.000000000000000000e+00 0.000000000000000000e+00 2.500000000000000139e-02 5.000000000000000278e-02 7.500000000000001110e-02
0.000000000000000000e+00 0.000000000000000000e+00 0.000000000000000000e+00 0.000000000000000000e+00 0.000000000000000000e+00 0.000000000000000000e+00 0.000000000000000000e+00 0.000000000000000000e+00 0.000000000000000000e+00 0.000000000000000000e+00 0.000000000000000000e+00 2.500000000000000139e-02 0.000000000000000000e+00 0.000000000000000000e+00 2.500000000000000139e-02 2.500000000000000139e-02 2.500000000000000139e-02 5.000000000000000278e-02 7.500000000000001110e-02 2.500000000000000139e-02
0.000000000000000000e+00 0.000000000000000000e+00 0.000000000000000000e+00 0.000000000000000000e+00 0.000000000000000000e+00 0.000000000000000000e+00 0.000000000000000000e+00 0.000000000000000000e+00 0.000000000000000000e+00 0.000000000000000000e+00 0.000000000000000000e+00 0.000000000000000000e+00 0.000000000000000000e+00 0.000000000000000000e+00 0.000000000000000000e+00 0.000000000000000000e+00 5.000000000000000278e-02 0.000000000000000000e+00 2.500000000000000139e-02 2.500000000000000139e-02
0.000000000000000000e+00 0.000000000000000000e+00 0.000000000000000000e+00 0.000000000000000000e+00 0.000000000000000000e+00 0.000000000000000000e+00 0.000000000000000000e+00 0.000000000000000000e+00 0.000000000000000000e+00 0.000000000000000000e+00 0.000000000000000000e+00 0.000000000000000000e+00 0.000000000000000000e+00 0.000000000000000000e+00 0.000000000000000000e+00 0.000000000000000000e+00 2.500000000000000139e-02 5.000000000000000278e-02 5.000000000000000278e-02 7.500000000000001110e-02
0.000000000000000000e+00 0.000000000000000000e+00 0.000000000000000000e+00 0.000000000000000000e+00 0.000000000000000000e+00 0.000000000000000000e+00 0.000000000000000000e+00 0.000000000000000000e+00 0.000000000000000000e+00 0.000000000000000000e+00 0.000000000000000000e+00 0.000000000000000000e+00 2.500000000000000139e-02 0.000000000000000000e+00 0.000000000000000000e+00 0.000000000000000000e+00 0.000000000000000000e+00 0.000000000000000000e+00 0.000000000000000000e+00 2.500000000000000139e-02
0.000000000000000000e+00 0.000000000000000000e+00 0.000000000000000000e+00 0.000000000000000000e+00 0.000000000000000000e+00 0.000000000000000000e+00 0.000000000000000000e+00 0.000000000000000000e+00 0.000000000000000000e+00 0.000000000000000000e+00 0.000000000000000000e+00 0.000000000000000000e+00 0.000000000000000000e+00 2.500000000000000139e-02 0.000000000000000000e+00 0.000000000000000000e+00 0.000000000000000000e+00 5.000000000000000278e-02 5.000000000000000278e-02 7.500000000000001110e-02
0.000000000000000000e+00 0.000000000000000000e+00 0.000000000000000000e+00 0.000000000000000000e+00 0.000000000000000000e+00 0.000000000000000000e+00 0.000000000000000000e+00 0.000000000000000000e+00 0.000000000000000000e+00 0.000000000000000000e+00 0.000000000000000000e+00 0.000000000000000000e+00 0.000000000000000000e+00 0.000000000000000000e+00 2.500000000000000139e-02 0.000000000000000000e+00 0.000000000000000000e+00 0.000000000000000000e+00 0.000000000000000000e+00 2.500000000000000139e-02
0.000000000000000000e+00 0.000000000000000000e+00 0.000000000000000000e+00 0.000000000000000000e+00 0.000000000000000000e+00 0.000000000000000000e+00 0.000000000000000000e+00 0.000000000000000000e+00 0.000000000000000000e+00 0.000000000000000000e+00 0.000000000000000000e+00 0.000000000000000000e+00 0.000000000000000000e+00 0.000000000000000000e+00 0.000000000000000000e+00 0.000000000000000000e+00 0.000000000000000000e+00 0.000000000000000000e+00 2.500000000000000139e-02 2.500000000000000139e-02
0.000000000000000000e+00 0.000000000000000000e+00 0.000000000000000000e+00 0.000000000000000000e+00 0.000000000000000000e+00 0.000000000000000000e+00 0.000000000000000000e+00 0.000000000000000000e+00 0.000000000000000000e+00 0.000000000000000000e+00 0.000000000000000000e+00 0.000000000000000000e+00 0.000000000000000000e+00 0.000000000000000000e+00 0.000000000000000000e+00 5.000000000000000278e-02 0.000000000000000000e+00 0.000000000000000000e+00 0.000000000000000000e+00 0.000000000000000000e+00
0.000000000000000000e+00 0.000000000000000000e+00 0.000000000000000000e+00 0.000000000000000000e+00 0.000000000000000000e+00 0.000000000000000000e+00 0.000000000000000000e+00 0.000000000000000000e+00 0.000000000000000000e+00 0.000000000000000000e+00 0.000000000000000000e+00 0.000000000000000000e+00 0.000000000000000000e+00 0.000000000000000000e+00 0.000000000000000000e+00 0.000000000000000000e+00 2.500000000000000139e-02 0.000000000000000000e+00 0.000000000000000000e+00 0.000000000000000000e+00
0.000000000000000000e+00 0.000000000000000000e+00 0.000000000000000000e+00 0.000000000000000000e+00 0.000000000000000000e+00 0.000000000000000000e+00 0.000000000000000000e+00 0.000000000000000000e+00 0.000000000000000000e+00 0.000000000000000000e+00 0.000000000000000000e+00 0.000000000000000000e+00 0.000000000000000000e+00 0.000000000000000000e+00 0.000000000000000000e+00 0.000000000000000000e+00 0.000000000000000000e+00 2.500000000000000139e-02 2.500000000000000139e-02 2.500000000000000139e-02
0.000000000000000000e+00 0.000000000000000000e+00 0.000000000000000000e+00 0.000000000000000000e+00 0.000000000000000000e+00 0.000000000000000000e+00 0.000000000000000000e+00 0.000000000000000000e+00 0.000000000000000000e+00 0.000000000000000000e+00 0.000000000000000000e+00 0.000000000000000000e+00 0.000000000000000000e+00 0.000000000000000000e+00 0.000000000000000000e+00 0.000000000000000000e+00 0.000000000000000000e+00 0.000000000000000000e+00 0.000000000000000000e+00 0.000000000000000000e+00
0.000000000000000000e+00 0.000000000000000000e+00 0.000000000000000000e+00 0.000000000000000000e+00 0.000000000000000000e+00 0.000000000000000000e+00 0.000000000000000000e+00 0.000000000000000000e+00 0.000000000000000000e+00 0.000000000000000000e+00 0.000000000000000000e+00 0.000000000000000000e+00 0.000000000000000000e+00 0.000000000000000000e+00 0.000000000000000000e+00 0.000000000000000000e+00 2.500000000000000139e-02 0.000000000000000000e+00 0.000000000000000000e+00 2.500000000000000139e-02
0.000000000000000000e+00 0.000000000000000000e+00 0.000000000000000000e+00 0.000000000000000000e+00 0.000000000000000000e+00 0.000000000000000000e+00 0.000000000000000000e+00 0.000000000000000000e+00 0.000000000000000000e+00 0.000000000000000000e+00 0.000000000000000000e+00 0.000000000000000000e+00 0.000000000000000000e+00 0.000000000000000000e+00 0.000000000000000000e+00 0.000000000000000000e+00 0.000000000000000000e+00 0.000000000000000000e+00 0.000000000000000000e+00 0.000000000000000000e+00
0.000000000000000000e+00 0.000000000000000000e+00 0.000000000000000000e+00 0.000000000000000000e+00 0.000000000000000000e+00 0.000000000000000000e+00 0.000000000000000000e+00 0.000000000000000000e+00 0.000000000000000000e+00 0.000000000000000000e+00 0.000000000000000000e+00 0.000000000000000000e+00 0.000000000000000000e+00 0.000000000000000000e+00 0.000000000000000000e+00 0.000000000000000000e+00 0.000000000000000000e+00 2.500000000000000139e-02 0.000000000000000000e+00 0.000000000000000000e+00
0.000000000000000000e+00 0.000000000000000000e+00 0.000000000000000000e+00 0.000000000000000000e+00 0.000000000000000000e+00 0.000000000000000000e+00 0.000000000000000000e+00 0.000000000000000000e+00 0.000000000000000000e+00 0.000000000000000000e+00 0.000000000000000000e+00 0.000000000000000000e+00 0.000000000000000000e+00 0.000000000000000000e+00 0.000000000000000000e+00 0.000000000000000000e+00 0.000000000000000000e+00 0.000000000000000000e+00 2.500000000000000139e-02 0.000000000000000000e+00
0.000000000000000000e+00 0.000000000000000000e+00 0.000000000000000000e+00 0.000000000000000000e+00 0.000000000000000000e+00 0.000000000000000000e+00 0.000000000000000000e+00 0.000000000000000000e+00 0.000000000000000000e+00 0.000000000000000000e+00 0.000000000000000000e+00 0.000000000000000000e+00 0.000000000000000000e+00 0.000000000000000000e+00 0.000000000000000000e+00 0.000000000000000000e+00 0.000000000000000000e+00 0.000000000000000000e+00 0.000000000000000000e+00 0.000000000000000000e+00
0.000000000000000000e+00 0.000000000000000000e+00 0.000000000000000000e+00 0.000000000000000000e+00 0.000000000000000000e+00 0.000000000000000000e+00 0.000000000000000000e+00 0.000000000000000000e+00 0.000000000000000000e+00 0.000000000000000000e+00 0.000000000000000000e+00 0.000000000000000000e+00 0.000000000000000000e+00 0.000000000000000000e+00 0.000000000000000000e+00 0.000000000000000000e+00 0.000000000000000000e+00 0.000000000000000000e+00 0.000000000000000000e+00 0.000000000000000000e+00
0.000000000000000000e+00 0.000000000000000000e+00 0.000000000000000000e+00 0.000000000000000000e+00 0.000000000000000000e+00 0.000000000000000000e+00 0.000000000000000000e+00 0.000000000000000000e+00 0.000000000000000000e+00 0.000000000000000000e+00 0.000000000000000000e+00 0.000000000000000000e+00 0.000000000000000000e+00 0.000000000000000000e+00 0.000000000000000000e+00 0.000000000000000000e+00 0.000000000000000000e+00 0.000000000000000000e+00 0.000000000000000000e+00 0.000000000000000000e+00
0.000000000000000000e+00 0.000000000000000000e+00 0.000000000000000000e+00 0.000000000000000000e+00 0.000000000000000000e+00 0.000000000000000000e+00 0.000000000000000000e+00 0.000000000000000000e+00 0.000000000000000000e+00 0.000000000000000000e+00 0.000000000000000000e+00 0.000000000000000000e+00 0.000000000000000000e+00 0.000000000000000000e+00 0.000000000000000000e+00 0.000000000000000000e+00 0.000000000000000000e+00 0.000000000000000000e+00 0.000000000000000000e+00 2.500000000000000139e-02
