7.016621270781815602e-04 7.365134246351720234e-04 7.730957732130631400e-04 8.114951534738963201e-04 8.518018167072998912e-04 8.941104969509800849e-04 9.385206336471497036e-04 9.851366053582289936e-04 1.034067975091111430e-03 1.085429747806598713e-03 1.139342640719231579e-03 1.195933367022817455e-03 1.255334933708490610e-03 1.317686954175293886e-03 1.383135976368009192e-03 1.451835827213469876e-03 1.523947974164901846e-03 1.599641904704031696e-03 1.679095524692928235e-03 1.762495576511834573e-03
1.966500000000000341e+02 1.924000000000000341e+02 1.890000000000000000e+02 1.853749999999999147e+02 1.817750000000000341e+02 1.785750000000000455e+02 1.757000000000000171e+02 1.720999999999999659e+02 1.689000000000000341e+02 1.655250000000000341e+02 1.623499999999999943e+02 1.589000000000000057e+02 1.551249999999999716e+02 1.515750000000000171e+02 1.481750000000000398e+02 1.449000000000000341e+02 1.418249999999999886e+02 1.386250000000000000e+02 1.354999999999999716e+02 1.323249999999999602e+02
3.041499999999999204e+02 3.035750000000000455e+02 3.029499999999998749e+02 3.022750000000000341e+02 3.017499999999998863e+02 3.000000000000000000e+02 2.985000000000000568e+02 2.981500000000000341e+02 2.971500000000000341e+02 2.963000000000000682e+02 2.952750000000000341e+02 2.947250000000000227e+02 2.938999999999999773e+02 2.924750000000000796e+02 2.912250000000000796e+02 2.908500000000000227e+02 2.896500000000000341e+02 2.893500000000000227e+02 2.883999999999999204e+02 2.877250000000000227e+02
1.848750000000000000e+02 1.863500000000000227e+02 1.870750000000000171e+02 1.880750000000000171e+02 1.884249999999999829e+02 1.904000000000000341e+02 1.912999999999999829e+02 1.915249999999999488e+02 1.919999999999999716e+02 1.931499999999999773e+02 1.937749999999999773e+02 1.945999999999999943e+02 1.955999999999999943e+02 1.968750000000000568e+02 1.978500000000000512e+02 1.978249999999999886e+02 1.982000000000000171e+02 1.980749999999999886e+02 1.989250000000000398e+02 1.993500000000000512e+02
9.077499999999997726e+01 9.179999999999998295e+01 9.325000000000000000e+01 9.384999999999998010e+01 9.545000000000000284e+01 9.572500000000002274e+01 9.669999999999998863e+01 9.790000000000001990e+01 9.927499999999999147e+01 9.990000000000000568e+01 1.010750000000000171e+02 1.016250000000000000e+02 1.021499999999999915e+02 1.032249999999999801e+02 1.043500000000000085e+02 1.056249999999999716e+02 1.070750000000000171e+02 1.082999999999999972e+02 1.089749999999999943e+02 1.099500000000000171e+02
4.455000000000001137e+01 4.497500000000000853e+01 4.507499999999999574e+01 4.602499999999999858e+01 4.612500000000000000e+01 4.714999999999999858e+01 4.839999999999999858e+01 4.932499999999998863e+01 4.977500000000001279e+01 5.057499999999998863e+01 5.129999999999999716e+01 5.142499999999999005e+01 5.227500000000001990e+01 5.282499999999999574e+01 5.332499999999998863e+01 5.360000000000000853e+01 5.437499999999999289e+01 5.519999999999998153e+01 5.602500000000001279e+01 5.657499999999999574e+01
2.415000000000000213e+01 2.434999999999999787e+01 2.444999999999999929e+01 2.462499999999999289e+01 2.557499999999999929e+01 2.557500000000000284e+01 2.510000000000000853e+01 2.524999999999999645e+01 2.594999999999999574e+01 2.617500000000000071e+01 2.614999999999999858e+01 2.697499999999999787e+01 2.777500000000000924e+01 2.837500000000000355e+01 2.914999999999999147e+01 2.965000000000000213e+01 3.014999999999999858e+01 3.020000000000000284e+01 3.060000000000000142e+01 3.134999999999999787e+01
1.515000000000000036e+01 1.594999999999999929e+01 1.647499999999999787e+01 1.682499999999999929e+01 1.652500000000000213e+01 1.682499999999999574e+01 1.749999999999999645e+01 1.769999999999999574e+01 1.752500000000000213e+01 1.769999999999999929e+01 1.802500000000000568e+01 1.869999999999999929e+01 1.882499999999999929e+01 1.930000000000000071e+01 1.940000000000000213e+01 1.952499999999999858e+01 1.945000000000000284e+01 1.940000000000000568e+01 1.944999999999999929e+01 1.972500000000000142e+01
9.600000000000001421e+00 9.324999999999999289e+00 9.724999999999997868e+00 1.000000000000000000e+01 1.032499999999999929e+01 1.059999999999999964e+01 1.074999999999999645e+01 1.097499999999999787e+01 1.125000000000000000e+01 1.145000000000000284e+01 1.177500000000000391e+01 1.180000000000000071e+01 1.210000000000000142e+01 1.180000000000000071e+01 1.212499999999999822e+01 1.255000000000000249e+01 1.287500000000000355e+01 1.315000000000000213e+01 1.327500000000000213e+01 1.322499999999999787e+01
6.949999999999999289e+00 7.000000000000001776e+00 6.924999999999998934e+00 6.975000000000000533e+00 7.250000000000000000e+00 7.549999999999999822e+00 7.650000000000000355e+00 7.700000000000001066e+00 7.874999999999998224e+00 8.175000000000000711e+00 8.350000000000001421e+00 8.350000000000001421e+00 8.425000000000000711e+00 8.675000000000000711e+00 8.500000000000000000e+00 8.900000000000000355e+00 8.650000000000000355e+00 8.950000000000001066e+00 9.275000000000000355e+00 9.150000000000002132e+00
4.674999999999999822e+00 4.900000000000001243e+00 4.875000000000000000e+00 4.950000000000001954e+00 4.800000000000000711e+00 5.075000000000001066e+00 5.024999999999999467e+00 5.250000000000000000e+00 5.450000000000001954e+00 5.325000000000000178e+00 5.474999999999998757e+00 5.625000000000000888e+00 6.000000000000000888e+00 6.200000000000000178e+00 6.399999999999999467e+00 6.149999999999997691e+00 6.775000000000001243e+00 6.499999999999999112e+00 6.500000000000000888e+00 6.650000000000000355e+00
3.724999999999999645e+00 3.899999999999999911e+00 3.999999999999999556e+00 3.924999999999999378e+00 4.149999999999999467e+00 3.724999999999999201e+00 3.824999999999999734e+00 3.924999999999999822e+00 3.999999999999999556e+00 4.175000000000000711e+00 4.349999999999999645e+00 4.549999999999999822e+00 4.125000000000000888e+00 4.225000000000000533e+00 4.500000000000000000e+00 4.625000000000000000e+00 4.674999999999998934e+00 5.399999999999997691e+00 5.475000000000000533e+00 5.700000000000000178e+00
2.700000000000000178e+00 2.899999999999999911e+00 3.000000000000000000e+00 3.075000000000001066e+00 3.124999999999999556e+00 3.425000000000000266e+00 3.625000000000000000e+00 3.349999999999999201e+00 3.450000000000000178e+00 3.574999999999999734e+00 3.175000000000000711e+00 2.999999999999999112e+00 3.399999999999999911e+00 3.575000000000000178e+00 3.600000000000000533e+00 3.799999999999999822e+00 3.525000000000000355e+00 3.499999999999999556e+00 3.649999999999999911e+00 3.774999999999999467e+00
1.925000000000000044e+00 1.924999999999999600e+00 2.100000000000000089e+00 2.325000000000000178e+00 2.474999999999999645e+00 2.374999999999999556e+00 2.399999999999999911e+00 2.800000000000000266e+00 2.699999999999999289e+00 2.549999999999998934e+00 2.799999999999999378e+00 2.899999999999999911e+00 3.099999999999999201e+00 3.124999999999999556e+00 2.999999999999999556e+00 2.874999999999999556e+00 3.049999999999999378e+00 3.075000000000000178e+00 3.049999999999999822e+00 2.974999999999999645e+00
1.599999999999999867e+00 1.550000000000000044e+00 1.599999999999999645e+00 1.749999999999999778e+00 1.774999999999999911e+00 1.949999999999999512e+00 1.899999999999999689e+00 1.924999999999999822e+00 2.074999999999999289e+00 2.174999999999999822e+00 2.275000000000000355e+00 2.124999999999999556e+00 1.974999999999999645e+00 1.849999999999999645e+00 1.899999999999999689e+00 2.324999999999999289e+00 2.224999999999999201e+00 2.349999999999999645e+00 2.325000000000000622e+00 2.474999999999999645e+00
1.299999999999999822e+00 1.324999999999999956e+00 1.324999999999999956e+00 1.224999999999999867e+00 1.399999999999999911e+00 1.425000000000000044e+00 1.474999999999999645e+00 1.699999999999999734e+00 1.574999999999999289e+00 1.749999999999999556e+00 1.849999999999999867e+00 2.225000000000000533e+00 2.125000000000000000e+00 2.174999999999999822e+00 2.124999999999999556e+00 1.899999999999999911e+00 2.200000000000000178e+00 2.124999999999999556e+00 2.299999999999999822e+00 2.350000000000000533e+00
1.349999999999999645e+00 1.299999999999999822e+00 1.300000000000000044e+00 1.149999999999999911e+00 9.500000000000003997e-01 1.025000000000000355e+00 1.100000000000000089e+00 9.000000000000001332e-01 1.074999999999999956e+00 1.175000000000000044e+00 1.299999999999999822e+00 1.250000000000000222e+00 1.400000000000000133e+00 1.524999999999999689e+00 1.699999999999999956e+00 1.849999999999999867e+00 1.899999999999999689e+00 2.099999999999999201e+00 2.024999999999999911e+00 1.874999999999999778e+00
9.250000000000003775e-01 1.075000000000000178e+00 1.074999999999999956e+00 1.175000000000000044e+00 1.175000000000000266e+00 1.300000000000000266e+00 1.250000000000000000e+00 1.274999999999999911e+00 1.300000000000000044e+00 1.324999999999999956e+00 1.299999999999999822e+00 1.324999999999999956e+00 1.425000000000000044e+00 1.500000000000000222e+00 1.399999999999999911e+00 1.450000000000000178e+00 1.350000000000000089e+00 1.199999999999999734e+00 1.399999999999999467e+00 1.449999999999999956e+00
1.100000000000000089e+00 8.000000000000001554e-01 7.750000000000001332e-01 9.250000000000003775e-01 8.750000000000001110e-01 8.000000000000002665e-01 9.000000000000003553e-01 9.250000000000002665e-01 9.000000000000002442e-01 7.250000000000000888e-01 8.250000000000001776e-01 1.000000000000000000e+00 1.074999999999999956e+00 1.025000000000000133e+00 1.099999999999999645e+00 1.100000000000000533e+00 1.025000000000000355e+00 1.175000000000000044e+00 1.200000000000000178e+00 1.324999999999999956e+00
8.000000000000001554e-01 9.500000000000002887e-01 9.250000000000002665e-01 8.750000000000002220e-01 9.250000000000004885e-01 9.000000000000002442e-01 8.750000000000003331e-01 8.750000000000003331e-01 7.750000000000003553e-01 9.750000000000001998e-01 8.250000000000003997e-01 6.250000000000002220e-01 6.500000000000002442e-01 8.250000000000001776e-01 8.500000000000000888e-01 7.750000000000001332e-01 9.750000000000000888e-01 9.750000000000003109e-01 9.000000000000003553e-01 9.500000000000003997e-01
6.000000000000001998e-01 7.750000000000002442e-01 8.250000000000002887e-01 9.250000000000002665e-01 7.750000000000002442e-01 8.000000000000001554e-01 8.000000000000003775e-01 7.750000000000001332e-01 7.500000000000001110e-01 7.250000000000001998e-01 8.500000000000003109e-01 9.250000000000003775e-01 7.500000000000002220e-01 6.750000000000000444e-01 8.000000000000002665e-01 8.500000000000003109e-01 8.250000000000001776e-01 7.250000000000001998e-01 8.250000000000001776e-01 9.500000000000001776e-01
3.750000000000000555e-01 4.250000000000000999e-01 4.750000000000000888e-01 5.000000000000001110e-01 8.000000000000003775e-01 6.500000000000002442e-01 8.000000000000002665e-01 7.500000000000002220e-01 8.750000000000001110e-01 7.750000000000002442e-01 6.750000000000002665e-01 7.250000000000001998e-01 8.000000000000002665e-01 7.750000000000003553e-01 8.000000000000003775e-01 7.250000000000003109e-01 6.750000000000002665e-01 7.750000000000000222e-01 7.250000000000000888e-01 4.500000000000001221e-01
3.500000000000000888e-01 5.250000000000001332e-01 5.250000000000001332e-01 6.500000000000001332e-01 6.750000000000002665e-01 7.250000000000001998e-01 5.750000000000000666e-01 7.250000000000003109e-01 8.750000000000003331e-01 7.500000000000001110e-01 8.500000000000001998e-01 8.000000000000001554e-01 8.250000000000003997e-01 8.000000000000002665e-01 7.250000000000003109e-01 6.500000000000000222e-01 7.500000000000001110e-01 8.000000000000003775e-01 7.250000000000003109e-01 9.000000000000002442e-01
4.000000000000000222e-01 2.999999999999999889e-01 4.250000000000000444e-01 4.250000000000000999e-01 4.500000000000001221e-01 7.000000000000001776e-01 7.250000000000003109e-01 5.500000000000001554e-01 6.000000000000001998e-01 5.750000000000000666e-01 6.500000000000002442e-01 7.250000000000003109e-01 5.750000000000000666e-01 4.000000000000000777e-01 5.250000000000001332e-01 8.000000000000003775e-01 7.500000000000002220e-01 6.750000000000001554e-01 6.500000000000002442e-01 5.250000000000001332e-01
2.999999999999999889e-01 2.999999999999999889e-01 3.000000000000000444e-01 2.499999999999999722e-01 3.499999999999999778e-01 3.250000000000000111e-01 4.000000000000000777e-01 5.750000000000001776e-01 3.500000000000000888e-01 6.000000000000000888e-01 4.000000000000001332e-01 5.000000000000001110e-01 5.250000000000001332e-01 6.500000000000001332e-01 5.500000000000001554e-01 4.250000000000001554e-01 5.000000000000001110e-01 5.500000000000000444e-01 7.750000000000002442e-01 8.000000000000001554e-01
3.249999999999999556e-01 2.749999999999999667e-01 3.250000000000000111e-01 3.500000000000000333e-01 3.500000000000000333e-01 5.250000000000000222e-01 5.000000000000001110e-01 5.750000000000001776e-01 7.500000000000003331e-01 5.750000000000001776e-01 6.500000000000001332e-01 5.000000000000001110e-01 6.750000000000001554e-01 6.750000000000000444e-01 6.000000000000001998e-01 6.000000000000001998e-01 5.500000000000001554e-01 5.000000000000001110e-01 4.750000000000000888e-01 5.250000000000000222e-01
1.000000000000000056e-01 2.749999999999999667e-01 1.999999999999999833e-01 3.500000000000000333e-01 2.749999999999999667e-01 2.499999999999999722e-01 3.500000000000000888e-01 3.750000000000000555e-01 2.249999999999999778e-01 5.000000000000002220e-01 4.750000000000001443e-01 5.250000000000000222e-01 4.000000000000000777e-01 6.250000000000002220e-01 7.750000000000001332e-01 8.250000000000001776e-01 7.250000000000001998e-01 4.750000000000001443e-01 5.500000000000001554e-01 6.750000000000002665e-01
1.250000000000000000e-01 1.000000000000000056e-01 2.499999999999999722e-01 2.250000000000000056e-01 3.250000000000000111e-01 1.749999999999999889e-01 2.999999999999999889e-01 2.999999999999999889e-01 5.500000000000001554e-01 3.750000000000000555e-01 4.250000000000001554e-01 4.750000000000000333e-01 4.750000000000001443e-01 4.250000000000000444e-01 4.250000000000000999e-01 2.750000000000000222e-01 3.750000000000000000e-01 6.750000000000002665e-01 2.749999999999999667e-01 3.250000000000000111e-01
1.749999999999999889e-01 1.999999999999999833e-01 1.749999999999999889e-01 1.749999999999999889e-01 3.000000000000000444e-01 2.499999999999999722e-01 1.000000000000000056e-01 2.249999999999999778e-01 1.999999999999999833e-01 3.250000000000000666e-01 4.249999999999999889e-01 2.750000000000000222e-01 4.000000000000000222e-01 2.250000000000000056e-01 3.750000000000000555e-01 4.500000000000000666e-01 5.000000000000001110e-01 5.000000000000001110e-01 6.750000000000001554e-01 6.750000000000001554e-01
7.500000000000001110e-02 1.499999999999999944e-01 7.500000000000001110e-02 1.499999999999999944e-01 7.500000000000001110e-02 2.249999999999999778e-01 2.249999999999999778e-01 1.749999999999999889e-01 2.249999999999999778e-01 2.750000000000000222e-01 3.500000000000000333e-01 4.250000000000000444e-01 4.500000000000000666e-01 4.750000000000000888e-01 2.749999999999999667e-01 3.750000000000000000e-01 3.000000000000000444e-01 3.000000000000000444e-01 2.999999999999999889e-01 2.749999999999999667e-01
7.500000000000001110e-02 1.250000000000000000e-01 2.749999999999999667e-01 1.749999999999999889e-01 1.999999999999999833e-01 2.249999999999999778e-01 1.499999999999999944e-01 2.499999999999999722e-01 1.499999999999999944e-01 2.249999999999999778e-01 2.249999999999999778e-01 3.500000000000000333e-01 2.250000000000000056e-01 3.500000000000000333e-01 3.500000000000000888e-01 3.250000000000000111e-01 2.499999999999999722e-01 3.499999999999999778e-01 4.250000000000000444e-01 4.250000000000000999e-01
0.000000000000000000e+00 2.500000000000000139e-02 5.000000000000000278e-02 1.999999999999999833e-01 1.000000000000000056e-01 1.000000000000000056e-01 2.749999999999999667e-01 2.000000000000000111e-01 2.749999999999999667e-01 1.499999999999999944e-01 1.250000000000000000e-01 7.500000000000001110e-02 2.249999999999999778e-01 2.249999999999999778e-01 2.999999999999999889e-01 1.749999999999999889e-01 4.250000000000000444e-01 3.499999999999999778e-01 4.000000000000000222e-01 3.000000000000000444e-01
7.500000000000001110e-02 0.000000000000000000e+00 2.500000000000000139e-02 2.500000000000000139e-02 1.749999999999999889e-01 1.749999999999999889e-01 2.499999999999999722e-01 1.999999999999999833e-01 2.249999999999999778e-01 2.749999999999999667e-01 2.250000000000000056e-01 3.750000000000000555e-01 1.999999999999999833e-01 3.500000000000000333e-01 2.999999999999999889e-01 2.999999999999999889e-01 2.999999999999999889e-01 3.000000000000000444e-01 2.749999999999999667e-01 3.250000000000000111e-01
2.500000000000000139e-02 7.500000000000001110e-02 5.000000000000000278e-02 0.000000000000000000e+00 5.000000000000000278e-02 1.000000000000000056e-01 1.250000000000000000e-01 2.749999999999999667e-01 2.749999999999999667e-01 2.999999999999999889e-01 3.500000000000000333e-01 2.250000000000000056e-01 2.999999999999999889e-01 1.749999999999999889e-01 1.749999999999999889e-01 3.500000000000000333e-01 2.750000000000000222e-01 3.250000000000000111e-01 3.500000000000000333e-01 3.000000000000000444e-01
2.500000000000000139e-02 5.000000000000000278e-02 0.000000000000000000e+00 5.000000000000000278e-02 5.000000000000000278e-02 7.500000000000001110e-02 5.000000000000000278e-02 2.500000000000000139e-02 1.499999999999999944e-01 2.249999999999999778e-01 1.499999999999999944e-01 2.749999999999999667e-01 3.500000000000000888e-01 2.749999999999999667e-01 2.999999999999999889e-01 2.999999999999999889e-01 2.499999999999999722e-01 2.249999999999999778e-01 2.999999999999999889e-01 3.500000000000000333e-01
0.000000000000000000e+00 2.500000000000000139e-02 5.000000000000000278e-02 2.500000000000000139e-02 5.000000000000000278e-02 1.000000000000000056e-01 1.749999999999999889e-01 5.000000000000000278e-02 1.000000000000000056e-01 2.500000000000000139e-02 1.250000000000000000e-01 1.250000000000000000e-01 1.749999999999999889e-01 2.249999999999999778e-01 2.500000000000000000e-01 2.749999999999999667e-01 2.499999999999999722e-01 2.749999999999999667e-01 2.250000000000000056e-01 2.499999999999999722e-01
0.000000000000000000e+00 0.000000000000000000e+00 2.500000000000000139e-02 5.000000000000000278e-02 0.000000000000000000e+00 2.500000000000000139e-02 5.000000000000000278e-02 1.499999999999999944e-01 5.000000000000000278e-02 1.499999999999999944e-01 2.000000000000000111e-01 2.249999999999999778e-01 2.249999999999999778e-01 2.249999999999999778e-01 3.250000000000000111e-01 1.999999999999999833e-01 1.749999999999999889e-01 2.500000000000000000e-01 2.500000000000000000e-01 2.249999999999999778e-01
2.500000000000000139e-02 2.500000000000000139e-02 2.500000000000000139e-02 0.000000000000000000e+00 2.500000000000000139e-02 5.000000000000000278e-02 0.000000000000000000e+00 7.500000000000001110e-02 1.000000000000000056e-01 1.000000000000000056e-01 1.499999999999999944e-01 1.250000000000000000e-01 1.749999999999999889e-01 1.999999999999999833e-01 2.249999999999999778e-01 2.250000000000000056e-01 3.000000000000000444e-01 1.499999999999999944e-01 1.999999999999999833e-01 1.749999999999999889e-01
0.000000000000000000e+00 0.000000000000000000e+00 2.500000000000000139e-02 2.500000000000000139e-02 7.500000000000001110e-02 2.500000000000000139e-02 7.500000000000001110e-02 7.500000000000001110e-02 2.500000000000000139e-02 5.000000000000000278e-02 7.500000000000001110e-02 1.250000000000000000e-01 1.499999999999999944e-01 2.249999999999999778e-01 7.500000000000001110e-02 2.500000000000000000e-01 1.999999999999999833e-01 1.499999999999999944e-01 1.250000000000000000e-01 2.499999999999999722e-01
0.000000000000000000e+00 0.000000000000000000e+00 0.000000000000000000e+00 2.500000000000000139e-02 0.000000000000000000e+00 5.000000000000000278e-02 0.000000000000000000e+00 2.500000000000000139e-02 2.500000000000000139e-02 7.500000000000001110e-02 2.500000000000000139e-02 7.500000000000001110e-02 1.749999999999999889e-01 1.250000000000000000e-01 2.249999999999999778e-01 1.499999999999999944e-01 2.749999999999999667e-01 3.000000000000000444e-01 2.749999999999999667e-01 1.999999999999999833e-01
0.000000000000000000e+00 0.000000000000000000e+00 0.000000000000000000e+00 2.500000000000000139e-02 5.000000000000000278e-02 5.000000000000000278e-02 2.500000000000000139e-02 2.500000000000000139e-02 7.500000000000001110e-02 0.000000000000000000e+00 5.000000000000000278e-02 7.500000000000001110e-02 7.500000000000001110e-02 1.749999999999999889e-01 1.250000000000000000e-01 1.749999999999999889e-01 1.500000000000000222e-01 2.249999999999999778e-01 2.500000000000000000e-01 2.249999999999999778e-01
0.000000000000000000e+00 0.000000000000000000e+00 0.000000000000000000e+00 0.000000000000000000e+00 0.000000000000000000e+00 0.000000000000000000e+00 2.500000000000000139e-02 2.500000000000000139e-02 7.500000000000001110e-02 7.500000000000001110e-02 5.000000000000000278e-02 7.500000000000001110e-02 2.500000000000000139e-02 1.000000000000000056e-01 1.749999999999999889e-01 7.500000000000001110e-02 1.499999999999999944e-01 1.749999999999999889e-01 1.250000000000000000e-01 1.999999999999999833e-01
0.000000000000000000e+00 0.000000000000000000e+00 0.000000000000000000e+00 0.000000000000000000e+00 0.000000000000000000e+00 0.000000000000000000e+00 2.500000000000000139e-02 0.000000000000000000e+00 0.000000000000000000e+00 1.000000000000000056e-01 1.000000000000000056e-01 5.000000000000000278e-02 1.499999999999999944e-01 1.499999999999999944e-01 1.999999999999999833e-01 2.500000000000000000e-01 1.499999999999999944e-01 1.500000000000000222e-01 2.749999999999999667e-01 7.500000000000001110e-02
0.000000000000000000e+00 0.000000000000000000e+00 0.000000000000000000e+00 0.000000000000000000e+00 0.000000000000000000e+00 0.000000000000000000e+00 2.500000000000000139e-02 2.500000000000000139e-02 5.000000000000000278e-02 2.500000000000000139e-02 5.000000000000000278e-02 5.000000000000000278e-02 0.000000000000000000e+00 2.500000000000000139e-02 5.000000000000000278e-02 1.749999999999999889e-01 1.250000000000000000e-01 1.250000000000000000e-01 1.749999999999999889e-01 2.499999999999999722e-01
0.000000000000000000e+00 0.000000000000000000e+00 0.000000000000000000e+00 0.000000000000000000e+00 0.000000000000000000e+00 0.000000000000000000e+00 0.000000000000000000e+00 2.500000000000000139e-02 0.000000000000000000e+00 2.500000000000000139e-02 2.500000000000000139e-02 7.500000000000001110e-02 5.000000000000000278e-02 1.000000000000000056e-01 5.000000000000000278e-02 7.500000000000001110e-02 1.999999999999999833e-01 1.499999999999999944e-01 1.000000000000000056e-01 1.999999999999999833e-01
0.000000000000000000e+00 0.000000000000000000e+00 0.000000000000000000e+00 0.000000000000000000e+00 0.000000000000000000e+00 0.000000000000000000e+00 0.000000000000000000e+00 0.000000000000000000e+00 2.500000000000000139e-02 2.500000000000000139e-02 5.000000000000000278e-02 2.500000000000000139e-02 2.500000000000000139e-02 5.000000000000000278e-02 1.000000000000000056e-01 7.500000000000001110e-02 2.500000000000000139e-02 5.000000000000000278e-02 1.250000000000000000e-01 1.499999999999999944e-01
0.000000000000000000e+00 0.000000000000000000e+00 0.000000000000000000e+00 0.000000000000000000e+00 0.000000000000000000e+00 0.000000000000000000e+00 0.000000000000000000e+00 0.000000000000000000e+00 0.000000000000000000e+00 0.000000000000000000e+00 0.000000000000000000e+00 2.500000000000000139e-02 2.500000000000000139e-02 0.000000000000000000e+00 7.500000000000001110e-02 5.000000000000000278e-02 2.000000000000000111e-01 1.999999999999999833e-01 7.500000000000001110e-02 7.500000000000001110e-02
0.000000000000000000e+00 0.000000000000000000e+00 0.000000000000000000e+00 0.000000000000000000e+00 0.000000000000000000e+00 0.000000000000000000e+00 0.000000000000000000e+00 0.000000000000000000e+00 0.000000000000000000e+00 0.000000000000000000e+00 0.000000000000000000e+00 2.500000000000000139e-02 2.500000000000000139e-02 5.000000000000000278e-02 2.500000000000000139e-02 5.000000000000000278e-02 7.500000000000001110e-02 1.999999999999999833e-01 1.499999999999999944e-01 1.000000000000000056e-01
0.000000000000000000e+00 0.000000000000000000e+00 0.000000000000000000e+00 0.000000000000000000e+00 0.000000000000000000e+00 0.000000000000000000e+00 0.000000000000000000e+00 0.000000000000000000e+00 0.000000000000000000e+00 0.000000000000000000e+00 2.500000000000000139e-02 0.000000000000000000e+00 5.000000000000000278e-02 2.500000000000000139e-02 7.500000000000001110e-02 5.000000000000000278e-02 2.500000000000000139e-02 2.500000000000000139e-02 1.250000000000000000e-01 1.749999999999999889e-01
0.000000000000000000e+00 0.000000000000000000e+00 0.000000000000000000e+00 0.000000000000000000e+00 0.000000000000000000e+00 0.000000000000000000e+00 0.000000000000000000e+00 0.000000000000000000e+00 0.000000000000000000e+00 0.000000000000000000e+00 0.000000000000000000e+00 0.000000000000000000e+00 0.000000000000000000e+00 2.500000000000000139e-02 0.000000000000000000e+00 7.500000000000001110e-02 7.500000000000001110e-02 7.500000000000001110e-02 7.500000000000001110e-02 1.499999999999999944e-01
0.000000000000000000e+00 0.000000000000000000e+00 0.000000000000000000e+00 0.000000000000000000e+00 0.000000000000000000e+00 0.000000000000000000e+00 0.000000000000000000e+00 0.000000000000000000e+00 0.000000000000000000e+00 0.000000000000000000e+00 0.000000000000000000e+00 0.000000000000000000e+00 0.000000000000000000e+00 0.000000000000000000e+00 0.000000000000000000e+00 5.000000000000000278e-02 5.000000000000000278e-02 5.000000000000000278e-02 7.500000000000001110e-02 5.000000000000000278e-02
0.000000000000000000e+00 0.000000000000000000e+00 0.000000000000000000e+00 0.000000000000000000e+00 0.000000000000000000e+00 0.000000000000000000e+00 0.000000000000000000e+00 0.000000000000000000e+00 0.000000000000000000e+00 0.000000000000000000e+00 0.000000000000000000e+00 0.000000000000000000e+00 2.500000000000000139e-02 0.000000000000000000e+00 2.500000000000000139e-02 2.500000000000000139e-02 5.000000000000000278e-02 7.500000000000001110e-02 1.000000000000000056e-01 1.000000000000000056e-01
0.000000000000000000e+00 0.000000000000000000e+00 0.000000000000000000e+00 0.000000000000000000e+00 0.000000000000000000e+00 0.000000000000000000e+00 0.000000000000000000e+00 0.000000000000000000e+00 0.000000000000000000e+00 0.000000000000000000e+00 0.000000000000000000e+00 2.500000000000000139e-02 2.500000000000000139e-02 2.500000000000000139e-02 0.000000000000000000e+00 0.000000000000000000e+00 0.000000000000000000e+00 0.000000000000000000e+00 7.500000000000001110e-02 1.250000000000000000e-01
0.000000000000000000e+00 0.000000000000000000e+00 0.000000000000000000e+00 0.000000000000000000e+00 0.000000000000000000e+00 0.000000000000000000e+00 0.000000000000000000e+00 0.000000000000000000e+00 0.000000000000000000e+00 0.000000000000000000e+00 0.000000000000000000e+00 0.000000000000000000e+00 0.000000000000000000e+00 0.000000000000000000e+00 0.000000000000000000e+00 2.500000000000000139e-02 5.000000000000000278e-02 5.000000000000000278e-02 2.500000000000000139e-02 0.000000000000000000e+00
0.000000000000000000e+00 0.000000000000000000e+00 0.000000000000000000e+00 0.000000000000000000e+00 0.000000000000000000e+00 0.000000000000000000e+00 0.000000000000000000e+00 0.000000000000000000e+00 0.000000000000000000e+00 0.000000000000000000e+00 0.000000000000000000e+00 0.000000000000000000e+00 0.000000000000000000e+00 2.500000000000000139e-02 0.000000000000000000e+00 0.000000000000000000e+00 2.500000000000000139e-02 5.000000000000000278e-02 2.500000000000000139e-02 5.000000000000000278e-02
0.000000000000000000e+00 0.000000000000000000e+00 0.000000000000000000e+00 0.000000000000000000e+00 0.000000000000000000e+00 0.000000000000000000e+00 0.000000000000000000e+00 0.000000000000000000e+00 0.000000000000000000e+00 0.000000000000000000e+00 0.000000000000000000e+00 0.000000000000000000e+00 0.000000000000000000e+00 0.000000000000000000e+00 2.500000000000000139e-02 0.000000000000000000e+00 0.000000000000000000e+00 5.000000000000000278e-02 5.000000000000000278e-02 2.500000000000000139e-02
0.000000000000000000e+00 0.000000000000000000e+00 0.000000000000000000e+00 0.000000000000000000e+00 0.000000000000000000e+00 0.000000000000000000e+00 0.000000000000000000e+00 0.000000000000000000e+00 0.000000000000000000e+00 0.000000000000000000e+00 0.000000000000000000e+00 0.000000000000000000e+00 0.000000000000000000e+00 0.000000000000000000e+00 0.000000000000000000e+00 0.000000000000000000e+00 0.000000000000000000e+00 0.000000000000000000e+00 0.000000000000000000e+00 1.000000000000000056e-01
0.000000000000000000e+00 0.000000000000000000e+00 0.000000000000000000e+00 0.000000000000000000e+00 0.000000000000000000e+00 0.000000000000000000e+00 0.000000000000000000e+00 0.000000000000000000e+00 0.000000000000000000e+00 0.000000000000000000e+00 0.000000000000000000e+00 0.000000000000000000e+00 0.000000000000000000e+00 0.000000000000000000e+00 2.500000000000000139e-02 2.500000000000000139e-02 0.000000000000000000e+00 0.000000000000000000e+00 5.000000000000000278e-02 2.500000000000000139e-02
0.000000000000000000e+00 0.000000000000000000e+00 0.000000000000000000e+00 0.000000000000000000e+00 0.000000000000000000e+00 0.000000000000000000e+00 0.000000000000000000e+00 0.000000000000000000e+00 0.000000000000000000e+00 0.000000000000000000e+00 0.000000000000000000e+00 0.000000000000000000e+00 0.000000000000000000e+00 0.000000000000000000e+00 0.000000000000000000e+00 0.000000000000000000e+00 0.000000000000000000e+00 0.000000000000000000e+00 2.500000000000000139e-02 0.000000000000000000e+00
0.000000000000000000e+00 0.000000000000000000e+00 0.000000000000000000e+00 0.000000000000000000e+00 0.000000000000000000e+00 0.000000000000000000e+00 0.000000000000000000e+00 0.000000000000000000e+00 0.000000000000000000e+00 0.000000000000000000e+00 0.000000000000000000e+00 0.000000000000000000e+00 0.000000000000000000e+00 0.000000000000000000e+00 0.000000000000000000e+00 0.000000000000000000e+00 0.000000000000000000e+00 0.000000000000000000e+00 0.000000000000000000e+00 2.500000000000000139e-02
0.000000000000000000e+00 0.000000000000000000e+00 0.000000000000000000e+00 0.000000000000000000e+00 0.000000000000000000e+00 0.000000000000000000e+00 0.000000000000000000e+00 0.000000000000000000e+00 0.000000000000000000e+00 0.000000000000000000e+00 0.000000000000000000e+00 0.000000000000000000e+00 0.000000000000000000e+00 0.000000000000000000e+00 0.000000000000000000e+00 2.500000000000000139e-02 2.500000000000000139e-02 0.000000000000000000e+00 0.000000000000000000e+00 0.000000000000000000e+00
0.000000000000000000e+00 0.000000000000000000e+00 0.000000000000000000e+00 0.000000000000000000e+00 0.000000000000000000e+00 0.000000000000000000e+00 0.000000000000000000e+00 0.000000000000000000e+00 0.000000000000000000e+00 0.000000000000000000e+00 0.000000000000000000e+00 0.000000000000000000e+00 0.000000000000000000e+00 0.000000000000000000e+00 0.000000000000000000e+00 0.000000000000000000e+00 0.000000000000000000e+00 0.000000000000000000e+00 0.000000000000000000e+00 2.500000000000000139e-02
0.000000000000000000e+00 0.000000000000000000e+00 0.000000000000000000e+00 0.000000000000000000e+00 0.000000000000000000e+00 0.000000000000000000e+00 0.000000000000000000e+00 0.000000000000000000e+00 0.000000000000000000e+00 0.000000000000000000e+00 0.000000000000000000e+00 0.000000000000000000e+00 0.000000000000000000e+00 0.000000000000000000e+00 0.000000000000000000e+00 0.000000000000000000e+00 0.000000000000000000e+00 2.500000000000000139e-02 0.000000000000000000e+00 2.500000000000000139e-02
0.000000000000000000e+00 0.000000000000000000e+00 0.000000000000000000e+00 0.000000000000000000e+00 0.000000000000000000e+00 0.000000000000000000e+00 0.000000000000000000e+00 0.000000000000000000e+00 0.000000000000000000e+00 0.000000000000000000e+00 0.000000000000000000e+00 0.000000000000000000e+00 0.000000000000000000e+00 0.000000000000000000e+00 0.000000000000000000e+00 0.000000000000000000e+00 2.500000000000000139e-02 0.000000000000000000e+00 0.000000000000000000e+00 0.000000000000000000e+00
0.000000000000000000e+00 0.000000000000000000e+00 0.000000000000000000e+00 0.000000000000000000e+00 0.000000000000000000e+00 0.000000000000000000e+00 0.000000000000000000e+00 0.000000000000000000e+00 0.000000000000000000e+00 0.000000000000000000e+00 0.000000000000000000e+00 0.000000000000000000e+00 0.000000000000000000e+00 0.000000000000000000e+00 0.000000000000000000e+00 0.000000000000000000e+00 0.000000000000000000e+00 0.000000000000000000e+00 0.000000000000000000e+00 0.000000000000000000e+00
0.000000000000000000e+00 0.000000000000000000e+00 0.000000000000000000e+00 0.000000000000000000e+00 0.000000000000000000e+00 0.000000000000000000e+00 0.000000000000000000e+00 0.000000000000000000e+00 0.000000000000000000e+00 0.000000000000000000e+00 0.000000000000000000e+00 0.000000000000000000e+00 0.000000000000000000e+00 0.000000000000000000e+00 0.000000000000000000e+00 0.000000000000000000e+00 0.000000000000000000e+00 0.000000000000000000e+00 2.500000000000000139e-02 0.000000000000000000e+00
0.000000000000000000e+00 0.000000000000000000e+00 0.000000000000000000e+00 0.000000000000000000e+00 0.000000000000000000e+00 0.000000000000000000e+00 0.000000000000000000e+00 0.000000000000000000e+00 0.000000000000000000e+00 0.000000000000000000e+00 0.000000000000000000e+00 0.000000000000000000e+00 0.000000000000000000e+00 0.000000000000000000e+00 0.000000000000000000e+00 0.000000000000000000e+00 0.000000000000000000e+00 0.000000000000000000e+00 0.000000000000000000e+00 2.500000000000000139e-02
0.000000000000000000e+00 0.000000000000000000e+00 0.000000000000000000e+00 0.000000000000000000e+00 0.000000000000000000e+00 0.000000000000000000e+00 0.000000000000000000e+00 0.000000000000000000e+00 0.000000000000000000e+00 0.000000000000000000e+00 0.000000000000000000e+00 0.000000000000000000e+00 0.000000000000000000e+00 0.000000000000000000e+00 0.000000000000000000e+00 0.000000000000000000e+00 0.000000000000000000e+00 0.000000000000000000e+00 0.000000000000000000e+00 0.000000000000000000e+00
0.000000000000000000e+00 0.000000000000000000e+00 0.000000000000000000e+00 0.000000000000000000e+00 0.000000000000000000e+00 0.000000000000000000e+00 0.000000000000000000e+00 0.000000000000000000e+00 0.000000000000000000e+00 0.000000000000000000e+00 0.000000000000000000e+00 0.000000000000000000e+00 0.000000000000000000e+00 0.000000000000000000e+00 0.000000000000000000e+00 0.000000000000000000e+00 0.000000000000000000e+00 2.500000000000000139e-02 0.000000000000000000e+00 0.000000000000000000e+00
0.000000000000000000e+00 0.000000000000000000e+00 0.000000000000000000e+00 0.000000000000000000e+00 0.000000000000000000e+00 0.000000000000000000e+00 0.000000000000000000e+00 0.000000000000000000e+00 0.000000000000000000e+00 0.000000000000000000e+00 0.000000000000000000e+00 0.000000000000000000e+00 0.000000000000000000e+00 0.000000000000000000e+00 0.000000000000000000e+00 0.000000000000000000e+00 0.000000000000000000e+00 0.000000000000000000e+00 0.000000000000000000e+00 0.000000000000000000e+00
0.000000000000000000e+00 0.000000000000000000e+00 0.000000000000000000e+00 0.000000000000000000e+00 0.000000000000000000e+00 0.000000000000000000e+00 0.000000000000000000e+00 0.000000000000000000e+00 0.000000000000000000e+00 0.000000000000000000e+00 0.000000000000000000e+00 0.000000000000000000e+00 0.000000000000000000e+00 0.000000000000000000e+00 0.000000000000000000e+00 0.000000000000000000e+00 0.000000000000000000e+00 0.000000000000000000e+00 0.000000000000000000e+00 0.000000000000000000e+00
0.000000000000000000e+00 0.000000000000000000e+00 0.000000000000000000e+00 0.000000000000000000e+00 0.000000000000000000e+00 0.000000000000000000e+00 0.000000000000000000e+00 0.000000000000000000e+00 0.000000000000000000e+00 0.000000000000000000e+00 0.000000000000000000e+00 0.000000000000000000e+00 0.000000000000000000e+00 0.000000000000000000e+00 0.000000000000000000e+00 0.000000000000000000e+00 0.000000000000000000e+00 0.000000000000000000e+00 2.500000000000000139e-02 0.000000000000000000e+00
0.000000000000000000e+00 0.000000000000000000e+00 0.000000000000000000e+00 0.000000000000000000e+00 0.000000000000000000e+00 0.000000000000000000e+00 0.000000000000000000e+00 0.000000000000000000e+00 0.000000000000000000e+00 0.000000000000000000e+00 0.000000000000000000e+00 0.000000000000000000e+00 0.000000000000000000e+00 0.000000000000000000e+00 0.000000000000000000e+00 0.000000000000000000e+00 0.000000000000000000e+00 0.000000000000000000e+00 0.000000000000000000e+00 0.000000000000000000e+00
0.000000000000000000e+00 0.000000000000000000e+00 0.000000000000000000e+00 0.000000000000000000e+00 0.000000000000000000e+00 0.000000000000000000e+00 0.000000000000000000e+00 0.000000000000000000e+00 0.000000000000000000e+00 0.000000000000000000e+00 0.000000000000000000e+00 0.000000000000000000e+00 0.000000000000000000e+00 0.000000000000000000e+00 0.000000000000000000e+00 0.000000000000000000e+00 0.000000000000000000e+00 0.000000000000000000e+00 0.000000000000000000e+00 2.500000000000000139e-02
