7.016621270781815602e-04 7.365134246351720234e-04 7.730957732130631400e-04 8.114951534738963201e-04 8.518018167072998912e-04 8.941104969509800849e-04 9.385206336471497036e-04 9.851366053582289936e-04 1.034067975091111430e-03 1.085429747806598713e-03 1.139342640719231579e-03 1.195933367022817455e-03 1.255334933708490610e-03 1.317686954175293886e-03 1.383135976368009192e-03 1.451835827213469876e-03 1.523947974164901846e-03 1.599641904704031696e-03 1.679095524692928235e-03 1.762495576511834573e-03
2.536374999999999545e+03 2.497625000000000000e+03 2.457349999999999909e+03 2.420074999999999818e+03 2.382699999999999818e+03 2.346000000000000000e+03 2.309350000000000364e+03 2.272650000000000091e+03 2.236550000000000182e+03 2.201750000000000455e+03 2.166924999999999272e+03 2.131499999999999545e+03 2.097399999999999636e+03 2.065149999999999636e+03 2.032524999999999864e+03 1.998849999999999909e+03 1.966500000000000000e+03 1.935749999999999545e+03 1.903750000000000455e+03 1.871875000000000000e+03
3.348024999999998727e+03 3.341125000000000000e+03 3.336525000000000546e+03 3.328525000000001000e+03 3.320800000000000182e+03 3.313800000000000182e+03 3.307950000000000273e+03 3.300100000000000819e+03 3.292500000000000455e+03 3.282125000000000000e+03 3.274375000000000000e+03 3.267200000000001182e+03 3.258100000000000364e+03 3.246874999999999545e+03 3.239775000000000546e+03 3.231900000000000546e+03 3.222375000000000000e+03 3.211925000000000637e+03 3.202375000000000000e+03 3.194824999999999818e+03
1.968075000000000045e+03 1.978474999999999909e+03 1.988649999999999864e+03 2.000050000000000637e+03 2.011649999999999864e+03 2.019724999999999909e+03 2.027550000000000409e+03 2.037575000000000045e+03 2.046200000000000045e+03 2.057324999999999818e+03 2.066250000000000455e+03 2.074199999999999818e+03 2.081875000000000000e+03 2.088325000000000273e+03 2.092850000000000364e+03 2.101875000000000000e+03 2.110299999999999727e+03 2.116450000000000273e+03 2.123949999999999818e+03 2.129574999999999818e+03
9.447250000000000227e+02 9.564000000000002046e+02 9.657750000000000909e+02 9.748500000000000227e+02 9.831749999999999545e+02 9.932249999999999091e+02 1.002924999999999841e+03 1.010850000000000023e+03 1.020649999999999977e+03 1.029775000000000091e+03 1.037850000000000364e+03 1.048674999999999955e+03 1.058750000000000227e+03 1.071525000000000091e+03 1.081825000000000045e+03 1.089475000000000364e+03 1.098000000000000227e+03 1.107625000000000000e+03 1.115674999999999955e+03 1.125149999999999864e+03
4.589000000000000341e+02 4.647499999999998863e+02 4.705500000000000114e+02 4.773500000000000796e+02 4.842000000000001592e+02 4.905500000000000682e+02 4.968750000000000568e+02 5.047499999999998863e+02 5.106000000000000227e+02 5.165999999999999091e+02 5.220499999999999545e+02 5.265500000000000682e+02 5.324750000000000227e+02 5.370500000000000682e+02 5.430999999999999091e+02 5.497250000000001364e+02 5.554749999999999091e+02 5.621249999999998863e+02 5.691999999999999318e+02 5.750000000000001137e+02
2.407499999999999716e+02 2.449249999999999261e+02 2.491250000000000568e+02 2.518499999999999375e+02 2.563999999999999773e+02 2.618249999999999886e+02 2.665500000000000114e+02 2.710000000000000000e+02 2.751500000000000909e+02 2.791500000000000341e+02 2.840750000000000455e+02 2.890749999999999318e+02 2.936499999999999773e+02 2.992000000000000455e+02 3.037499999999999432e+02 3.081000000000000227e+02 3.119000000000000341e+02 3.164999999999999432e+02 3.204499999999999318e+02 3.249999999999998863e+02
1.413249999999999886e+02 1.423250000000000171e+02 1.456250000000000284e+02 1.491000000000000227e+02 1.508250000000000171e+02 1.524999999999999716e+02 1.551250000000000000e+02 1.575750000000000739e+02 1.613499999999999943e+02 1.651999999999999602e+02 1.687500000000000284e+02 1.707750000000000341e+02 1.725250000000000625e+02 1.743749999999999432e+02 1.758750000000000000e+02 1.785749999999999886e+02 1.818250000000000171e+02 1.855749999999999602e+02 1.883250000000000171e+02 1.914499999999999886e+02
9.022499999999998010e+01 9.217499999999998295e+01 9.304999999999996874e+01 9.412499999999998579e+01 9.589999999999999147e+01 9.835000000000002274e+01 9.957499999999998863e+01 1.019750000000000227e+02 1.041000000000000085e+02 1.057500000000000000e+02 1.065000000000000142e+02 1.094500000000000028e+02 1.114749999999999943e+02 1.147000000000000028e+02 1.177499999999999858e+02 1.188500000000000085e+02 1.217499999999999716e+02 1.222749999999999631e+02 1.247499999999999858e+02 1.251749999999999972e+02
5.994999999999997442e+01 6.262500000000000711e+01 6.529999999999998295e+01 6.770000000000001705e+01 6.864999999999999147e+01 6.977500000000001990e+01 7.124999999999998579e+01 7.102500000000001990e+01 7.219999999999998863e+01 7.309999999999999432e+01 7.527500000000001990e+01 7.537500000000001421e+01 7.760000000000000853e+01 7.879999999999999716e+01 8.027499999999999147e+01 8.162500000000001421e+01 8.174999999999998579e+01 8.330000000000002558e+01 8.465000000000000568e+01 8.715000000000001990e+01
4.325000000000001421e+01 4.375000000000002132e+01 4.477499999999998437e+01 4.510000000000000853e+01 4.659999999999999432e+01 4.747499999999998721e+01 4.830000000000001137e+01 5.014999999999999858e+01 5.127500000000000568e+01 5.177499999999999147e+01 5.337500000000000000e+01 5.494999999999999574e+01 5.684999999999999432e+01 5.660000000000000853e+01 5.689999999999999858e+01 5.772499999999998721e+01 5.892499999999999005e+01 5.897499999999999432e+01 6.032500000000001705e+01 6.182499999999999574e+01
3.382500000000000284e+01 3.420000000000000284e+01 3.387500000000000000e+01 3.480000000000000426e+01 3.527499999999999147e+01 3.605000000000000426e+01 3.717499999999999716e+01 3.812499999999998579e+01 3.899999999999999289e+01 4.032499999999999574e+01 4.064999999999999858e+01 4.157500000000000995e+01 4.147500000000000142e+01 4.300000000000000000e+01 4.375000000000000000e+01 4.504999999999999716e+01 4.585000000000000142e+01 4.707500000000001705e+01 4.737499999999999289e+01 4.712499999999999289e+01
2.652499999999998437e+01 2.705000000000000426e+01 2.852500000000000568e+01 2.900000000000000711e+01 2.932499999999999929e+01 2.940000000000000568e+01 2.917499999999999361e+01 2.922499999999999787e+01 2.994999999999999929e+01 3.092500000000000071e+01 3.172500000000000853e+01 3.225000000000000711e+01 3.332499999999999574e+01 3.252499999999999858e+01 3.314999999999999858e+01 3.369999999999998863e+01 3.487499999999999289e+01 3.557499999999998863e+01 3.639999999999999858e+01 3.740000000000000568e+01
2.029999999999999716e+01 2.067500000000000071e+01 2.045000000000000284e+01 2.137500000000000355e+01 2.190000000000000213e+01 2.280000000000000426e+01 2.399999999999999645e+01 2.412500000000000000e+01 2.417500000000000426e+01 2.434999999999999787e+01 2.492500000000000071e+01 2.552500000000000568e+01 2.555000000000000071e+01 2.712500000000000355e+01 2.787500000000001421e+01 2.777499999999998792e+01 2.765000000000000568e+01 2.860000000000000497e+01 2.877499999999998437e+01 2.872499999999999787e+01
1.657500000000000639e+01 1.722500000000000142e+01 1.832499999999999929e+01 1.862500000000000000e+01 1.912500000000000355e+01 1.915000000000000213e+01 1.977499999999999858e+01 2.022500000000000142e+01 2.037500000000000355e+01 2.032500000000000995e+01 2.082499999999999929e+01 2.155000000000000782e+01 2.222499999999999432e+01 2.225000000000000355e+01 2.242500000000000071e+01 2.347499999999999076e+01 2.437500000000000355e+01 2.427499999999999858e+01 2.414999999999999503e+01 2.447500000000000497e+01
1.312499999999999645e+01 1.367500000000000071e+01 1.407499999999999929e+01 1.422499999999999964e+01 1.537499999999999645e+01 1.632499999999999574e+01 1.644999999999999929e+01 1.755000000000000071e+01 1.705000000000000071e+01 1.724999999999999645e+01 1.675000000000000711e+01 1.677499999999999503e+01 1.667500000000000071e+01 1.809999999999999787e+01 1.887500000000000000e+01 1.910000000000000142e+01 1.932499999999999574e+01 1.995000000000000284e+01 2.030000000000000071e+01 2.117500000000000071e+01
1.072499999999999964e+01 1.129999999999999716e+01 1.177499999999999680e+01 1.207500000000000462e+01 1.240000000000000213e+01 1.277499999999999680e+01 1.289999999999999858e+01 1.295000000000000462e+01 1.394999999999999929e+01 1.447499999999999787e+01 1.500000000000000000e+01 1.502500000000000213e+01 1.567500000000000249e+01 1.539999999999999858e+01 1.600000000000000355e+01 1.605000000000000426e+01 1.670000000000000284e+01 1.717500000000000071e+01 1.820000000000000284e+01 1.805000000000000426e+01
8.924999999999998934e+00 8.800000000000000711e+00 8.974999999999999645e+00 9.674999999999997158e+00 1.032499999999999751e+01 1.064999999999999858e+01 1.104999999999999893e+01 1.217500000000000071e+01 1.180000000000000071e+01 1.187500000000000000e+01 1.274999999999999822e+01 1.237500000000000000e+01 1.254999999999999893e+01 1.252500000000000036e+01 1.242500000000000426e+01 1.337499999999999822e+01 1.355000000000000604e+01 1.404999999999999893e+01 1.462500000000000178e+01 1.494999999999999929e+01
7.474999999999999645e+00 7.649999999999999467e+00 7.799999999999998934e+00 8.425000000000002487e+00 8.175000000000002487e+00 8.799999999999995381e+00 8.750000000000000000e+00 9.199999999999999289e+00 1.035000000000000142e+01 1.025000000000000178e+01 1.027499999999999858e+01 1.140000000000000213e+01 1.160000000000000142e+01 1.192499999999999538e+01 1.184999999999999787e+01 1.169999999999999929e+01 1.170000000000000107e+01 1.147499999999999964e+01 1.145000000000000107e+01 1.172500000000000320e+01
6.250000000000000000e+00 6.824999999999998401e+00 7.400000000000000355e+00 7.199999999999997513e+00 7.500000000000000000e+00 7.250000000000000888e+00 7.950000000000001954e+00 7.899999999999998579e+00 8.099999999999997868e+00 9.349999999999999645e+00 8.700000000000001066e+00 8.750000000000000000e+00 9.449999999999995737e+00 1.025000000000000178e+01 1.042499999999999893e+01 1.022500000000000320e+01 1.047499999999999964e+01 1.082499999999999751e+01 1.072500000000000142e+01 1.082499999999999751e+01
6.250000000000000888e+00 6.550000000000003375e+00 6.199999999999999289e+00 6.399999999999996803e+00 6.375000000000000000e+00 6.400000000000000355e+00 7.000000000000000000e+00 7.074999999999997513e+00 6.999999999999999112e+00 6.550000000000000711e+00 7.650000000000001243e+00 7.899999999999998579e+00 7.824999999999999289e+00 7.674999999999998934e+00 8.325000000000001066e+00 9.175000000000004263e+00 9.175000000000000711e+00 9.274999999999998579e+00 9.175000000000000711e+00 9.575000000000002842e+00
3.475000000000000533e+00 4.600000000000000533e+00 5.625000000000000888e+00 5.900000000000000355e+00 6.200000000000000178e+00 6.449999999999999289e+00 5.799999999999998934e+00 5.724999999999996980e+00 5.899999999999997691e+00 6.449999999999998401e+00 6.725000000000002309e+00 6.775000000000001243e+00 7.149999999999999467e+00 6.925000000000000711e+00 7.299999999999998934e+00 7.249999999999998224e+00 8.124999999999998224e+00 8.150000000000000355e+00 8.500000000000001776e+00 8.050000000000002487e+00
3.900000000000001243e+00 3.650000000000000799e+00 3.849999999999999645e+00 4.324999999999999289e+00 4.900000000000000355e+00 5.250000000000000000e+00 5.650000000000001243e+00 5.250000000000000000e+00 5.100000000000001421e+00 5.475000000000001421e+00 5.650000000000000355e+00 5.924999999999999822e+00 6.424999999999998046e+00 7.000000000000000000e+00 6.749999999999999112e+00 6.774999999999998579e+00 6.599999999999999645e+00 6.699999999999998401e+00 7.150000000000002132e+00 7.775000000000000355e+00
2.900000000000000355e+00 3.075000000000000622e+00 3.625000000000000000e+00 3.900000000000000355e+00 4.325000000000000178e+00 4.624999999999998224e+00 4.699999999999999289e+00 5.300000000000000711e+00 5.374999999999999112e+00 5.025000000000001243e+00 4.650000000000000355e+00 5.100000000000001421e+00 5.000000000000000000e+00 4.825000000000000178e+00 5.450000000000000178e+00 5.524999999999999467e+00 5.524999999999999467e+00 6.149999999999998579e+00 6.449999999999998401e+00 6.525000000000001243e+00
2.299999999999999378e+00 2.899999999999999467e+00 3.250000000000000000e+00 3.324999999999999289e+00 3.199999999999999289e+00 3.549999999999999822e+00 4.299999999999998934e+00 4.275000000000000355e+00 4.450000000000001066e+00 5.100000000000001421e+00 4.875000000000000888e+00 4.300000000000000711e+00 4.599999999999999645e+00 4.750000000000000000e+00 4.675000000000000711e+00 4.950000000000000178e+00 5.600000000000000533e+00 5.225000000000000533e+00 5.299999999999999822e+00 5.449999999999999289e+00
1.824999999999999734e+00 2.024999999999999911e+00 2.149999999999999911e+00 2.524999999999999467e+00 3.049999999999999378e+00 3.350000000000000533e+00 3.475000000000000089e+00 3.849999999999999645e+00 4.450000000000001066e+00 3.649999999999999911e+00 4.525000000000000355e+00 4.750000000000002665e+00 4.199999999999999289e+00 4.424999999999998934e+00 4.249999999999999112e+00 4.225000000000000533e+00 3.950000000000000622e+00 4.425000000000001599e+00 4.474999999999999645e+00 5.074999999999999289e+00
1.150000000000000133e+00 1.725000000000000089e+00 2.024999999999999911e+00 2.524999999999999467e+00 2.649999999999999911e+00 2.749999999999999556e+00 2.975000000000000977e+00 3.100000000000000089e+00 3.274999999999999467e+00 3.875000000000000888e+00 3.749999999999999556e+00 3.975000000000000089e+00 3.799999999999999822e+00 4.174999999999999822e+00 4.549999999999999822e+00 4.424999999999999822e+00 4.149999999999999467e+00 4.525000000000000355e+00 4.475000000000000533e+00 4.449999999999999289e+00
9.000000000000004663e-01 1.150000000000000355e+00 1.425000000000000044e+00 1.674999999999999822e+00 1.824999999999999512e+00 2.100000000000000089e+00 2.199999999999999734e+00 2.800000000000001155e+00 3.049999999999999822e+00 3.300000000000000266e+00 3.374999999999999556e+00 3.575000000000000178e+00 4.000000000000000000e+00 3.750000000000000444e+00 3.999999999999999112e+00 3.674999999999999822e+00 3.999999999999999556e+00 3.600000000000000533e+00 3.950000000000000178e+00 4.099999999999999645e+00
4.000000000000000222e-01 6.750000000000001554e-01 9.750000000000001998e-01 1.325000000000000178e+00 1.625000000000000000e+00 1.949999999999999956e+00 2.224999999999999201e+00 2.449999999999999734e+00 2.699999999999999734e+00 3.100000000000000977e+00 2.674999999999999822e+00 2.950000000000000178e+00 3.475000000000000089e+00 3.849999999999999645e+00 3.550000000000000711e+00 4.024999999999999467e+00 3.825000000000000178e+00 3.999999999999999556e+00 4.025000000000000355e+00 3.775000000000000355e+00
3.250000000000000111e-01 4.250000000000000999e-01 8.750000000000004441e-01 1.125000000000000444e+00 1.625000000000000222e+00 1.675000000000000044e+00 1.749999999999999778e+00 1.875000000000000000e+00 2.050000000000000266e+00 2.324999999999999734e+00 3.024999999999999911e+00 3.024999999999999467e+00 3.249999999999999556e+00 3.074999999999999289e+00 2.874999999999999556e+00 3.450000000000000178e+00 3.275000000000000355e+00 3.200000000000000178e+00 3.125000000000000888e+00 3.274999999999999023e+00
4.250000000000000999e-01 3.750000000000000000e-01 3.750000000000000000e-01 7.750000000000004663e-01 9.500000000000005107e-01 1.649999999999999911e+00 1.699999999999999734e+00 1.900000000000000133e+00 1.875000000000000222e+00 2.049999999999999822e+00 2.575000000000000178e+00 2.324999999999999734e+00 2.700000000000000178e+00 3.075000000000000622e+00 3.149999999999999023e+00 2.949999999999998845e+00 3.300000000000000711e+00 3.149999999999999911e+00 3.149999999999999911e+00 3.624999999999999556e+00
3.500000000000000333e-01 4.750000000000000888e-01 4.750000000000000888e-01 3.750000000000000555e-01 7.500000000000003331e-01 7.250000000000001998e-01 1.400000000000000133e+00 1.649999999999999911e+00 1.950000000000000400e+00 1.999999999999999778e+00 2.325000000000000178e+00 2.349999999999999645e+00 1.999999999999999556e+00 2.424999999999999822e+00 2.600000000000000089e+00 2.875000000000000444e+00 3.100000000000000977e+00 3.150000000000000355e+00 2.775000000000000355e+00 2.574999999999999734e+00
1.999999999999999833e-01 3.750000000000001665e-01 4.500000000000002331e-01 4.000000000000000777e-01 4.750000000000000333e-01 7.500000000000003331e-01 9.000000000000003553e-01 1.150000000000000355e+00 1.800000000000000488e+00 1.899999999999999689e+00 1.750000000000000222e+00 2.224999999999999645e+00 1.899999999999999467e+00 1.574999999999999734e+00 2.174999999999999822e+00 2.075000000000000178e+00 2.324999999999999289e+00 2.649999999999999467e+00 2.974999999999999201e+00 2.375000000000000000e+00
1.000000000000000056e-01 1.749999999999999889e-01 2.999999999999999889e-01 4.250000000000000999e-01 4.750000000000000333e-01 6.250000000000002220e-01 6.250000000000002220e-01 1.075000000000000400e+00 1.199999999999999734e+00 1.399999999999999911e+00 1.675000000000000488e+00 1.749999999999999556e+00 2.250000000000000000e+00 2.199999999999999734e+00 2.149999999999999023e+00 2.424999999999999378e+00 2.274999999999999023e+00 2.699999999999999289e+00 2.875000000000000444e+00 2.949999999999999734e+00
1.250000000000000000e-01 1.250000000000000000e-01 1.999999999999999833e-01 3.999999999999999667e-01 4.500000000000000666e-01 3.500000000000000888e-01 6.250000000000002220e-01 6.750000000000002665e-01 1.050000000000000488e+00 1.324999999999999734e+00 1.324999999999999956e+00 1.875000000000000000e+00 1.950000000000000178e+00 1.899999999999999689e+00 2.000000000000000444e+00 2.074999999999999734e+00 2.299999999999999378e+00 2.000000000000000000e+00 2.600000000000000089e+00 2.425000000000000266e+00
0.000000000000000000e+00 2.500000000000000139e-02 7.500000000000001110e-02 1.749999999999999889e-01 2.999999999999999889e-01 5.250000000000000222e-01 6.000000000000001998e-01 5.250000000000000222e-01 4.500000000000001221e-01 8.250000000000002887e-01 1.225000000000000311e+00 1.324999999999999512e+00 1.299999999999999822e+00 1.449999999999999956e+00 1.999999999999999778e+00 1.924999999999999600e+00 1.975000000000000089e+00 1.974999999999999423e+00 1.949999999999999734e+00 2.375000000000000000e+00
2.500000000000000139e-02 2.500000000000000139e-02 1.000000000000000056e-01 5.000000000000000278e-02 1.749999999999999889e-01 2.750000000000000222e-01 4.750000000000000333e-01 7.500000000000003331e-01 9.000000000000001332e-01 8.750000000000003331e-01 1.150000000000000355e+00 1.274999999999999911e+00 1.275000000000000577e+00 1.749999999999999778e+00 1.374999999999999556e+00 1.449999999999999734e+00 1.725000000000000089e+00 2.049999999999999378e+00 1.749999999999999556e+00 2.324999999999999734e+00
2.500000000000000139e-02 2.500000000000000139e-02 0.000000000000000000e+00 7.500000000000001110e-02 1.000000000000000056e-01 1.499999999999999944e-01 2.249999999999999778e-01 4.000000000000000777e-01 5.000000000000001110e-01 6.250000000000001110e-01 5.500000000000001554e-01 1.025000000000000133e+00 1.399999999999999911e+00 1.250000000000000000e+00 1.449999999999999734e+00 1.674999999999999600e+00 1.474999999999999867e+00 1.824999999999999956e+00 2.075000000000000622e+00 1.924999999999999600e+00
0.000000000000000000e+00 5.000000000000000278e-02 5.000000000000000278e-02 7.500000000000001110e-02 7.500000000000001110e-02 1.749999999999999889e-01 1.999999999999999833e-01 2.499999999999999722e-01 4.500000000000000666e-01 5.750000000000000666e-01 8.250000000000002887e-01 9.749999999999999778e-01 1.200000000000000400e+00 1.399999999999999467e+00 1.324999999999999956e+00 1.499999999999999778e+00 1.625000000000000000e+00 1.500000000000000000e+00 1.449999999999999734e+00 1.474999999999999867e+00
0.000000000000000000e+00 0.000000000000000000e+00 5.000000000000000278e-02 5.000000000000000278e-02 7.500000000000001110e-02 5.000000000000000278e-02 7.500000000000001110e-02 1.749999999999999889e-01 2.249999999999999778e-01 4.500000000000001221e-01 7.000000000000002887e-01 7.500000000000003331e-01 1.050000000000000266e+00 1.274999999999999911e+00 1.324999999999999734e+00 1.325000000000000178e+00 1.300000000000000044e+00 1.300000000000000044e+00 1.574999999999999956e+00 1.874999999999999556e+00
0.000000000000000000e+00 0.000000000000000000e+00 0.000000000000000000e+00 2.500000000000000139e-02 2.500000000000000139e-02 2.500000000000000139e-02 2.249999999999999778e-01 1.000000000000000056e-01 1.499999999999999944e-01 3.250000000000000111e-01 4.750000000000001443e-01 8.000000000000000444e-01 7.250000000000003109e-01 1.224999999999999867e+00 1.200000000000000178e+00 1.150000000000000133e+00 1.424999999999999600e+00 1.400000000000000355e+00 1.400000000000000133e+00 1.300000000000000711e+00
0.000000000000000000e+00 0.000000000000000000e+00 0.000000000000000000e+00 2.500000000000000139e-02 5.000000000000000278e-02 1.000000000000000056e-01 2.500000000000000139e-02 2.249999999999999778e-01 1.999999999999999833e-01 1.749999999999999889e-01 1.749999999999999889e-01 4.500000000000000111e-01 7.500000000000000000e-01 7.500000000000001110e-01 1.100000000000000089e+00 1.250000000000000222e+00 1.125000000000000222e+00 1.199999999999999956e+00 1.250000000000000000e+00 1.375000000000000000e+00
0.000000000000000000e+00 0.000000000000000000e+00 0.000000000000000000e+00 0.000000000000000000e+00 0.000000000000000000e+00 2.500000000000000139e-02 1.000000000000000056e-01 5.000000000000000278e-02 1.499999999999999944e-01 2.999999999999999889e-01 2.999999999999999889e-01 2.249999999999999778e-01 6.000000000000001998e-01 8.250000000000000666e-01 1.075000000000000178e+00 9.000000000000003553e-01 1.050000000000000266e+00 1.400000000000000133e+00 1.300000000000000266e+00 1.150000000000000133e+00
0.000000000000000000e+00 0.000000000000000000e+00 0.000000000000000000e+00 0.000000000000000000e+00 2.500000000000000139e-02 2.500000000000000139e-02 0.000000000000000000e+00 1.000000000000000056e-01 1.499999999999999944e-01 1.499999999999999944e-01 1.999999999999999833e-01 3.250000000000000666e-01 4.500000000000000111e-01 5.000000000000001110e-01 8.000000000000002665e-01 1.325000000000000622e+00 1.075000000000000178e+00 1.074999999999999734e+00 1.125000000000000222e+00 1.274999999999999911e+00
0.000000000000000000e+00 0.000000000000000000e+00 0.000000000000000000e+00 0.000000000000000000e+00 0.000000000000000000e+00 0.000000000000000000e+00 2.500000000000000139e-02 5.000000000000000278e-02 7.500000000000001110e-02 1.999999999999999833e-01 2.249999999999999778e-01 1.250000000000000000e-01 3.000000000000000444e-01 3.500000000000000888e-01 4.750000000000000333e-01 8.750000000000000000e-01 1.050000000000000266e+00 1.050000000000000266e+00 1.000000000000000222e+00 1.025000000000000133e+00
0.000000000000000000e+00 0.000000000000000000e+00 0.000000000000000000e+00 0.000000000000000000e+00 0.000000000000000000e+00 2.500000000000000139e-02 0.000000000000000000e+00 2.500000000000000139e-02 7.500000000000001110e-02 7.500000000000001110e-02 2.499999999999999722e-01 3.250000000000000666e-01 1.750000000000000167e-01 4.250000000000000444e-01 4.000000000000000222e-01 5.250000000000002442e-01 7.750000000000002442e-01 7.500000000000001110e-01 1.025000000000000133e+00 1.249999999999999778e+00
0.000000000000000000e+00 0.000000000000000000e+00 0.000000000000000000e+00 0.000000000000000000e+00 0.000000000000000000e+00 0.000000000000000000e+00 5.000000000000000278e-02 2.500000000000000139e-02 5.000000000000000278e-02 5.000000000000000278e-02 1.000000000000000056e-01 1.999999999999999833e-01 2.249999999999999778e-01 2.250000000000000056e-01 4.750000000000000888e-01 5.750000000000001776e-01 7.750000000000003553e-01 9.250000000000003775e-01 1.025000000000000355e+00 1.050000000000000488e+00
0.000000000000000000e+00 0.000000000000000000e+00 0.000000000000000000e+00 0.000000000000000000e+00 0.000000000000000000e+00 0.000000000000000000e+00 0.000000000000000000e+00 0.000000000000000000e+00 2.500000000000000139e-02 5.000000000000000278e-02 5.000000000000000278e-02 5.000000000000000278e-02 2.249999999999999778e-01 1.999999999999999833e-01 2.749999999999999667e-01 3.250000000000000666e-01 8.000000000000002665e-01 8.250000000000001776e-01 9.750000000000004219e-01 8.750000000000003331e-01
0.000000000000000000e+00 0.000000000000000000e+00 0.000000000000000000e+00 0.000000000000000000e+00 0.000000000000000000e+00 0.000000000000000000e+00 0.000000000000000000e+00 2.500000000000000139e-02 0.000000000000000000e+00 7.500000000000001110e-02 5.000000000000000278e-02 1.000000000000000056e-01 1.749999999999999889e-01 2.000000000000000111e-01 1.999999999999999833e-01 4.250000000000000444e-01 4.750000000000000888e-01 7.750000000000003553e-01 7.750000000000002442e-01 8.250000000000003997e-01
0.000000000000000000e+00 0.000000000000000000e+00 0.000000000000000000e+00 0.000000000000000000e+00 0.000000000000000000e+00 0.000000000000000000e+00 0.000000000000000000e+00 2.500000000000000139e-02 2.500000000000000139e-02 0.000000000000000000e+00 5.000000000000000278e-02 7.500000000000001110e-02 7.500000000000001110e-02 1.499999999999999944e-01 1.749999999999999889e-01 2.999999999999999889e-01 5.000000000000001110e-01 5.000000000000000000e-01 7.000000000000001776e-01 1.025000000000000355e+00
0.000000000000000000e+00 0.000000000000000000e+00 0.000000000000000000e+00 0.000000000000000000e+00 0.000000000000000000e+00 0.000000000000000000e+00 0.000000000000000000e+00 0.000000000000000000e+00 2.500000000000000139e-02 2.500000000000000139e-02 5.000000000000000278e-02 7.500000000000001110e-02 1.000000000000000056e-01 2.499999999999999722e-01 3.250000000000000111e-01 1.749999999999999889e-01 2.500000000000000000e-01 7.000000000000002887e-01 6.750000000000001554e-01 5.750000000000001776e-01
0.000000000000000000e+00 0.000000000000000000e+00 0.000000000000000000e+00 0.000000000000000000e+00 0.000000000000000000e+00 0.000000000000000000e+00 0.000000000000000000e+00 0.000000000000000000e+00 0.000000000000000000e+00 0.000000000000000000e+00 0.000000000000000000e+00 0.000000000000000000e+00 1.000000000000000056e-01 1.749999999999999889e-01 1.499999999999999944e-01 2.499999999999999722e-01 2.499999999999999722e-01 2.499999999999999722e-01 5.000000000000001110e-01 7.250000000000000888e-01
0.000000000000000000e+00 0.000000000000000000e+00 0.000000000000000000e+00 0.000000000000000000e+00 0.000000000000000000e+00 0.000000000000000000e+00 0.000000000000000000e+00 0.000000000000000000e+00 0.000000000000000000e+00 0.000000000000000000e+00 0.000000000000000000e+00 2.500000000000000139e-02 2.500000000000000139e-02 1.000000000000000056e-01 2.249999999999999778e-01 1.749999999999999889e-01 2.499999999999999722e-01 2.749999999999999667e-01 3.750000000000000000e-01 5.250000000000001332e-01
0.000000000000000000e+00 0.000000000000000000e+00 0.000000000000000000e+00 0.000000000000000000e+00 0.000000000000000000e+00 0.000000000000000000e+00 0.000000000000000000e+00 0.000000000000000000e+00 0.000000000000000000e+00 2.500000000000000139e-02 2.500000000000000139e-02 7.500000000000001110e-02 5.000000000000000278e-02 7.500000000000001110e-02 1.499999999999999944e-01 2.249999999999999778e-01 2.999999999999999889e-01 2.999999999999999889e-01 5.000000000000000000e-01 3.750000000000000555e-01
0.000000000000000000e+00 0.000000000000000000e+00 0.000000000000000000e+00 0.000000000000000000e+00 0.000000000000000000e+00 0.000000000000000000e+00 0.000000000000000000e+00 0.000000000000000000e+00 0.000000000000000000e+00 0.000000000000000000e+00 2.500000000000000139e-02 0.000000000000000000e+00 2.500000000000000139e-02 2.500000000000000139e-02 1.000000000000000056e-01 1.500000000000000222e-01 1.499999999999999944e-01 3.250000000000000111e-01 3.500000000000000333e-01 5.000000000000001110e-01
0.000000000000000000e+00 0.000000000000000000e+00 0.000000000000000000e+00 0.000000000000000000e+00 0.000000000000000000e+00 0.000000000000000000e+00 0.000000000000000000e+00 0.000000000000000000e+00 0.000000000000000000e+00 0.000000000000000000e+00 0.000000000000000000e+00 2.500000000000000139e-02 0.000000000000000000e+00 0.000000000000000000e+00 5.000000000000000278e-02 1.250000000000000000e-01 1.749999999999999889e-01 1.749999999999999889e-01 1.999999999999999833e-01 4.250000000000000444e-01
0.000000000000000000e+00 0.000000000000000000e+00 0.000000000000000000e+00 0.000000000000000000e+00 0.000000000000000000e+00 0.000000000000000000e+00 0.000000000000000000e+00 0.000000000000000000e+00 0.000000000000000000e+00 0.000000000000000000e+00 0.000000000000000000e+00 0.000000000000000000e+00 2.500000000000000139e-02 5.000000000000000278e-02 5.000000000000000278e-02 1.000000000000000056e-01 2.249999999999999778e-01 1.999999999999999833e-01 2.499999999999999722e-01 4.750000000000001443e-01
0.000000000000000000e+00 0.000000000000000000e+00 0.000000000000000000e+00 0.000000000000000000e+00 0.000000000000000000e+00 0.000000000000000000e+00 0.000000000000000000e+00 0.000000000000000000e+00 0.000000000000000000e+00 0.000000000000000000e+00 0.000000000000000000e+00 0.000000000000000000e+00 0.000000000000000000e+00 2.500000000000000139e-02 7.500000000000001110e-02 7.500000000000001110e-02 7.500000000000001110e-02 1.250000000000000000e-01 1.999999999999999833e-01 2.500000000000000000e-01
0.000000000000000000e+00 0.000000000000000000e+00 0.000000000000000000e+00 0.000000000000000000e+00 0.000000000000000000e+00 0.000000000000000000e+00 0.000000000000000000e+00 0.000000000000000000e+00 0.000000000000000000e+00 0.000000000000000000e+00 0.000000000000000000e+00 0.000000000000000000e+00 0.000000000000000000e+00 0.000000000000000000e+00 2.500000000000000139e-02 1.000000000000000056e-01 1.000000000000000056e-01 1.250000000000000000e-01 2.499999999999999722e-01 2.499999999999999722e-01
0.000000000000000000e+00 0.000000000000000000e+00 0.000000000000000000e+00 0.000000000000000000e+00 0.000000000000000000e+00 0.000000000000000000e+00 0.000000000000000000e+00 0.000000000000000000e+00 0.000000000000000000e+00 0.000000000000000000e+00 0.000000000000000000e+00 0.000000000000000000e+00 0.000000000000000000e+00 0.000000000000000000e+00 0.000000000000000000e+00 7.500000000000001110e-02 1.749999999999999889e-01 2.000000000000000111e-01 1.749999999999999889e-01 1.749999999999999889e-01
0.000000000000000000e+00 0.000000000000000000e+00 0.000000000000000000e+00 0.000000000000000000e+00 0.000000000000000000e+00 0.000000000000000000e+00 0.000000000000000000e+00 0.000000000000000000e+00 0.000000000000000000e+00 0.000000000000000000e+00 0.000000000000000000e+00 0.000000000000000000e+00 0.000000000000000000e+00 0.000000000000000000e+00 0.000000000000000000e+00 0.000000000000000000e+00 2.500000000000000139e-02 1.499999999999999944e-01 1.999999999999999833e-01 2.499999999999999722e-01
0.000000000000000000e+00 0.000000000000000000e+00 0.000000000000000000e+00 0.000000000000000000e+00 0.000000000000000000e+00 0.000000000000000000e+00 0.000000000000000000e+00 0.000000000000000000e+00 0.000000000000000000e+00 0.000000000000000000e+00 0.000000000000000000e+00 0.000000000000000000e+00 0.000000000000000000e+00 0.000000000000000000e+00 0.000000000000000000e+00 0.000000000000000000e+00 5.000000000000000278e-02 1.250000000000000000e-01 1.499999999999999944e-01 2.500000000000000000e-01
0.000000000000000000e+00 0.000000000000000000e+00 0.000000000000000000e+00 0.000000000000000000e+00 0.000000000000000000e+00 0.000000000000000000e+00 0.000000000000000000e+00 0.000000000000000000e+00 0.000000000000000000e+00 0.000000000000000000e+00 0.000000000000000000e+00 0.000000000000000000e+00 0.000000000000000000e+00 0.000000000000000000e+00 0.000000000000000000e+00 0.000000000000000000e+00 0.000000000000000000e+00 1.000000000000000056e-01 1.499999999999999944e-01 1.749999999999999889e-01
0.000000000000000000e+00 0.000000000000000000e+00 0.000000000000000000e+00 0.000000000000000000e+00 0.000000000000000000e+00 0.000000000000000000e+00 0.000000000000000000e+00 0.000000000000000000e+00 0.000000000000000000e+00 0.000000000000000000e+00 0.000000000000000000e+00 0.000000000000000000e+00 0.000000000000000000e+00 0.000000000000000000e+00 0.000000000000000000e+00 0.000000000000000000e+00 0.000000000000000000e+00 0.000000000000000000e+00 1.000000000000000056e-01 1.000000000000000056e-01
0.000000000000000000e+00 0.000000000000000000e+00 0.000000000000000000e+00 0.000000000000000000e+00 0.000000000000000000e+00 0.000000000000000000e+00 0.000000000000000000e+00 0.000000000000000000e+00 0.000000000000000000e+00 0.000000000000000000e+00 0.000000000000000000e+00 0.000000000000000000e+00 0.000000000000000000e+00 0.000000000000000000e+00 0.000000000000000000e+00 0.000000000000000000e+00 0.000000000000000000e+00 0.000000000000000000e+00 2.500000000000000139e-02 1.250000000000000000e-01
0.000000000000000000e+00 0.000000000000000000e+00 0.000000000000000000e+00 0.000000000000000000e+00 0.000000000000000000e+00 0.000000000000000000e+00 0.000000000000000000e+00 0.000000000000000000e+00 0.000000000000000000e+00 0.000000000000000000e+00 0.000000000000000000e+00 0.000000000000000000e+00 0.000000000000000000e+00 0.000000000000000000e+00 0.000000000000000000e+00 0.000000000000000000e+00 0.000000000000000000e+00 0.000000000000000000e+00 7.500000000000001110e-02 7.500000000000001110e-02
0.000000000000000000e+00 0.000000000000000000e+00 0.000000000000000000e+00 0.000000000000000000e+00 0.000000000000000000e+00 0.000000000000000000e+00 0.000000000000000000e+00 0.000000000000000000e+00 0.000000000000000000e+00 0.000000000000000000e+00 0.000000000000000000e+00 0.000000000000000000e+00 0.000000000000000000e+00 0.000000000000000000e+00 0.000000000000000000e+00 0.000000000000000000e+00 0.000000000000000000e+00 0.000000000000000000e+00 0.000000000000000000e+00 5.000000000000000278e-02
0.000000000000000000e+00 0.000000000000000000e+00 0.000000000000000000e+00 0.000000000000000000e+00 0.000000000000000000e+00 0.000000000000000000e+00 0.000000000000000000e+00 0.000000000000000000e+00 0.000000000000000000e+00 0.000000000000000000e+00 0.000000000000000000e+00 0.000000000000000000e+00 0.000000000000000000e+00 0.000000000000000000e+00 0.000000000000000000e+00 0.000000000000000000e+00 0.000000000000000000e+00 0.000000000000000000e+00 0.000000000000000000e+00 7.500000000000001110e-02
0.000000000000000000e+00 0.000000000000000000e+00 0.000000000000000000e+00 0.000000000000000000e+00 0.000000000000000000e+00 0.000000000000000000e+00 0.000000000000000000e+00 0.000000000000000000e+00 0.000000000000000000e+00 0.000000000000000000e+00 0.000000000000000000e+00 0.000000000000000000e+00 0.000000000000000000e+00 0.000000000000000000e+00 0.000000000000000000e+00 0.000000000000000000e+00 0.000000000000000000e+00 0.000000000000000000e+00 0.000000000000000000e+00 0.000000000000000000e+00
0.000000000000000000e+00 0.000000000000000000e+00 0.000000000000000000e+00 0.000000000000000000e+00 0.000000000000000000e+00 0.000000000000000000e+00 0.000000000000000000e+00 0.000000000000000000e+00 0.000000000000000000e+00 0.000000000000000000e+00 0.000000000000000000e+00 0.000000000000000000e+00 0.000000000000000000e+00 0.000000000000000000e+00 0.000000000000000000e+00 0.000000000000000000e+00 0.000000000000000000e+00 0.000000000000000000e+00 0.000000000000000000e+00 2.500000000000000139e-02
