7.016621270781815602e-04 7.365134246351720234e-04 7.730957732130631400e-04 8.114951534738963201e-04 8.518018167072998912e-04 8.941104969509800849e-04 9.385206336471497036e-04 9.851366053582289936e-04 1.034067975091111430e-03 1.085429747806598713e-03 1.139342640719231579e-03 1.195933367022817455e-03 1.255334933708490610e-03 1.317686954175293886e-03 1.383135976368009192e-03 1.451835827213469876e-03 1.523947974164901846e-03 1.599641904704031696e-03 1.679095524692928235e-03 1.762495576511834573e-03
9.651499999999998636e+02 9.480250000000002046e+02 9.317749999999998636e+02 9.170249999999998636e+02 9.018750000000000000e+02 8.879249999999998408e+02 8.733999999999998636e+02 8.592500000000004547e+02 8.451750000000001819e+02 8.313000000000000682e+02 8.175500000000000682e+02 8.031999999999999318e+02 7.897750000000002046e+02 7.759499999999997044e+02 7.612500000000000000e+02 7.480499999999998408e+02 7.352249999999999091e+02 7.214000000000000909e+02 7.083000000000001819e+02 6.964500000000001592e+02
1.350599999999999909e+03 1.349174999999999500e+03 1.346600000000000364e+03 1.342424999999999727e+03 1.338949999999999818e+03 1.334524999999999864e+03 1.330825000000000273e+03 1.325950000000000045e+03 1.322199999999999818e+03 1.319200000000000273e+03 1.314449999999999818e+03 1.312124999999999773e+03 1.308224999999999682e+03 1.305175000000000182e+03 1.303075000000000045e+03 1.298900000000000091e+03 1.295449999999999818e+03 1.292550000000000182e+03 1.287650000000000318e+03 1.281800000000000182e+03
8.019499999999998181e+02 8.055749999999999318e+02 8.095249999999998636e+02 8.135750000000001592e+02 8.183750000000001137e+02 8.225250000000000909e+02 8.253249999999999318e+02 8.300500000000001819e+02 8.329749999999997954e+02 8.367999999999999545e+02 8.414750000000003638e+02 8.430500000000000682e+02 8.455749999999997044e+02 8.479250000000000682e+02 8.510499999999999545e+02 8.541000000000003638e+02 8.560750000000000455e+02 8.595749999999999318e+02 8.640250000000000909e+02 8.680000000000000000e+02
3.826249999999999432e+02 3.877000000000001023e+02 3.918999999999999204e+02 3.966999999999999318e+02 3.993999999999999204e+02 4.034249999999998977e+02 4.083749999999999432e+02 4.123500000000000796e+02 4.167500000000000000e+02 4.196250000000001137e+02 4.235000000000000568e+02 4.277249999999999659e+02 4.316749999999998408e+02 4.361250000000000000e+02 4.387749999999999773e+02 4.431750000000001251e+02 4.450749999999999886e+02 4.479999999999999432e+02 4.508499999999999091e+02 4.534250000000000114e+02
1.875249999999999488e+02 1.892250000000000227e+02 1.918000000000000114e+02 1.940750000000000171e+02 1.970750000000000171e+02 1.991750000000000114e+02 2.020500000000000682e+02 2.044750000000000227e+02 2.070000000000000000e+02 2.091500000000000341e+02 2.111999999999999886e+02 2.138749999999999147e+02 2.163749999999999716e+02 2.183250000000000171e+02 2.224499999999999602e+02 2.243500000000000227e+02 2.299749999999999659e+02 2.323000000000000398e+02 2.350750000000000455e+02 2.382750000000000057e+02
9.912500000000000000e+01 1.018250000000000028e+02 1.037249999999999517e+02 1.050499999999999972e+02 1.060499999999999972e+02 1.076499999999999915e+02 1.098499999999999801e+02 1.112999999999999829e+02 1.128750000000000000e+02 1.148250000000000028e+02 1.164749999999999943e+02 1.186000000000000227e+02 1.201999999999999602e+02 1.221750000000000256e+02 1.234750000000000085e+02 1.258000000000000114e+02 1.261000000000000085e+02 1.274750000000000227e+02 1.292249999999999943e+02 1.305000000000000000e+02
5.960000000000000142e+01 6.015000000000000568e+01 6.099999999999999289e+01 6.199999999999999289e+01 6.352500000000000568e+01 6.450000000000000000e+01 6.510000000000000853e+01 6.642500000000001137e+01 6.755000000000001137e+01 6.884999999999998010e+01 6.969999999999997442e+01 7.002500000000000568e+01 7.147500000000002274e+01 7.304999999999998295e+01 7.417500000000001137e+01 7.495000000000000284e+01 7.542499999999999716e+01 7.612499999999998579e+01 7.744999999999998863e+01 7.912499999999997158e+01
3.717499999999999005e+01 3.734999999999999432e+01 3.845000000000000995e+01 3.937500000000000000e+01 4.060000000000001563e+01 4.164999999999999147e+01 4.257500000000000284e+01 4.305000000000000426e+01 4.339999999999999147e+01 4.450000000000000000e+01 4.494999999999999574e+01 4.632499999999998863e+01 4.757499999999999574e+01 4.767500000000000426e+01 4.780000000000000426e+01 4.847500000000000142e+01 5.017499999999999716e+01 5.187499999999999289e+01 5.262500000000000000e+01 5.327500000000001990e+01
2.614999999999999858e+01 2.727499999999999503e+01 2.790000000000000213e+01 2.847500000000000142e+01 2.847500000000000142e+01 2.927500000000000924e+01 2.994999999999999574e+01 3.049999999999999645e+01 3.139999999999999858e+01 3.090000000000000213e+01 3.250000000000000000e+01 3.297500000000000853e+01 3.365000000000000568e+01 3.390000000000000568e+01 3.462500000000000000e+01 3.537500000000000711e+01 3.577499999999999858e+01 3.584999999999999432e+01 3.607500000000000284e+01 3.692499999999999716e+01
1.892500000000000426e+01 1.872499999999999432e+01 1.897499999999999787e+01 2.002499999999999503e+01 2.089999999999999503e+01 2.159999999999999432e+01 2.157499999999999574e+01 2.262500000000000000e+01 2.310000000000000497e+01 2.365000000000000213e+01 2.362500000000000000e+01 2.352499999999999503e+01 2.299999999999999289e+01 2.355000000000000071e+01 2.472500000000000142e+01 2.440000000000000568e+01 2.555000000000000071e+01 2.605000000000000426e+01 2.647499999999999787e+01 2.674999999999999645e+01
1.439999999999999858e+01 1.519999999999999929e+01 1.582499999999999751e+01 1.547499999999999964e+01 1.619999999999999574e+01 1.640000000000000213e+01 1.680000000000000071e+01 1.597500000000000320e+01 1.660000000000000142e+01 1.742499999999999716e+01 1.737500000000000355e+01 1.857499999999999574e+01 1.950000000000000355e+01 2.032499999999999929e+01 1.950000000000000000e+01 1.980000000000000426e+01 1.889999999999999503e+01 1.930000000000000071e+01 2.040000000000000213e+01 2.025000000000000000e+01
1.132500000000000107e+01 1.170000000000000107e+01 1.164999999999999858e+01 1.209999999999999609e+01 1.239999999999999858e+01 1.282500000000000284e+01 1.292500000000000071e+01 1.349999999999999822e+01 1.335000000000000142e+01 1.317499999999999893e+01 1.397500000000000142e+01 1.407499999999999751e+01 1.475000000000000355e+01 1.477499999999999858e+01 1.524999999999999645e+01 1.592500000000000071e+01 1.642500000000000071e+01 1.710000000000000142e+01 1.619999999999999929e+01 1.664999999999999858e+01
8.025000000000002132e+00 8.175000000000000711e+00 8.650000000000002132e+00 8.949999999999999289e+00 8.599999999999999645e+00 8.525000000000000355e+00 8.924999999999998934e+00 1.014999999999999858e+01 1.089999999999999858e+01 1.157499999999999929e+01 1.157500000000000107e+01 1.194999999999999751e+01 1.087500000000000355e+01 1.137499999999999645e+01 1.142500000000000071e+01 1.174999999999999822e+01 1.282500000000000107e+01 1.245000000000000284e+01 1.327500000000000036e+01 1.359999999999999964e+01
7.100000000000000533e+00 6.975000000000000533e+00 7.474999999999998757e+00 7.250000000000000888e+00 7.400000000000000355e+00 8.000000000000001776e+00 8.125000000000000000e+00 8.099999999999999645e+00 7.825000000000001066e+00 8.050000000000000711e+00 8.099999999999999645e+00 8.125000000000000000e+00 9.425000000000000711e+00 9.299999999999998934e+00 1.027500000000000391e+01 1.045000000000000284e+01 1.017499999999999893e+01 1.040000000000000213e+01 1.045000000000000107e+01 1.075000000000000000e+01
4.775000000000000355e+00 5.225000000000000533e+00 5.075000000000000178e+00 6.024999999999998579e+00 6.550000000000000711e+00 6.150000000000000355e+00 6.075000000000001066e+00 6.349999999999999645e+00 6.725000000000000533e+00 6.874999999999999112e+00 7.225000000000001421e+00 7.500000000000000888e+00 7.449999999999999289e+00 7.350000000000000533e+00 7.350000000000000533e+00 7.450000000000000178e+00 7.749999999999999112e+00 7.875000000000000888e+00 8.300000000000000711e+00 8.150000000000000355e+00
4.575000000000001066e+00 4.875000000000000000e+00 4.700000000000001066e+00 4.400000000000000355e+00 4.849999999999999645e+00 5.249999999999999112e+00 5.725000000000000533e+00 5.324999999999999289e+00 5.800000000000000711e+00 6.124999999999999112e+00 6.600000000000000533e+00 6.399999999999999467e+00 6.175000000000000711e+00 7.025000000000001243e+00 6.825000000000000178e+00 7.000000000000000888e+00 6.599999999999999645e+00 6.825000000000001066e+00 6.774999999999999467e+00 7.350000000000000533e+00
4.150000000000000355e+00 4.500000000000000888e+00 4.650000000000001243e+00 4.750000000000000888e+00 4.499999999999999112e+00 4.375000000000000000e+00 4.274999999999999467e+00 4.875000000000000000e+00 5.049999999999999822e+00 4.899999999999999467e+00 5.050000000000000711e+00 5.300000000000000711e+00 5.874999999999998224e+00 5.599999999999999645e+00 5.649999999999998579e+00 5.599999999999999645e+00 6.049999999999999822e+00 6.200000000000001066e+00 6.149999999999999467e+00 6.250000000000000000e+00
3.424999999999999378e+00 3.274999999999999023e+00 3.475000000000000089e+00 3.549999999999999822e+00 3.724999999999999645e+00 3.950000000000000178e+00 4.025000000000000355e+00 3.524999999999999467e+00 3.699999999999999734e+00 3.725000000000000533e+00 3.899999999999999911e+00 4.275000000000000355e+00 4.474999999999999645e+00 4.874999999999999112e+00 4.949999999999999289e+00 5.125000000000000000e+00 4.925000000000000711e+00 5.225000000000000533e+00 5.625000000000000888e+00 5.275000000000001243e+00
2.299999999999999822e+00 2.449999999999999734e+00 2.549999999999999822e+00 2.974999999999999201e+00 3.350000000000000533e+00 3.399999999999999467e+00 3.375000000000000444e+00 3.824999999999999734e+00 3.674999999999999822e+00 3.799999999999999822e+00 3.674999999999999378e+00 3.574999999999999734e+00 3.925000000000000711e+00 4.100000000000000533e+00 4.375000000000000888e+00 4.474999999999999645e+00 4.900000000000001243e+00 4.974999999999999645e+00 4.875000000000000000e+00 4.799999999999999822e+00
2.225000000000000089e+00 2.624999999999999556e+00 2.825000000000000178e+00 2.599999999999999645e+00 2.574999999999998845e+00 2.774999999999999023e+00 2.749999999999999112e+00 2.774999999999999023e+00 2.624999999999999556e+00 3.125000000000000000e+00 3.200000000000001066e+00 3.249999999999999556e+00 2.900000000000000355e+00 2.850000000000000089e+00 3.149999999999999911e+00 3.574999999999998845e+00 3.674999999999999822e+00 3.974999999999999201e+00 4.025000000000000355e+00 4.650000000000000355e+00
1.750000000000000000e+00 1.649999999999999689e+00 1.925000000000000044e+00 2.274999999999999911e+00 2.249999999999999556e+00 2.374999999999999112e+00 2.524999999999999911e+00 2.549999999999999822e+00 2.699999999999999289e+00 2.424999999999999822e+00 2.399999999999999911e+00 2.524999999999999911e+00 2.349999999999999645e+00 2.749999999999999112e+00 2.549999999999999822e+00 2.850000000000000089e+00 3.150000000000000355e+00 3.199999999999999734e+00 3.199999999999999734e+00 3.525000000000000355e+00
1.949999999999999956e+00 1.749999999999999778e+00 1.725000000000000311e+00 1.774999999999999689e+00 2.049999999999999822e+00 1.999999999999999556e+00 2.174999999999999822e+00 2.225000000000000089e+00 2.400000000000000355e+00 2.274999999999999467e+00 2.325000000000000178e+00 2.549999999999999822e+00 2.625000000000000000e+00 2.450000000000000178e+00 2.749999999999999556e+00 2.774999999999999467e+00 3.050000000000000266e+00 3.075000000000001066e+00 3.149999999999999467e+00 2.724999999999999201e+00
1.174999999999999822e+00 1.524999999999999689e+00 1.524999999999999911e+00 1.724999999999999645e+00 1.974999999999999867e+00 2.000000000000000000e+00 2.149999999999999911e+00 2.450000000000000178e+00 2.074999999999999734e+00 2.299999999999999822e+00 2.224999999999999645e+00 2.124999999999999112e+00 2.450000000000000178e+00 2.500000000000000444e+00 2.275000000000000355e+00 1.974999999999999867e+00 1.899999999999999911e+00 2.150000000000000355e+00 2.349999999999999645e+00 2.900000000000000799e+00
1.175000000000000266e+00 1.324999999999999512e+00 1.599999999999999423e+00 1.499999999999999778e+00 1.424999999999999822e+00 1.649999999999999467e+00 1.674999999999999600e+00 1.799999999999999600e+00 2.274999999999999911e+00 2.124999999999999556e+00 1.999999999999999778e+00 1.800000000000000044e+00 1.974999999999999645e+00 1.849999999999999423e+00 2.149999999999999023e+00 2.000000000000000444e+00 2.149999999999999023e+00 1.875000000000000222e+00 2.224999999999999645e+00 2.274999999999999467e+00
5.000000000000000000e-01 9.500000000000003997e-01 1.175000000000000044e+00 1.450000000000000178e+00 1.349999999999999867e+00 1.475000000000000089e+00 1.699999999999999734e+00 1.624999999999999334e+00 1.650000000000000133e+00 1.950000000000000178e+00 2.074999999999999734e+00 2.225000000000000089e+00 2.149999999999999467e+00 1.874999999999999778e+00 1.675000000000000266e+00 2.149999999999999911e+00 2.150000000000000355e+00 2.024999999999999467e+00 1.975000000000000089e+00 1.924999999999999378e+00
6.750000000000001554e-01 4.750000000000000888e-01 7.000000000000002887e-01 1.025000000000000133e+00 1.225000000000000089e+00 1.449999999999999512e+00 1.450000000000000178e+00 1.424999999999999822e+00 1.350000000000000089e+00 1.449999999999999734e+00 1.599999999999999867e+00 2.024999999999999467e+00 1.949999999999999956e+00 2.249999999999999556e+00 2.074999999999999734e+00 1.849999999999999645e+00 1.749999999999999556e+00 2.275000000000000355e+00 2.075000000000000178e+00 1.949999999999999956e+00
5.750000000000001776e-01 7.500000000000001110e-01 7.750000000000001332e-01 8.500000000000003109e-01 1.025000000000000133e+00 9.500000000000003997e-01 1.274999999999999911e+00 1.200000000000000178e+00 1.499999999999999778e+00 1.449999999999999956e+00 1.524999999999999911e+00 1.500000000000000222e+00 1.449999999999999734e+00 1.599999999999999645e+00 1.949999999999999512e+00 1.999999999999999556e+00 1.824999999999999956e+00 1.750000000000000222e+00 1.825000000000000178e+00 1.725000000000000089e+00
3.750000000000000555e-01 4.500000000000001221e-01 5.000000000000001110e-01 6.500000000000001332e-01 7.000000000000001776e-01 7.750000000000002442e-01 9.250000000000003775e-01 1.250000000000000222e+00 1.275000000000000355e+00 1.074999999999999956e+00 1.424999999999999822e+00 1.425000000000000044e+00 1.525000000000000355e+00 1.450000000000000178e+00 1.400000000000000133e+00 1.350000000000000311e+00 1.300000000000000266e+00 1.425000000000000044e+00 1.524999999999999467e+00 1.724999999999999867e+00
2.249999999999999778e-01 3.250000000000000111e-01 6.000000000000001998e-01 5.250000000000001332e-01 5.250000000000001332e-01 6.000000000000001998e-01 8.000000000000002665e-01 1.000000000000000222e+00 1.050000000000000266e+00 1.399999999999999689e+00 1.300000000000000266e+00 1.375000000000000000e+00 1.524999999999999911e+00 1.425000000000000044e+00 1.400000000000000133e+00 1.574999999999999956e+00 1.824999999999999512e+00 1.724999999999999423e+00 1.550000000000000266e+00 1.449999999999999956e+00
1.000000000000000056e-01 2.499999999999999722e-01 1.749999999999999889e-01 4.250000000000000999e-01 5.000000000000001110e-01 5.500000000000000444e-01 3.750000000000000555e-01 8.000000000000002665e-01 9.750000000000004219e-01 1.100000000000000311e+00 1.125000000000000000e+00 1.025000000000000355e+00 1.075000000000000178e+00 1.200000000000000400e+00 1.374999999999999778e+00 1.275000000000000133e+00 1.300000000000000044e+00 1.425000000000000266e+00 1.849999999999999867e+00 1.599999999999999423e+00
1.000000000000000056e-01 1.000000000000000056e-01 2.499999999999999722e-01 1.999999999999999833e-01 4.250000000000000444e-01 6.000000000000001998e-01 6.750000000000000444e-01 5.250000000000000222e-01 6.000000000000001998e-01 7.750000000000003553e-01 1.000000000000000444e+00 1.100000000000000089e+00 9.750000000000004219e-01 1.150000000000000133e+00 1.075000000000000178e+00 1.300000000000000044e+00 1.324999999999999956e+00 1.125000000000000000e+00 1.199999999999999956e+00 1.524999999999999467e+00
7.500000000000001110e-02 1.250000000000000000e-01 1.000000000000000056e-01 1.749999999999999889e-01 3.750000000000000000e-01 4.500000000000000666e-01 4.500000000000000666e-01 4.000000000000000222e-01 6.250000000000001110e-01 6.000000000000000888e-01 7.500000000000003331e-01 9.250000000000001554e-01 1.074999999999999956e+00 7.250000000000001998e-01 9.250000000000003775e-01 9.500000000000001776e-01 1.200000000000000400e+00 1.225000000000000311e+00 8.750000000000002220e-01 1.100000000000000311e+00
2.500000000000000139e-02 5.000000000000000278e-02 7.500000000000001110e-02 5.000000000000000278e-02 1.499999999999999944e-01 4.250000000000000999e-01 5.750000000000000666e-01 6.500000000000001332e-01 5.000000000000001110e-01 5.750000000000001776e-01 5.000000000000001110e-01 5.750000000000000666e-01 7.500000000000002220e-01 1.025000000000000355e+00 9.250000000000001554e-01 1.074999999999999956e+00 9.500000000000002887e-01 1.100000000000000089e+00 1.300000000000000266e+00 1.125000000000000000e+00
2.500000000000000139e-02 2.500000000000000139e-02 1.000000000000000056e-01 1.749999999999999889e-01 1.000000000000000056e-01 1.250000000000000000e-01 3.750000000000001110e-01 4.250000000000000999e-01 5.500000000000001554e-01 5.250000000000001332e-01 6.750000000000002665e-01 5.250000000000000222e-01 8.000000000000001554e-01 7.500000000000001110e-01 8.000000000000002665e-01 6.250000000000001110e-01 9.250000000000003775e-01 1.125000000000000222e+00 9.250000000000002665e-01 1.250000000000000222e+00
0.000000000000000000e+00 5.000000000000000278e-02 0.000000000000000000e+00 1.000000000000000056e-01 2.249999999999999778e-01 1.250000000000000000e-01 2.249999999999999778e-01 3.500000000000000333e-01 3.750000000000000555e-01 4.500000000000000666e-01 3.500000000000000333e-01 7.750000000000002442e-01 7.000000000000001776e-01 9.500000000000002887e-01 1.100000000000000089e+00 1.025000000000000133e+00 6.250000000000001110e-01 6.750000000000000444e-01 9.750000000000003109e-01 1.025000000000000133e+00
0.000000000000000000e+00 0.000000000000000000e+00 5.000000000000000278e-02 7.500000000000001110e-02 5.000000000000000278e-02 1.250000000000000000e-01 7.500000000000001110e-02 2.249999999999999778e-01 3.500000000000000888e-01 5.000000000000001110e-01 5.750000000000001776e-01 4.000000000000000777e-01 4.000000000000000777e-01 6.500000000000002442e-01 6.500000000000001332e-01 7.750000000000003553e-01 7.750000000000002442e-01 8.000000000000003775e-01 8.000000000000003775e-01 8.250000000000003997e-01
7.500000000000001110e-02 5.000000000000000278e-02 5.000000000000000278e-02 5.000000000000000278e-02 0.000000000000000000e+00 1.000000000000000056e-01 1.000000000000000056e-01 1.499999999999999944e-01 2.999999999999999889e-01 4.000000000000001332e-01 3.250000000000000111e-01 4.250000000000000444e-01 4.750000000000001443e-01 4.500000000000001776e-01 7.500000000000003331e-01 8.750000000000002220e-01 8.750000000000002220e-01 6.250000000000001110e-01 5.750000000000000666e-01 7.250000000000001998e-01
0.000000000000000000e+00 2.500000000000000139e-02 5.000000000000000278e-02 5.000000000000000278e-02 5.000000000000000278e-02 2.500000000000000139e-02 1.499999999999999944e-01 1.250000000000000000e-01 1.999999999999999833e-01 1.749999999999999889e-01 4.250000000000000999e-01 3.750000000000000555e-01 5.500000000000001554e-01 6.500000000000003553e-01 5.500000000000002665e-01 7.000000000000002887e-01 8.750000000000002220e-01 7.000000000000001776e-01 8.750000000000003331e-01 5.750000000000000666e-01
0.000000000000000000e+00 2.500000000000000139e-02 0.000000000000000000e+00 0.000000000000000000e+00 7.500000000000001110e-02 5.000000000000000278e-02 2.500000000000000139e-02 7.500000000000001110e-02 5.000000000000000278e-02 2.499999999999999722e-01 3.250000000000000111e-01 4.250000000000000999e-01 3.500000000000000888e-01 4.250000000000000999e-01 3.250000000000000666e-01 3.500000000000000333e-01 4.500000000000000111e-01 7.500000000000002220e-01 4.500000000000000111e-01 6.250000000000001110e-01
2.500000000000000139e-02 2.500000000000000139e-02 0.000000000000000000e+00 2.500000000000000139e-02 2.500000000000000139e-02 5.000000000000000278e-02 2.500000000000000139e-02 7.500000000000001110e-02 2.000000000000000111e-01 1.250000000000000000e-01 3.250000000000000666e-01 3.750000000000000555e-01 3.500000000000000333e-01 3.750000000000000555e-01 5.000000000000000000e-01 4.500000000000001776e-01 6.750000000000002665e-01 6.500000000000001332e-01 8.000000000000001554e-01 6.750000000000001554e-01
0.000000000000000000e+00 0.000000000000000000e+00 2.500000000000000139e-02 0.000000000000000000e+00 0.000000000000000000e+00 5.000000000000000278e-02 2.500000000000000139e-02 2.500000000000000139e-02 2.500000000000000139e-02 7.500000000000001110e-02 1.250000000000000000e-01 2.249999999999999778e-01 3.500000000000000333e-01 2.750000000000000222e-01 3.000000000000000444e-01 4.000000000000000222e-01 4.000000000000000777e-01 6.750000000000001554e-01 5.500000000000001554e-01 4.750000000000000888e-01
2.500000000000000139e-02 2.500000000000000139e-02 2.500000000000000139e-02 2.500000000000000139e-02 0.000000000000000000e+00 2.500000000000000139e-02 1.000000000000000056e-01 5.000000000000000278e-02 0.000000000000000000e+00 5.000000000000000278e-02 7.500000000000001110e-02 1.499999999999999944e-01 2.499999999999999722e-01 2.999999999999999889e-01 3.500000000000000333e-01 4.500000000000001221e-01 4.500000000000001221e-01 2.749999999999999667e-01 6.250000000000002220e-01 6.000000000000000888e-01
0.000000000000000000e+00 0.000000000000000000e+00 2.500000000000000139e-02 0.000000000000000000e+00 2.500000000000000139e-02 0.000000000000000000e+00 0.000000000000000000e+00 5.000000000000000278e-02 5.000000000000000278e-02 1.000000000000000056e-01 1.000000000000000056e-01 2.249999999999999778e-01 2.000000000000000111e-01 2.499999999999999722e-01 2.749999999999999667e-01 3.500000000000000333e-01 3.499999999999999778e-01 5.000000000000000000e-01 3.500000000000000888e-01 5.750000000000001776e-01
0.000000000000000000e+00 0.000000000000000000e+00 0.000000000000000000e+00 2.500000000000000139e-02 2.500000000000000139e-02 2.500000000000000139e-02 0.000000000000000000e+00 5.000000000000000278e-02 7.500000000000001110e-02 2.500000000000000139e-02 7.500000000000001110e-02 1.000000000000000056e-01 1.999999999999999833e-01 2.749999999999999667e-01 3.500000000000000888e-01 2.249999999999999778e-01 3.500000000000000888e-01 5.250000000000000222e-01 5.250000000000002442e-01 4.500000000000001776e-01
0.000000000000000000e+00 0.000000000000000000e+00 0.000000000000000000e+00 0.000000000000000000e+00 2.500000000000000139e-02 2.500000000000000139e-02 0.000000000000000000e+00 0.000000000000000000e+00 2.500000000000000139e-02 5.000000000000000278e-02 2.500000000000000139e-02 1.000000000000000056e-01 2.250000000000000056e-01 2.500000000000000000e-01 1.999999999999999833e-01 4.000000000000000777e-01 2.999999999999999889e-01 2.500000000000000000e-01 6.000000000000001998e-01 4.750000000000001443e-01
2.500000000000000139e-02 0.000000000000000000e+00 0.000000000000000000e+00 2.500000000000000139e-02 0.000000000000000000e+00 2.500000000000000139e-02 5.000000000000000278e-02 2.500000000000000139e-02 2.500000000000000139e-02 5.000000000000000278e-02 7.500000000000001110e-02 2.500000000000000139e-02 7.500000000000001110e-02 1.499999999999999944e-01 2.999999999999999889e-01 2.249999999999999778e-01 3.750000000000000000e-01 4.000000000000000222e-01 3.500000000000000333e-01 6.000000000000001998e-01
0.000000000000000000e+00 2.500000000000000139e-02 2.500000000000000139e-02 0.000000000000000000e+00 0.000000000000000000e+00 0.000000000000000000e+00 2.500000000000000139e-02 2.500000000000000139e-02 2.500000000000000139e-02 2.500000000000000139e-02 2.500000000000000139e-02 5.000000000000000278e-02 5.000000000000000278e-02 1.000000000000000056e-01 2.000000000000000111e-01 1.999999999999999833e-01 2.250000000000000056e-01 4.000000000000000777e-01 3.500000000000000333e-01 3.750000000000000555e-01
0.000000000000000000e+00 0.000000000000000000e+00 0.000000000000000000e+00 2.500000000000000139e-02 2.500000000000000139e-02 0.000000000000000000e+00 0.000000000000000000e+00 2.500000000000000139e-02 2.500000000000000139e-02 0.000000000000000000e+00 0.000000000000000000e+00 0.000000000000000000e+00 2.500000000000000139e-02 1.499999999999999944e-01 1.000000000000000056e-01 2.499999999999999722e-01 2.999999999999999889e-01 2.249999999999999778e-01 2.249999999999999778e-01 3.000000000000000444e-01
0.000000000000000000e+00 0.000000000000000000e+00 0.000000000000000000e+00 0.000000000000000000e+00 2.500000000000000139e-02 2.500000000000000139e-02 2.500000000000000139e-02 0.000000000000000000e+00 0.000000000000000000e+00 2.500000000000000139e-02 0.000000000000000000e+00 5.000000000000000278e-02 0.000000000000000000e+00 2.500000000000000139e-02 1.749999999999999889e-01 2.249999999999999778e-01 1.000000000000000056e-01 2.500000000000000000e-01 3.500000000000000333e-01 2.250000000000000056e-01
0.000000000000000000e+00 0.000000000000000000e+00 0.000000000000000000e+00 0.000000000000000000e+00 0.000000000000000000e+00 2.500000000000000139e-02 2.500000000000000139e-02 5.000000000000000278e-02 5.000000000000000278e-02 5.000000000000000278e-02 7.500000000000001110e-02 0.000000000000000000e+00 5.000000000000000278e-02 5.000000000000000278e-02 2.500000000000000139e-02 1.250000000000000000e-01 1.499999999999999944e-01 7.500000000000001110e-02 2.749999999999999667e-01 3.750000000000001110e-01
0.000000000000000000e+00 0.000000000000000000e+00 0.000000000000000000e+00 0.000000000000000000e+00 0.000000000000000000e+00 0.000000000000000000e+00 0.000000000000000000e+00 0.000000000000000000e+00 2.500000000000000139e-02 2.500000000000000139e-02 2.500000000000000139e-02 0.000000000000000000e+00 2.500000000000000139e-02 0.000000000000000000e+00 7.500000000000001110e-02 1.000000000000000056e-01 1.499999999999999944e-01 1.750000000000000167e-01 1.250000000000000000e-01 3.250000000000000111e-01
0.000000000000000000e+00 0.000000000000000000e+00 0.000000000000000000e+00 0.000000000000000000e+00 0.000000000000000000e+00 0.000000000000000000e+00 0.000000000000000000e+00 0.000000000000000000e+00 0.000000000000000000e+00 2.500000000000000139e-02 0.000000000000000000e+00 2.500000000000000139e-02 2.500000000000000139e-02 2.500000000000000139e-02 0.000000000000000000e+00 2.500000000000000139e-02 1.000000000000000056e-01 2.249999999999999778e-01 2.499999999999999722e-01 1.749999999999999889e-01
0.000000000000000000e+00 0.000000000000000000e+00 0.000000000000000000e+00 0.000000000000000000e+00 0.000000000000000000e+00 0.000000000000000000e+00 0.000000000000000000e+00 0.000000000000000000e+00 0.000000000000000000e+00 0.000000000000000000e+00 2.500000000000000139e-02 7.500000000000001110e-02 0.000000000000000000e+00 5.000000000000000278e-02 2.500000000000000139e-02 0.000000000000000000e+00 1.499999999999999944e-01 1.499999999999999944e-01 1.000000000000000056e-01 2.750000000000000222e-01
0.000000000000000000e+00 0.000000000000000000e+00 0.000000000000000000e+00 0.000000000000000000e+00 0.000000000000000000e+00 0.000000000000000000e+00 0.000000000000000000e+00 0.000000000000000000e+00 0.000000000000000000e+00 0.000000000000000000e+00 0.000000000000000000e+00 2.500000000000000139e-02 2.500000000000000139e-02 0.000000000000000000e+00 7.500000000000001110e-02 7.500000000000001110e-02 7.500000000000001110e-02 1.250000000000000000e-01 1.749999999999999889e-01 1.749999999999999889e-01
0.000000000000000000e+00 0.000000000000000000e+00 0.000000000000000000e+00 0.000000000000000000e+00 0.000000000000000000e+00 0.000000000000000000e+00 0.000000000000000000e+00 0.000000000000000000e+00 0.000000000000000000e+00 0.000000000000000000e+00 2.500000000000000139e-02 0.000000000000000000e+00 1.000000000000000056e-01 0.000000000000000000e+00 0.000000000000000000e+00 5.000000000000000278e-02 5.000000000000000278e-02 5.000000000000000278e-02 1.499999999999999944e-01 1.250000000000000000e-01
0.000000000000000000e+00 0.000000000000000000e+00 0.000000000000000000e+00 0.000000000000000000e+00 0.000000000000000000e+00 0.000000000000000000e+00 0.000000000000000000e+00 0.000000000000000000e+00 0.000000000000000000e+00 0.000000000000000000e+00 0.000000000000000000e+00 2.500000000000000139e-02 0.000000000000000000e+00 0.000000000000000000e+00 0.000000000000000000e+00 5.000000000000000278e-02 2.500000000000000139e-02 1.000000000000000056e-01 1.250000000000000000e-01 1.250000000000000000e-01
0.000000000000000000e+00 0.000000000000000000e+00 0.000000000000000000e+00 0.000000000000000000e+00 0.000000000000000000e+00 0.000000000000000000e+00 0.000000000000000000e+00 0.000000000000000000e+00 0.000000000000000000e+00 0.000000000000000000e+00 0.000000000000000000e+00 0.000000000000000000e+00 0.000000000000000000e+00 1.000000000000000056e-01 5.000000000000000278e-02 0.000000000000000000e+00 5.000000000000000278e-02 0.000000000000000000e+00 1.000000000000000056e-01 1.499999999999999944e-01
0.000000000000000000e+00 0.000000000000000000e+00 0.000000000000000000e+00 0.000000000000000000e+00 0.000000000000000000e+00 0.000000000000000000e+00 0.000000000000000000e+00 0.000000000000000000e+00 0.000000000000000000e+00 0.000000000000000000e+00 0.000000000000000000e+00 0.000000000000000000e+00 2.500000000000000139e-02 2.500000000000000139e-02 7.500000000000001110e-02 7.500000000000001110e-02 1.000000000000000056e-01 7.500000000000001110e-02 7.500000000000001110e-02 1.250000000000000000e-01
0.000000000000000000e+00 0.000000000000000000e+00 0.000000000000000000e+00 0.000000000000000000e+00 0.000000000000000000e+00 0.000000000000000000e+00 0.000000000000000000e+00 0.000000000000000000e+00 0.000000000000000000e+00 0.000000000000000000e+00 0.000000000000000000e+00 0.000000000000000000e+00 0.000000000000000000e+00 5.000000000000000278e-02 5.000000000000000278e-02 0.000000000000000000e+00 2.500000000000000139e-02 7.500000000000001110e-02 0.000000000000000000e+00 1.000000000000000056e-01
0.000000000000000000e+00 0.000000000000000000e+00 0.000000000000000000e+00 0.000000000000000000e+00 0.000000000000000000e+00 0.000000000000000000e+00 0.000000000000000000e+00 0.000000000000000000e+00 0.000000000000000000e+00 0.000000000000000000e+00 0.000000000000000000e+00 0.000000000000000000e+00 0.000000000000000000e+00 0.000000000000000000e+00 0.000000000000000000e+00 2.500000000000000139e-02 2.500000000000000139e-02 0.000000000000000000e+00 5.000000000000000278e-02 5.000000000000000278e-02
0.000000000000000000e+00 0.000000000000000000e+00 0.000000000000000000e+00 0.000000000000000000e+00 0.000000000000000000e+00 0.000000000000000000e+00 0.000000000000000000e+00 0.000000000000000000e+00 0.000000000000000000e+00 0.000000000000000000e+00 0.000000000000000000e+00 0.000000000000000000e+00 0.000000000000000000e+00 0.000000000000000000e+00 0.000000000000000000e+00 2.500000000000000139e-02 2.500000000000000139e-02 7.500000000000001110e-02 5.000000000000000278e-02 1.250000000000000000e-01
0.000000000000000000e+00 0.000000000000000000e+00 0.000000000000000000e+00 0.000000000000000000e+00 0.000000000000000000e+00 0.000000000000000000e+00 0.000000000000000000e+00 0.000000000000000000e+00 0.000000000000000000e+00 0.000000000000000000e+00 0.000000000000000000e+00 0.000000000000000000e+00 0.000000000000000000e+00 0.000000000000000000e+00 0.000000000000000000e+00 2.500000000000000139e-02 2.500000000000000139e-02 2.500000000000000139e-02 2.500000000000000139e-02 2.500000000000000139e-02
0.000000000000000000e+00 0.000000000000000000e+00 0.000000000000000000e+00 0.000000000000000000e+00 0.000000000000000000e+00 0.000000000000000000e+00 0.000000000000000000e+00 0.000000000000000000e+00 0.000000000000000000e+00 0.000000000000000000e+00 0.000000000000000000e+00 0.000000000000000000e+00 0.000000000000000000e+00 0.000000000000000000e+00 0.000000000000000000e+00 2.500000000000000139e-02 2.500000000000000139e-02 2.500000000000000139e-02 1.000000000000000056e-01 2.500000000000000139e-02
0.000000000000000000e+00 0.000000000000000000e+00 0.000000000000000000e+00 0.000000000000000000e+00 0.000000000000000000e+00 0.000000000000000000e+00 0.000000000000000000e+00 0.000000000000000000e+00 0.000000000000000000e+00 0.000000000000000000e+00 0.000000000000000000e+00 0.000000000000000000e+00 0.000000000000000000e+00 0.000000000000000000e+00 0.000000000000000000e+00 0.000000000000000000e+00 0.000000000000000000e+00 0.000000000000000000e+00 0.000000000000000000e+00 5.000000000000000278e-02
0.000000000000000000e+00 0.000000000000000000e+00 0.000000000000000000e+00 0.000000000000000000e+00 0.000000000000000000e+00 0.000000000000000000e+00 0.000000000000000000e+00 0.000000000000000000e+00 0.000000000000000000e+00 0.000000000000000000e+00 0.000000000000000000e+00 0.000000000000000000e+00 0.000000000000000000e+00 0.000000000000000000e+00 2.500000000000000139e-02 0.000000000000000000e+00 2.500000000000000139e-02 2.500000000000000139e-02 5.000000000000000278e-02 5.000000000000000278e-02
0.000000000000000000e+00 0.000000000000000000e+00 0.000000000000000000e+00 0.000000000000000000e+00 0.000000000000000000e+00 0.000000000000000000e+00 0.000000000000000000e+00 0.000000000000000000e+00 0.000000000000000000e+00 0.000000000000000000e+00 0.000000000000000000e+00 0.000000000000000000e+00 0.000000000000000000e+00 0.000000000000000000e+00 0.000000000000000000e+00 2.500000000000000139e-02 2.500000000000000139e-02 2.500000000000000139e-02 0.000000000000000000e+00 0.000000000000000000e+00
0.000000000000000000e+00 0.000000000000000000e+00 0.000000000000000000e+00 0.000000000000000000e+00 0.000000000000000000e+00 0.000000000000000000e+00 0.000000000000000000e+00 0.000000000000000000e+00 0.000000000000000000e+00 0.000000000000000000e+00 0.000000000000000000e+00 0.000000000000000000e+00 0.000000000000000000e+00 0.000000000000000000e+00 0.000000000000000000e+00 0.000000000000000000e+00 0.000000000000000000e+00 2.500000000000000139e-02 0.000000000000000000e+00 2.500000000000000139e-02
0.000000000000000000e+00 0.000000000000000000e+00 0.000000000000000000e+00 0.000000000000000000e+00 0.000000000000000000e+00 0.000000000000000000e+00 0.000000000000000000e+00 0.000000000000000000e+00 0.000000000000000000e+00 0.000000000000000000e+00 0.000000000000000000e+00 0.000000000000000000e+00 0.000000000000000000e+00 0.000000000000000000e+00 0.000000000000000000e+00 0.000000000000000000e+00 0.000000000000000000e+00 2.500000000000000139e-02 0.000000000000000000e+00 2.500000000000000139e-02
0.000000000000000000e+00 0.000000000000000000e+00 0.000000000000000000e+00 0.000000000000000000e+00 0.000000000000000000e+00 0.000000000000000000e+00 0.000000000000000000e+00 0.000000000000000000e+00 0.000000000000000000e+00 0.000000000000000000e+00 0.000000000000000000e+00 0.000000000000000000e+00 0.000000000000000000e+00 0.000000000000000000e+00 0.000000000000000000e+00 0.000000000000000000e+00 0.000000000000000000e+00 0.000000000000000000e+00 7.500000000000001110e-02 2.500000000000000139e-02
0.000000000000000000e+00 0.000000000000000000e+00 0.000000000000000000e+00 0.000000000000000000e+00 0.000000000000000000e+00 0.000000000000000000e+00 0.000000000000000000e+00 0.000000000000000000e+00 0.000000000000000000e+00 0.000000000000000000e+00 0.000000000000000000e+00 0.000000000000000000e+00 0.000000000000000000e+00 0.000000000000000000e+00 0.000000000000000000e+00 0.000000000000000000e+00 0.000000000000000000e+00 0.000000000000000000e+00 0.000000000000000000e+00 2.500000000000000139e-02
0.000000000000000000e+00 0.000000000000000000e+00 0.000000000000000000e+00 0.000000000000000000e+00 0.000000000000000000e+00 0.000000000000000000e+00 0.000000000000000000e+00 0.000000000000000000e+00 0.000000000000000000e+00 0.000000000000000000e+00 0.000000000000000000e+00 0.000000000000000000e+00 0.000000000000000000e+00 0.000000000000000000e+00 0.000000000000000000e+00 0.000000000000000000e+00 0.000000000000000000e+00 0.000000000000000000e+00 2.500000000000000139e-02 0.000000000000000000e+00
0.000000000000000000e+00 0.000000000000000000e+00 0.000000000000000000e+00 0.000000000000000000e+00 0.000000000000000000e+00 0.000000000000000000e+00 0.000000000000000000e+00 0.000000000000000000e+00 0.000000000000000000e+00 0.000000000000000000e+00 0.000000000000000000e+00 0.000000000000000000e+00 0.000000000000000000e+00 0.000000000000000000e+00 0.000000000000000000e+00 0.000000000000000000e+00 0.000000000000000000e+00 0.000000000000000000e+00 0.000000000000000000e+00 2.500000000000000139e-02
0.000000000000000000e+00 0.000000000000000000e+00 0.000000000000000000e+00 0.000000000000000000e+00 0.000000000000000000e+00 0.000000000000000000e+00 0.000000000000000000e+00 0.000000000000000000e+00 0.000000000000000000e+00 0.000000000000000000e+00 0.000000000000000000e+00 0.000000000000000000e+00 0.000000000000000000e+00 0.000000000000000000e+00 0.000000000000000000e+00 0.000000000000000000e+00 0.000000000000000000e+00 0.000000000000000000e+00 0.000000000000000000e+00 2.500000000000000139e-02
