7.016621270781815602e-04 7.365134246351720234e-04 7.730957732130631400e-04 8.114951534738963201e-04 8.518018167072998912e-04 8.941104969509800849e-04 9.385206336471497036e-04 9.851366053582289936e-04 1.034067975091111430e-03 1.085429747806598713e-03 1.139342640719231579e-03 1.195933367022817455e-03 1.255334933708490610e-03 1.317686954175293886e-03 1.383135976368009192e-03 1.451835827213469876e-03 1.523947974164901846e-03 1.599641904704031696e-03 1.679095524692928235e-03 1.762495576511834573e-03
8.311499999999999773e+02 8.166749999999999545e+02 8.020000000000001137e+02 7.891750000000001819e+02 7.761999999999998181e+02 7.628249999999999318e+02 7.495249999999999773e+02 7.348999999999997499e+02 7.221750000000000682e+02 7.094500000000001592e+02 6.969249999999999545e+02 6.835000000000000000e+02 6.700000000000000000e+02 6.575999999999999091e+02 6.456250000000000000e+02 6.341500000000002046e+02 6.222749999999998636e+02 6.102499999999997726e+02 5.984750000000000227e+02 5.867250000000000227e+02
1.182825000000000045e+03 1.179999999999999773e+03 1.178250000000000000e+03 1.175149999999999864e+03 1.172375000000000227e+03 1.168575000000000273e+03 1.165025000000000318e+03 1.164250000000000227e+03 1.161450000000000273e+03 1.159250000000000000e+03 1.155450000000000273e+03 1.152274999999999864e+03 1.149174999999999955e+03 1.145450000000000045e+03 1.142275000000000091e+03 1.138250000000000000e+03 1.135099999999999682e+03 1.131424999999999955e+03 1.127475000000000136e+03 1.123424999999999727e+03
6.985750000000000455e+02 7.026999999999999318e+02 7.068999999999998636e+02 7.099750000000003638e+02 7.129749999999999091e+02 7.167999999999998408e+02 7.214249999999999545e+02 7.236000000000001364e+02 7.259499999999999318e+02 7.279499999999999318e+02 7.320749999999999318e+02 7.371000000000001364e+02 7.417250000000000227e+02 7.443750000000000000e+02 7.477749999999999773e+02 7.508750000000001137e+02 7.531999999999999318e+02 7.561000000000001364e+02 7.607749999999999773e+02 7.645499999999999545e+02
3.394500000000000455e+02 3.426499999999999204e+02 3.463750000000000568e+02 3.505250000000000341e+02 3.547250000000001364e+02 3.585749999999999318e+02 3.612000000000001023e+02 3.656250000000001137e+02 3.700999999999999659e+02 3.735500000000001251e+02 3.759499999999999886e+02 3.783499999999999659e+02 3.821499999999999773e+02 3.862499999999999432e+02 3.887999999999999545e+02 3.927000000000001023e+02 3.961499999999999773e+02 3.992000000000000455e+02 4.012999999999999545e+02 4.047250000000000227e+02
1.654750000000000227e+02 1.684999999999999716e+02 1.701750000000000398e+02 1.712500000000000284e+02 1.731750000000000398e+02 1.755749999999999886e+02 1.785999999999999375e+02 1.803749999999999432e+02 1.816250000000000000e+02 1.843999999999999773e+02 1.873750000000000284e+02 1.896750000000000114e+02 1.914499999999999886e+02 1.936750000000000114e+02 1.962999999999999829e+02 1.979749999999999659e+02 2.000999999999999943e+02 2.026250000000000000e+02 2.050000000000000284e+02 2.064499999999999886e+02
8.875000000000001421e+01 8.897500000000000853e+01 8.972499999999998010e+01 9.202499999999997726e+01 9.392499999999999716e+01 9.542499999999999716e+01 9.642499999999999716e+01 9.735000000000000853e+01 1.000000000000000142e+02 1.016499999999999773e+02 1.038000000000000256e+02 1.046750000000000114e+02 1.053249999999999886e+02 1.069499999999999886e+02 1.082750000000000199e+02 1.098250000000000171e+02 1.114000000000000341e+02 1.135250000000000057e+02 1.148750000000000000e+02 1.168250000000000028e+02
5.357500000000000995e+01 5.485000000000000142e+01 5.614999999999999858e+01 5.657500000000000284e+01 5.705000000000001847e+01 5.815000000000001990e+01 5.902499999999999858e+01 6.057500000000001705e+01 6.045000000000000284e+01 6.050000000000001421e+01 6.057499999999999574e+01 6.162499999999999289e+01 6.307500000000003126e+01 6.407500000000000284e+01 6.502499999999999147e+01 6.632500000000000284e+01 6.767499999999999716e+01 6.867500000000002558e+01 6.934999999999999432e+01 6.954999999999999716e+01
3.392499999999999716e+01 3.552499999999999147e+01 3.610000000000000142e+01 3.727499999999999858e+01 3.822500000000000142e+01 3.872500000000000142e+01 3.897500000000000142e+01 3.972499999999999432e+01 4.102499999999999858e+01 4.220000000000000284e+01 4.300000000000000711e+01 4.424999999999999289e+01 4.462499999999999289e+01 4.495000000000000284e+01 4.535000000000000853e+01 4.564999999999999858e+01 4.592500000000000426e+01 4.604999999999998295e+01 4.672499999999999432e+01 4.822500000000000853e+01
2.339999999999999858e+01 2.380000000000000426e+01 2.507500000000000639e+01 2.545000000000000284e+01 2.600000000000000355e+01 2.689999999999999858e+01 2.822499999999999787e+01 2.842499999999999716e+01 2.850000000000000000e+01 2.937500000000000355e+01 2.900000000000000711e+01 2.882499999999999574e+01 2.889999999999999858e+01 3.012499999999999645e+01 3.052499999999999503e+01 3.079999999999999716e+01 3.100000000000000355e+01 3.162499999999999645e+01 3.217499999999999716e+01 3.219999999999999574e+01
1.597500000000000142e+01 1.677499999999999503e+01 1.662499999999999645e+01 1.739999999999999858e+01 1.752499999999999503e+01 1.775000000000000000e+01 1.814999999999999858e+01 1.930000000000000426e+01 2.025000000000000000e+01 1.977499999999999858e+01 2.075000000000000711e+01 2.169999999999999574e+01 2.207500000000000284e+01 2.194999999999999929e+01 2.262500000000000000e+01 2.330000000000000071e+01 2.404999999999999716e+01 2.440000000000000213e+01 2.469999999999999574e+01 2.520000000000000639e+01
1.375000000000000355e+01 1.375000000000000000e+01 1.402499999999999858e+01 1.392500000000000071e+01 1.427500000000000036e+01 1.449999999999999822e+01 1.465000000000000213e+01 1.442499999999999893e+01 1.482500000000000107e+01 1.612500000000000000e+01 1.669999999999999929e+01 1.695000000000000284e+01 1.782499999999999929e+01 1.855000000000000071e+01 1.822499999999999787e+01 1.819999999999999929e+01 1.832499999999999929e+01 1.842500000000000071e+01 1.890000000000000213e+01 1.902499999999999858e+01
9.825000000000001066e+00 9.824999999999997513e+00 1.019999999999999929e+01 1.060000000000000142e+01 1.040000000000000213e+01 1.062500000000000178e+01 1.039999999999999858e+01 1.097500000000000142e+01 1.099999999999999645e+01 1.107499999999999929e+01 1.150000000000000000e+01 1.167500000000000426e+01 1.210000000000000142e+01 1.219999999999999396e+01 1.320000000000000107e+01 1.359999999999999964e+01 1.407500000000000107e+01 1.422500000000000142e+01 1.482500000000000284e+01 1.512500000000000178e+01
8.150000000000000355e+00 8.724999999999999645e+00 8.900000000000000355e+00 8.725000000000001421e+00 9.074999999999999289e+00 9.200000000000001066e+00 9.625000000000003553e+00 9.425000000000000711e+00 9.175000000000000711e+00 9.025000000000000355e+00 8.800000000000000711e+00 9.449999999999995737e+00 9.724999999999997868e+00 9.975000000000001421e+00 9.974999999999999645e+00 9.999999999999998224e+00 1.025000000000000178e+01 1.072499999999999787e+01 1.057499999999999929e+01 1.112500000000000000e+01
6.275000000000000355e+00 6.225000000000001421e+00 6.350000000000000533e+00 6.924999999999999822e+00 6.675000000000000711e+00 6.924999999999998934e+00 6.974999999999999645e+00 7.474999999999999645e+00 7.774999999999998579e+00 7.599999999999999645e+00 7.849999999999998757e+00 7.375000000000000000e+00 8.049999999999998934e+00 7.775000000000000355e+00 8.224999999999997868e+00 8.724999999999997868e+00 8.849999999999999645e+00 9.349999999999997868e+00 9.574999999999997513e+00 9.524999999999998579e+00
5.374999999999999112e+00 5.599999999999999645e+00 5.650000000000000355e+00 5.374999999999998224e+00 5.824999999999999289e+00 5.675000000000000711e+00 5.875000000000000888e+00 5.950000000000001066e+00 6.175000000000000711e+00 6.749999999999999112e+00 7.349999999999997868e+00 7.599999999999999645e+00 6.800000000000001599e+00 7.224999999999999645e+00 7.075000000000000178e+00 7.224999999999998757e+00 7.549999999999998046e+00 7.425000000000003375e+00 7.350000000000001421e+00 7.049999999999998934e+00
4.275000000000001243e+00 4.375000000000000000e+00 5.075000000000000178e+00 5.500000000000000000e+00 5.650000000000001243e+00 5.674999999999999822e+00 5.775000000000000355e+00 5.325000000000001954e+00 5.600000000000001421e+00 5.500000000000001776e+00 5.299999999999999822e+00 5.450000000000001066e+00 5.799999999999999822e+00 5.700000000000000178e+00 5.550000000000001599e+00 5.624999999999998224e+00 5.674999999999998934e+00 5.949999999999998401e+00 6.324999999999998401e+00 7.050000000000000711e+00
3.475000000000000089e+00 3.425000000000000266e+00 3.325000000000000178e+00 3.274999999999999911e+00 3.649999999999999467e+00 4.475000000000000533e+00 4.475000000000000533e+00 4.650000000000000355e+00 4.575000000000000178e+00 4.424999999999999822e+00 4.350000000000000533e+00 4.175000000000001599e+00 4.225000000000000533e+00 4.625000000000000000e+00 5.124999999999999112e+00 5.275000000000000355e+00 5.474999999999999645e+00 5.400000000000001243e+00 5.025000000000000355e+00 4.975000000000000533e+00
3.375000000000000000e+00 3.249999999999999112e+00 2.974999999999999201e+00 3.425000000000000266e+00 3.225000000000000977e+00 3.075000000000001066e+00 3.675000000000000711e+00 3.825000000000001066e+00 3.675000000000000266e+00 4.074999999999999289e+00 4.075000000000001066e+00 4.500000000000000888e+00 4.525000000000000355e+00 4.100000000000000533e+00 4.099999999999999645e+00 4.150000000000000355e+00 4.350000000000001421e+00 4.624999999999999112e+00 4.874999999999999112e+00 5.150000000000000355e+00
2.574999999999998401e+00 3.375000000000000000e+00 2.949999999999999289e+00 2.850000000000000089e+00 2.975000000000000089e+00 2.774999999999999467e+00 3.174999999999999378e+00 3.324999999999999289e+00 3.575000000000000622e+00 3.549999999999999378e+00 3.499999999999999556e+00 3.475000000000000533e+00 3.600000000000000533e+00 4.124999999999999112e+00 3.824999999999999734e+00 3.525000000000000355e+00 3.474999999999999645e+00 3.774999999999999911e+00 3.875000000000000888e+00 3.950000000000000622e+00
1.874999999999999778e+00 1.875000000000000222e+00 2.900000000000000355e+00 2.599999999999999645e+00 2.749999999999998668e+00 2.799999999999999822e+00 2.324999999999999734e+00 2.699999999999999289e+00 2.625000000000000000e+00 2.675000000000000266e+00 3.174999999999999822e+00 3.174999999999999378e+00 3.375000000000000000e+00 3.324999999999999289e+00 3.574999999999999734e+00 3.724999999999999645e+00 3.375000000000000000e+00 3.125000000000001332e+00 3.525000000000000799e+00 3.550000000000000266e+00
1.874999999999999334e+00 1.924999999999999600e+00 2.025000000000000355e+00 2.425000000000000266e+00 2.150000000000000355e+00 2.475000000000000089e+00 2.524999999999999911e+00 2.624999999999999112e+00 3.025000000000000355e+00 2.899999999999999911e+00 2.724999999999999201e+00 2.799999999999999822e+00 2.999999999999999556e+00 2.825000000000000178e+00 2.799999999999999378e+00 2.799999999999999822e+00 2.774999999999999911e+00 2.874999999999999556e+00 2.849999999999999645e+00 3.000000000000000000e+00
1.375000000000000444e+00 1.425000000000000044e+00 1.399999999999999689e+00 1.724999999999999645e+00 2.149999999999999023e+00 2.099999999999999645e+00 2.024999999999999911e+00 1.849999999999999645e+00 2.074999999999999734e+00 2.349999999999999201e+00 2.399999999999999467e+00 2.675000000000000266e+00 2.324999999999999289e+00 2.600000000000000533e+00 2.974999999999999645e+00 3.224999999999999645e+00 3.250000000000000444e+00 3.074999999999998845e+00 2.975000000000000533e+00 2.725000000000000089e+00
1.375000000000000000e+00 1.500000000000000000e+00 1.550000000000000044e+00 1.424999999999999822e+00 1.524999999999999689e+00 1.625000000000000222e+00 1.999999999999999778e+00 2.024999999999999911e+00 1.774999999999999689e+00 1.899999999999999911e+00 2.224999999999999201e+00 2.424999999999999822e+00 2.024999999999999911e+00 1.975000000000000089e+00 1.924999999999999822e+00 2.325000000000000178e+00 2.649999999999999911e+00 2.575000000000000178e+00 2.674999999999999378e+00 2.649999999999999911e+00
8.500000000000003109e-01 1.000000000000000222e+00 1.199999999999999956e+00 1.324999999999999956e+00 1.199999999999999512e+00 1.424999999999999600e+00 1.449999999999999512e+00 1.825000000000000178e+00 1.649999999999999689e+00 1.749999999999999556e+00 1.799999999999999600e+00 1.650000000000000133e+00 2.050000000000000266e+00 2.250000000000000000e+00 2.200000000000000178e+00 1.750000000000000000e+00 1.999999999999999778e+00 2.174999999999998934e+00 2.125000000000000444e+00 2.450000000000000178e+00
6.250000000000000000e-01 8.500000000000004219e-01 1.075000000000000178e+00 1.324999999999999734e+00 1.400000000000000133e+00 1.324999999999999956e+00 1.424999999999999600e+00 1.299999999999999822e+00 1.400000000000000355e+00 1.674999999999999822e+00 1.600000000000000089e+00 1.774999999999999689e+00 1.974999999999999201e+00 2.124999999999999556e+00 1.949999999999999734e+00 1.975000000000000089e+00 1.849999999999999867e+00 1.925000000000000266e+00 2.049999999999999822e+00 2.074999999999999289e+00
4.500000000000000666e-01 6.750000000000001554e-01 6.750000000000001554e-01 8.000000000000002665e-01 1.174999999999999822e+00 1.449999999999999512e+00 1.374999999999999556e+00 1.349999999999999867e+00 1.349999999999999867e+00 1.250000000000000222e+00 1.574999999999999734e+00 1.499999999999999334e+00 1.750000000000000000e+00 1.599999999999999423e+00 2.099999999999999645e+00 2.099999999999999201e+00 1.949999999999999734e+00 1.674999999999999822e+00 1.824999999999999734e+00 1.824999999999999956e+00
3.250000000000000111e-01 5.000000000000001110e-01 6.000000000000000888e-01 5.250000000000000222e-01 9.500000000000005107e-01 9.000000000000002442e-01 1.025000000000000355e+00 1.274999999999999911e+00 1.374999999999999556e+00 1.474999999999999867e+00 1.224999999999999645e+00 1.324999999999999956e+00 1.399999999999999911e+00 1.500000000000000000e+00 1.375000000000000222e+00 1.574999999999999956e+00 1.699999999999999956e+00 1.749999999999999778e+00 1.600000000000000089e+00 1.675000000000000044e+00
3.499999999999999778e-01 3.250000000000000111e-01 5.500000000000001554e-01 6.250000000000002220e-01 5.250000000000001332e-01 9.250000000000003775e-01 9.250000000000003775e-01 8.750000000000003331e-01 1.224999999999999423e+00 1.324999999999999956e+00 1.324999999999999734e+00 1.250000000000000000e+00 1.125000000000000666e+00 1.350000000000000089e+00 1.524999999999999467e+00 1.424999999999999600e+00 1.475000000000000311e+00 1.699999999999999956e+00 1.774999999999999911e+00 1.549999999999999822e+00
2.250000000000000056e-01 1.000000000000000056e-01 1.749999999999999889e-01 5.500000000000001554e-01 3.500000000000000888e-01 4.500000000000000111e-01 8.750000000000002220e-01 9.500000000000003997e-01 8.750000000000004441e-01 9.250000000000001554e-01 1.199999999999999956e+00 1.300000000000000044e+00 1.199999999999999956e+00 1.150000000000000355e+00 1.150000000000000133e+00 1.300000000000000266e+00 1.100000000000000089e+00 1.324999999999999956e+00 1.424999999999999600e+00 1.350000000000000311e+00
1.999999999999999833e-01 4.000000000000000777e-01 3.250000000000000666e-01 2.999999999999999889e-01 5.250000000000001332e-01 3.750000000000000555e-01 6.500000000000002442e-01 9.000000000000001332e-01 9.250000000000002665e-01 7.750000000000002442e-01 8.500000000000001998e-01 1.150000000000000133e+00 1.199999999999999734e+00 1.224999999999999867e+00 9.500000000000001776e-01 1.324999999999999734e+00 1.375000000000000000e+00 1.400000000000000133e+00 1.299999999999999822e+00 1.350000000000000089e+00
1.499999999999999944e-01 2.249999999999999778e-01 2.250000000000000056e-01 3.250000000000000111e-01 4.249999999999999889e-01 5.500000000000001554e-01 4.500000000000001776e-01 5.750000000000001776e-01 8.750000000000003331e-01 9.250000000000001554e-01 8.500000000000004219e-01 7.750000000000001332e-01 8.750000000000002220e-01 8.500000000000004219e-01 1.300000000000000044e+00 8.750000000000004441e-01 1.399999999999999911e+00 1.349999999999999867e+00 1.400000000000000133e+00 1.474999999999999867e+00
7.500000000000001110e-02 5.000000000000000278e-02 1.999999999999999833e-01 1.999999999999999833e-01 1.749999999999999889e-01 3.750000000000000555e-01 3.750000000000000000e-01 5.000000000000001110e-01 5.750000000000001776e-01 5.500000000000001554e-01 6.750000000000002665e-01 9.750000000000003109e-01 1.149999999999999689e+00 1.125000000000000000e+00 9.000000000000000222e-01 1.075000000000000400e+00 1.050000000000000488e+00 1.175000000000000044e+00 1.050000000000000488e+00 1.250000000000000222e+00
0.000000000000000000e+00 7.500000000000001110e-02 1.749999999999999889e-01 2.499999999999999722e-01 2.750000000000000222e-01 2.249999999999999778e-01 2.749999999999999667e-01 3.500000000000000333e-01 5.750000000000000666e-01 7.500000000000001110e-01 6.750000000000002665e-01 6.000000000000000888e-01 6.000000000000001998e-01 7.750000000000002442e-01 7.750000000000002442e-01 8.000000000000003775e-01 8.250000000000003997e-01 1.000000000000000444e+00 1.175000000000000266e+00 1.100000000000000311e+00
2.500000000000000139e-02 0.000000000000000000e+00 2.500000000000000139e-02 7.500000000000001110e-02 2.249999999999999778e-01 3.250000000000000111e-01 3.250000000000000111e-01 3.250000000000000111e-01 4.250000000000001554e-01 5.750000000000000666e-01 6.500000000000002442e-01 5.000000000000001110e-01 7.249999999999999778e-01 7.000000000000002887e-01 8.500000000000001998e-01 8.250000000000003997e-01 9.500000000000002887e-01 7.750000000000002442e-01 1.075000000000000400e+00 9.250000000000002665e-01
2.500000000000000139e-02 2.500000000000000139e-02 2.500000000000000139e-02 7.500000000000001110e-02 1.000000000000000056e-01 1.749999999999999889e-01 2.999999999999999889e-01 1.499999999999999944e-01 2.500000000000000555e-01 4.750000000000000888e-01 6.000000000000000888e-01 5.750000000000001776e-01 4.750000000000000888e-01 6.750000000000002665e-01 7.750000000000002442e-01 7.750000000000001332e-01 6.500000000000002442e-01 8.000000000000002665e-01 7.500000000000001110e-01 1.175000000000000266e+00
2.500000000000000139e-02 0.000000000000000000e+00 0.000000000000000000e+00 0.000000000000000000e+00 2.500000000000000139e-02 1.000000000000000056e-01 2.249999999999999778e-01 1.749999999999999889e-01 1.250000000000000000e-01 3.250000000000000111e-01 4.000000000000000222e-01 6.000000000000000888e-01 4.250000000000000999e-01 5.000000000000001110e-01 5.500000000000001554e-01 8.000000000000002665e-01 8.500000000000004219e-01 7.000000000000002887e-01 6.250000000000001110e-01 6.750000000000001554e-01
0.000000000000000000e+00 5.000000000000000278e-02 0.000000000000000000e+00 0.000000000000000000e+00 7.500000000000001110e-02 7.500000000000001110e-02 7.500000000000001110e-02 3.750000000000000555e-01 3.499999999999999778e-01 1.999999999999999833e-01 4.500000000000000111e-01 5.750000000000000666e-01 8.250000000000002887e-01 5.000000000000001110e-01 5.500000000000000444e-01 5.750000000000001776e-01 4.750000000000001443e-01 6.500000000000002442e-01 5.500000000000001554e-01 6.000000000000000888e-01
0.000000000000000000e+00 0.000000000000000000e+00 5.000000000000000278e-02 0.000000000000000000e+00 0.000000000000000000e+00 2.500000000000000139e-02 2.500000000000000139e-02 1.749999999999999889e-01 1.999999999999999833e-01 1.499999999999999944e-01 2.249999999999999778e-01 2.499999999999999722e-01 4.250000000000000999e-01 6.000000000000001998e-01 4.250000000000000999e-01 5.000000000000001110e-01 6.250000000000001110e-01 7.000000000000001776e-01 6.250000000000002220e-01 5.750000000000001776e-01
0.000000000000000000e+00 0.000000000000000000e+00 0.000000000000000000e+00 2.500000000000000139e-02 2.500000000000000139e-02 0.000000000000000000e+00 2.500000000000000139e-02 2.500000000000000139e-02 1.499999999999999944e-01 2.999999999999999889e-01 1.499999999999999944e-01 2.499999999999999722e-01 3.250000000000000111e-01 4.000000000000001332e-01 5.000000000000001110e-01 5.000000000000001110e-01 3.750000000000000555e-01 4.500000000000000666e-01 6.750000000000000444e-01 5.500000000000001554e-01
0.000000000000000000e+00 0.000000000000000000e+00 0.000000000000000000e+00 2.500000000000000139e-02 2.500000000000000139e-02 2.500000000000000139e-02 2.500000000000000139e-02 5.000000000000000278e-02 5.000000000000000278e-02 2.000000000000000111e-01 4.000000000000000222e-01 3.250000000000000111e-01 2.499999999999999722e-01 5.250000000000001332e-01 6.000000000000000888e-01 5.250000000000001332e-01 5.250000000000002442e-01 5.000000000000001110e-01 7.000000000000001776e-01 6.500000000000001332e-01
0.000000000000000000e+00 0.000000000000000000e+00 0.000000000000000000e+00 0.000000000000000000e+00 2.500000000000000139e-02 2.500000000000000139e-02 2.500000000000000139e-02 5.000000000000000278e-02 7.500000000000001110e-02 1.250000000000000000e-01 7.500000000000001110e-02 1.999999999999999833e-01 2.749999999999999667e-01 2.750000000000000222e-01 4.749999999999999778e-01 4.750000000000002554e-01 5.500000000000001554e-01 4.250000000000002109e-01 4.500000000000001221e-01 5.000000000000001110e-01
0.000000000000000000e+00 0.000000000000000000e+00 0.000000000000000000e+00 0.000000000000000000e+00 0.000000000000000000e+00 2.500000000000000139e-02 2.500000000000000139e-02 0.000000000000000000e+00 2.500000000000000139e-02 0.000000000000000000e+00 1.250000000000000000e-01 1.749999999999999889e-01 2.249999999999999778e-01 1.749999999999999889e-01 2.249999999999999778e-01 3.500000000000000333e-01 5.750000000000001776e-01 4.500000000000000111e-01 3.250000000000000111e-01 6.500000000000002442e-01
0.000000000000000000e+00 0.000000000000000000e+00 0.000000000000000000e+00 0.000000000000000000e+00 0.000000000000000000e+00 0.000000000000000000e+00 5.000000000000000278e-02 2.500000000000000139e-02 5.000000000000000278e-02 5.000000000000000278e-02 7.500000000000001110e-02 1.749999999999999889e-01 2.500000000000000000e-01 2.749999999999999667e-01 2.500000000000000000e-01 2.500000000000000000e-01 2.749999999999999667e-01 5.000000000000001110e-01 5.500000000000001554e-01 4.250000000000000999e-01
0.000000000000000000e+00 0.000000000000000000e+00 0.000000000000000000e+00 0.000000000000000000e+00 0.000000000000000000e+00 0.000000000000000000e+00 0.000000000000000000e+00 2.500000000000000139e-02 5.000000000000000278e-02 5.000000000000000278e-02 5.000000000000000278e-02 1.000000000000000056e-01 1.499999999999999944e-01 2.499999999999999722e-01 4.000000000000000777e-01 4.500000000000001221e-01 2.999999999999999889e-01 5.250000000000000222e-01 2.499999999999999722e-01 3.750000000000000555e-01
0.000000000000000000e+00 0.000000000000000000e+00 0.000000000000000000e+00 0.000000000000000000e+00 0.000000000000000000e+00 0.000000000000000000e+00 0.000000000000000000e+00 2.500000000000000139e-02 0.000000000000000000e+00 5.000000000000000278e-02 5.000000000000000278e-02 1.000000000000000056e-01 7.500000000000001110e-02 1.999999999999999833e-01 2.750000000000000222e-01 1.999999999999999833e-01 2.499999999999999722e-01 3.750000000000000000e-01 4.000000000000000222e-01 3.250000000000000111e-01
0.000000000000000000e+00 0.000000000000000000e+00 0.000000000000000000e+00 0.000000000000000000e+00 0.000000000000000000e+00 0.000000000000000000e+00 0.000000000000000000e+00 0.000000000000000000e+00 2.500000000000000139e-02 2.500000000000000139e-02 2.500000000000000139e-02 5.000000000000000278e-02 1.000000000000000056e-01 1.749999999999999889e-01 1.000000000000000056e-01 3.500000000000000333e-01 3.500000000000000333e-01 2.499999999999999722e-01 2.999999999999999889e-01 4.500000000000000666e-01
0.000000000000000000e+00 0.000000000000000000e+00 0.000000000000000000e+00 0.000000000000000000e+00 0.000000000000000000e+00 0.000000000000000000e+00 0.000000000000000000e+00 0.000000000000000000e+00 0.000000000000000000e+00 0.000000000000000000e+00 5.000000000000000278e-02 0.000000000000000000e+00 7.500000000000001110e-02 2.500000000000000139e-02 1.499999999999999944e-01 1.999999999999999833e-01 3.500000000000000888e-01 2.499999999999999722e-01 4.750000000000000333e-01 2.499999999999999722e-01
0.000000000000000000e+00 0.000000000000000000e+00 0.000000000000000000e+00 0.000000000000000000e+00 0.000000000000000000e+00 0.000000000000000000e+00 0.000000000000000000e+00 0.000000000000000000e+00 0.000000000000000000e+00 2.500000000000000139e-02 5.000000000000000278e-02 2.500000000000000139e-02 5.000000000000000278e-02 1.749999999999999889e-01 1.499999999999999944e-01 2.249999999999999778e-01 3.250000000000000111e-01 2.249999999999999778e-01 3.750000000000000000e-01 4.250000000000000444e-01
0.000000000000000000e+00 0.000000000000000000e+00 0.000000000000000000e+00 0.000000000000000000e+00 0.000000000000000000e+00 0.000000000000000000e+00 0.000000000000000000e+00 0.000000000000000000e+00 0.000000000000000000e+00 0.000000000000000000e+00 0.000000000000000000e+00 5.000000000000000278e-02 5.000000000000000278e-02 2.500000000000000139e-02 5.000000000000000278e-02 1.500000000000000222e-01 1.499999999999999944e-01 3.750000000000000555e-01 3.500000000000000888e-01 4.500000000000000666e-01
0.000000000000000000e+00 0.000000000000000000e+00 0.000000000000000000e+00 0.000000000000000000e+00 0.000000000000000000e+00 0.000000000000000000e+00 0.000000000000000000e+00 0.000000000000000000e+00 0.000000000000000000e+00 0.000000000000000000e+00 0.000000000000000000e+00 5.000000000000000278e-02 2.500000000000000139e-02 5.000000000000000278e-02 7.500000000000001110e-02 2.500000000000000139e-02 1.999999999999999833e-01 2.999999999999999889e-01 2.750000000000000222e-01 3.250000000000000666e-01
0.000000000000000000e+00 0.000000000000000000e+00 0.000000000000000000e+00 0.000000000000000000e+00 0.000000000000000000e+00 0.000000000000000000e+00 0.000000000000000000e+00 0.000000000000000000e+00 0.000000000000000000e+00 0.000000000000000000e+00 0.000000000000000000e+00 0.000000000000000000e+00 5.000000000000000278e-02 5.000000000000000278e-02 7.500000000000001110e-02 7.500000000000001110e-02 1.000000000000000056e-01 1.499999999999999944e-01 2.750000000000000222e-01 3.250000000000000111e-01
0.000000000000000000e+00 0.000000000000000000e+00 0.000000000000000000e+00 0.000000000000000000e+00 0.000000000000000000e+00 0.000000000000000000e+00 0.000000000000000000e+00 0.000000000000000000e+00 0.000000000000000000e+00 0.000000000000000000e+00 0.000000000000000000e+00 0.000000000000000000e+00 2.500000000000000139e-02 5.000000000000000278e-02 2.500000000000000139e-02 5.000000000000000278e-02 1.000000000000000056e-01 1.749999999999999889e-01 1.999999999999999833e-01 7.500000000000001110e-02
0.000000000000000000e+00 0.000000000000000000e+00 0.000000000000000000e+00 0.000000000000000000e+00 0.000000000000000000e+00 0.000000000000000000e+00 0.000000000000000000e+00 0.000000000000000000e+00 0.000000000000000000e+00 0.000000000000000000e+00 0.000000000000000000e+00 0.000000000000000000e+00 0.000000000000000000e+00 0.000000000000000000e+00 7.500000000000001110e-02 7.500000000000001110e-02 5.000000000000000278e-02 1.000000000000000056e-01 1.749999999999999889e-01 2.249999999999999778e-01
0.000000000000000000e+00 0.000000000000000000e+00 0.000000000000000000e+00 0.000000000000000000e+00 0.000000000000000000e+00 0.000000000000000000e+00 0.000000000000000000e+00 0.000000000000000000e+00 0.000000000000000000e+00 0.000000000000000000e+00 0.000000000000000000e+00 0.000000000000000000e+00 0.000000000000000000e+00 0.000000000000000000e+00 2.500000000000000139e-02 0.000000000000000000e+00 7.500000000000001110e-02 7.500000000000001110e-02 1.250000000000000000e-01 2.999999999999999889e-01
0.000000000000000000e+00 0.000000000000000000e+00 0.000000000000000000e+00 0.000000000000000000e+00 0.000000000000000000e+00 0.000000000000000000e+00 0.000000000000000000e+00 0.000000000000000000e+00 0.000000000000000000e+00 0.000000000000000000e+00 0.000000000000000000e+00 0.000000000000000000e+00 0.000000000000000000e+00 2.500000000000000139e-02 0.000000000000000000e+00 1.499999999999999944e-01 2.500000000000000139e-02 2.500000000000000139e-02 1.250000000000000000e-01 1.499999999999999944e-01
0.000000000000000000e+00 0.000000000000000000e+00 0.000000000000000000e+00 0.000000000000000000e+00 0.000000000000000000e+00 0.000000000000000000e+00 0.000000000000000000e+00 0.000000000000000000e+00 0.000000000000000000e+00 0.000000000000000000e+00 0.000000000000000000e+00 0.000000000000000000e+00 0.000000000000000000e+00 0.000000000000000000e+00 0.000000000000000000e+00 0.000000000000000000e+00 1.250000000000000000e-01 1.000000000000000056e-01 7.500000000000001110e-02 1.999999999999999833e-01
0.000000000000000000e+00 0.000000000000000000e+00 0.000000000000000000e+00 0.000000000000000000e+00 0.000000000000000000e+00 0.000000000000000000e+00 0.000000000000000000e+00 0.000000000000000000e+00 0.000000000000000000e+00 0.000000000000000000e+00 0.000000000000000000e+00 0.000000000000000000e+00 0.000000000000000000e+00 0.000000000000000000e+00 2.500000000000000139e-02 0.000000000000000000e+00 0.000000000000000000e+00 2.500000000000000139e-02 2.500000000000000139e-02 1.250000000000000000e-01
0.000000000000000000e+00 0.000000000000000000e+00 0.000000000000000000e+00 0.000000000000000000e+00 0.000000000000000000e+00 0.000000000000000000e+00 0.000000000000000000e+00 0.000000000000000000e+00 0.000000000000000000e+00 0.000000000000000000e+00 0.000000000000000000e+00 0.000000000000000000e+00 0.000000000000000000e+00 0.000000000000000000e+00 0.000000000000000000e+00 0.000000000000000000e+00 5.000000000000000278e-02 1.250000000000000000e-01 5.000000000000000278e-02 2.500000000000000139e-02
0.000000000000000000e+00 0.000000000000000000e+00 0.000000000000000000e+00 0.000000000000000000e+00 0.000000000000000000e+00 0.000000000000000000e+00 0.000000000000000000e+00 0.000000000000000000e+00 0.000000000000000000e+00 0.000000000000000000e+00 0.000000000000000000e+00 0.000000000000000000e+00 0.000000000000000000e+00 0.000000000000000000e+00 0.000000000000000000e+00 2.500000000000000139e-02 0.000000000000000000e+00 0.000000000000000000e+00 5.000000000000000278e-02 1.000000000000000056e-01
0.000000000000000000e+00 0.000000000000000000e+00 0.000000000000000000e+00 0.000000000000000000e+00 0.000000000000000000e+00 0.000000000000000000e+00 0.000000000000000000e+00 0.000000000000000000e+00 0.000000000000000000e+00 0.000000000000000000e+00 0.000000000000000000e+00 0.000000000000000000e+00 0.000000000000000000e+00 0.000000000000000000e+00 0.000000000000000000e+00 0.000000000000000000e+00 0.000000000000000000e+00 0.000000000000000000e+00 1.250000000000000000e-01 5.000000000000000278e-02
0.000000000000000000e+00 0.000000000000000000e+00 0.000000000000000000e+00 0.000000000000000000e+00 0.000000000000000000e+00 0.000000000000000000e+00 0.000000000000000000e+00 0.000000000000000000e+00 0.000000000000000000e+00 0.000000000000000000e+00 0.000000000000000000e+00 0.000000000000000000e+00 0.000000000000000000e+00 0.000000000000000000e+00 0.000000000000000000e+00 0.000000000000000000e+00 2.500000000000000139e-02 2.500000000000000139e-02 2.500000000000000139e-02 2.500000000000000139e-02
0.000000000000000000e+00 0.000000000000000000e+00 0.000000000000000000e+00 0.000000000000000000e+00 0.000000000000000000e+00 0.000000000000000000e+00 0.000000000000000000e+00 0.000000000000000000e+00 0.000000000000000000e+00 0.000000000000000000e+00 0.000000000000000000e+00 0.000000000000000000e+00 0.000000000000000000e+00 0.000000000000000000e+00 0.000000000000000000e+00 0.000000000000000000e+00 0.000000000000000000e+00 2.500000000000000139e-02 2.500000000000000139e-02 2.500000000000000139e-02
0.000000000000000000e+00 0.000000000000000000e+00 0.000000000000000000e+00 0.000000000000000000e+00 0.000000000000000000e+00 0.000000000000000000e+00 0.000000000000000000e+00 0.000000000000000000e+00 0.000000000000000000e+00 0.000000000000000000e+00 0.000000000000000000e+00 0.000000000000000000e+00 0.000000000000000000e+00 0.000000000000000000e+00 0.000000000000000000e+00 0.000000000000000000e+00 0.000000000000000000e+00 2.500000000000000139e-02 0.000000000000000000e+00 5.000000000000000278e-02
0.000000000000000000e+00 0.000000000000000000e+00 0.000000000000000000e+00 0.000000000000000000e+00 0.000000000000000000e+00 0.000000000000000000e+00 0.000000000000000000e+00 0.000000000000000000e+00 0.000000000000000000e+00 0.000000000000000000e+00 0.000000000000000000e+00 0.000000000000000000e+00 0.000000000000000000e+00 0.000000000000000000e+00 0.000000000000000000e+00 0.000000000000000000e+00 0.000000000000000000e+00 0.000000000000000000e+00 0.000000000000000000e+00 0.000000000000000000e+00
0.000000000000000000e+00 0.000000000000000000e+00 0.000000000000000000e+00 0.000000000000000000e+00 0.000000000000000000e+00 0.000000000000000000e+00 0.000000000000000000e+00 0.000000000000000000e+00 0.000000000000000000e+00 0.000000000000000000e+00 0.000000000000000000e+00 0.000000000000000000e+00 0.000000000000000000e+00 0.000000000000000000e+00 0.000000000000000000e+00 0.000000000000000000e+00 0.000000000000000000e+00 0.000000000000000000e+00 2.500000000000000139e-02 2.500000000000000139e-02
0.000000000000000000e+00 0.000000000000000000e+00 0.000000000000000000e+00 0.000000000000000000e+00 0.000000000000000000e+00 0.000000000000000000e+00 0.000000000000000000e+00 0.000000000000000000e+00 0.000000000000000000e+00 0.000000000000000000e+00 0.000000000000000000e+00 0.000000000000000000e+00 0.000000000000000000e+00 0.000000000000000000e+00 0.000000000000000000e+00 0.000000000000000000e+00 0.000000000000000000e+00 0.000000000000000000e+00 0.000000000000000000e+00 5.000000000000000278e-02
0.000000000000000000e+00 0.000000000000000000e+00 0.000000000000000000e+00 0.000000000000000000e+00 0.000000000000000000e+00 0.000000000000000000e+00 0.000000000000000000e+00 0.000000000000000000e+00 0.000000000000000000e+00 0.000000000000000000e+00 0.000000000000000000e+00 0.000000000000000000e+00 0.000000000000000000e+00 0.000000000000000000e+00 0.000000000000000000e+00 0.000000000000000000e+00 0.000000000000000000e+00 0.000000000000000000e+00 2.500000000000000139e-02 0.000000000000000000e+00
0.000000000000000000e+00 0.000000000000000000e+00 0.000000000000000000e+00 0.000000000000000000e+00 0.000000000000000000e+00 0.000000000000000000e+00 0.000000000000000000e+00 0.000000000000000000e+00 0.000000000000000000e+00 0.000000000000000000e+00 0.000000000000000000e+00 0.000000000000000000e+00 0.000000000000000000e+00 0.000000000000000000e+00 0.000000000000000000e+00 0.000000000000000000e+00 0.000000000000000000e+00 0.000000000000000000e+00 0.000000000000000000e+00 2.500000000000000139e-02
0.000000000000000000e+00 0.000000000000000000e+00 0.000000000000000000e+00 0.000000000000000000e+00 0.000000000000000000e+00 0.000000000000000000e+00 0.000000000000000000e+00 0.000000000000000000e+00 0.000000000000000000e+00 0.000000000000000000e+00 0.000000000000000000e+00 0.000000000000000000e+00 0.000000000000000000e+00 0.000000000000000000e+00 0.000000000000000000e+00 0.000000000000000000e+00 0.000000000000000000e+00 0.000000000000000000e+00 0.000000000000000000e+00 0.000000000000000000e+00
0.000000000000000000e+00 0.000000000000000000e+00 0.000000000000000000e+00 0.000000000000000000e+00 0.000000000000000000e+00 0.000000000000000000e+00 0.000000000000000000e+00 0.000000000000000000e+00 0.000000000000000000e+00 0.000000000000000000e+00 0.000000000000000000e+00 0.000000000000000000e+00 0.000000000000000000e+00 0.000000000000000000e+00 0.000000000000000000e+00 0.000000000000000000e+00 0.000000000000000000e+00 0.000000000000000000e+00 0.000000000000000000e+00 0.000000000000000000e+00
0.000000000000000000e+00 0.000000000000000000e+00 0.000000000000000000e+00 0.000000000000000000e+00 0.000000000000000000e+00 0.000000000000000000e+00 0.000000000000000000e+00 0.000000000000000000e+00 0.000000000000000000e+00 0.000000000000000000e+00 0.000000000000000000e+00 0.000000000000000000e+00 0.000000000000000000e+00 0.000000000000000000e+00 0.000000000000000000e+00 0.000000000000000000e+00 0.000000000000000000e+00 0.000000000000000000e+00 0.000000000000000000e+00 2.500000000000000139e-02
