7.016621270781815602e-04 7.365134246351720234e-04 7.730957732130631400e-04 8.114951534738963201e-04 8.518018167072998912e-04 8.941104969509800849e-04 9.385206336471497036e-04 9.851366053582289936e-04 1.034067975091111430e-03 1.085429747806598713e-03 1.139342640719231579e-03 1.195933367022817455e-03 1.255334933708490610e-03 1.317686954175293886e-03 1.383135976368009192e-03 1.451835827213469876e-03 1.523947974164901846e-03 1.599641904704031696e-03 1.679095524692928235e-03 1.762495576511834573e-03
4.029999999999999432e+02 3.964249999999999545e+02 3.888500000000000227e+02 3.822500000000000000e+02 3.748999999999999773e+02 3.681000000000000227e+02 3.602750000000000341e+02 3.542249999999999659e+02 3.474250000000000114e+02 3.405000000000000000e+02 3.336749999999999545e+02 3.268750000000000000e+02 3.208750000000000000e+02 3.150499999999999545e+02 3.090500000000000114e+02 3.025500000000000114e+02 2.970249999999999773e+02 2.914249999999998977e+02 2.854499999999999318e+02 2.792499999999999432e+02
5.887750000000003183e+02 5.872250000000001364e+02 5.860500000000000682e+02 5.842250000000001364e+02 5.840000000000000000e+02 5.820250000000000909e+02 5.809999999999998863e+02 5.790749999999999318e+02 5.778499999999999091e+02 5.756999999999999318e+02 5.743750000000001137e+02 5.723999999999999773e+02 5.705750000000001592e+02 5.680749999999999318e+02 5.659250000000000682e+02 5.646749999999999545e+02 5.620249999999998636e+02 5.593000000000000682e+02 5.573499999999999091e+02 5.563000000000000682e+02
3.558750000000000568e+02 3.577250000000000227e+02 3.599499999999999318e+02 3.613750000000000000e+02 3.623749999999999432e+02 3.646749999999998977e+02 3.666000000000000227e+02 3.681749999999998977e+02 3.701000000000001364e+02 3.722249999999999091e+02 3.751250000000000000e+02 3.773249999999999886e+02 3.783000000000000114e+02 3.800499999999999545e+02 3.810749999999999886e+02 3.819250000000000114e+02 3.832499999999999432e+02 3.849500000000001592e+02 3.866999999999999886e+02 3.875500000000000114e+02
1.736250000000000000e+02 1.748750000000000284e+02 1.763500000000001080e+02 1.782500000000000000e+02 1.800500000000000114e+02 1.815249999999999773e+02 1.841999999999999886e+02 1.858499999999999659e+02 1.873249999999999602e+02 1.891749999999999545e+02 1.893250000000000171e+02 1.914249999999999829e+02 1.934499999999999318e+02 1.952500000000000284e+02 1.975000000000000000e+02 1.992749999999999773e+02 2.017250000000000227e+02 2.036750000000000398e+02 2.054999999999999716e+02 2.072249999999999659e+02
8.475000000000001421e+01 8.622500000000000853e+01 8.742500000000002558e+01 8.877499999999999147e+01 9.000000000000001421e+01 9.125000000000001421e+01 9.185000000000000853e+01 9.272500000000003695e+01 9.352499999999999147e+01 9.522500000000000853e+01 9.632499999999996021e+01 9.717499999999999716e+01 9.860000000000000853e+01 1.001499999999999773e+02 1.018499999999999943e+02 1.033250000000000313e+02 1.039750000000000085e+02 1.053000000000000256e+02 1.059249999999999972e+02 1.068499999999999659e+02
4.667499999999999005e+01 4.785000000000000853e+01 4.877499999999999858e+01 4.932500000000000995e+01 4.977500000000000568e+01 5.004999999999999005e+01 5.069999999999998863e+01 5.160000000000000142e+01 5.247499999999999432e+01 5.302500000000001990e+01 5.387500000000000000e+01 5.430000000000000426e+01 5.500000000000000000e+01 5.535000000000000142e+01 5.607499999999998863e+01 5.672499999999998721e+01 5.762499999999999289e+01 5.865000000000000568e+01 5.907500000000000995e+01 6.024999999999998579e+01
2.657500000000000639e+01 2.692499999999999361e+01 2.747499999999999787e+01 2.837500000000000000e+01 2.922499999999999432e+01 3.032500000000000995e+01 3.090000000000000924e+01 3.117499999999999716e+01 3.160000000000000497e+01 3.162500000000000000e+01 3.264999999999999858e+01 3.337500000000000711e+01 3.377499999999999858e+01 3.432500000000000284e+01 3.444999999999999574e+01 3.532500000000000284e+01 3.567499999999999716e+01 3.547500000000000853e+01 3.612499999999999289e+01 3.617499999999999005e+01
1.789999999999999503e+01 1.839999999999999503e+01 1.892500000000000426e+01 1.929999999999999716e+01 1.894999999999999574e+01 1.917500000000000426e+01 1.992499999999999716e+01 2.082499999999999929e+01 2.157499999999999218e+01 2.184999999999999432e+01 2.202500000000000924e+01 2.207500000000000284e+01 2.259999999999999787e+01 2.257499999999999929e+01 2.337499999999999645e+01 2.337500000000000000e+01 2.380000000000000426e+01 2.444999999999999929e+01 2.467499999999999716e+01 2.489999999999999858e+01
1.184999999999999787e+01 1.187500000000000000e+01 1.205000000000000071e+01 1.210000000000000142e+01 1.312500000000000178e+01 1.327500000000000036e+01 1.335000000000000320e+01 1.362499999999999822e+01 1.392499999999999716e+01 1.444999999999999929e+01 1.445000000000000462e+01 1.530000000000000071e+01 1.562499999999999822e+01 1.610000000000000142e+01 1.559999999999999964e+01 1.597499999999999964e+01 1.647500000000000142e+01 1.652500000000000213e+01 1.740000000000000568e+01 1.780000000000000071e+01
8.099999999999997868e+00 8.125000000000000000e+00 8.224999999999997868e+00 8.799999999999998934e+00 8.750000000000001776e+00 9.275000000000000355e+00 9.575000000000001066e+00 9.750000000000001776e+00 9.924999999999998934e+00 1.040000000000000036e+01 1.080000000000000426e+01 1.097499999999999787e+01 1.075000000000000000e+01 1.102499999999999858e+01 1.169999999999999929e+01 1.225000000000000178e+01 1.212500000000000355e+01 1.272499999999999787e+01 1.279999999999999893e+01 1.334999999999999964e+01
6.400000000000000355e+00 6.374999999999999112e+00 6.675000000000000711e+00 6.500000000000000000e+00 6.625000000000000888e+00 6.949999999999998401e+00 7.174999999999998934e+00 7.250000000000000888e+00 7.450000000000001066e+00 7.475000000000000533e+00 7.650000000000000355e+00 7.900000000000000355e+00 8.450000000000001066e+00 8.699999999999999289e+00 8.675000000000000711e+00 8.449999999999997513e+00 8.825000000000001066e+00 8.900000000000002132e+00 8.949999999999999289e+00 8.800000000000000711e+00
5.074999999999999289e+00 5.325000000000000178e+00 5.000000000000000888e+00 5.475000000000002309e+00 5.800000000000000711e+00 5.549999999999999822e+00 5.100000000000000533e+00 5.100000000000000533e+00 5.150000000000001243e+00 5.549999999999998934e+00 5.774999999999999467e+00 6.000000000000000888e+00 6.174999999999999822e+00 6.400000000000001243e+00 6.750000000000000000e+00 6.899999999999998579e+00 7.074999999999998401e+00 6.849999999999998757e+00 7.250000000000000888e+00 7.400000000000000355e+00
3.475000000000000977e+00 3.675000000000000266e+00 4.325000000000001066e+00 3.875000000000000000e+00 4.050000000000000711e+00 4.500000000000000000e+00 4.849999999999999645e+00 4.425000000000001599e+00 4.650000000000000355e+00 4.724999999999999645e+00 4.674999999999999822e+00 4.225000000000000533e+00 4.274999999999999467e+00 4.650000000000001243e+00 4.549999999999998934e+00 4.575000000000001066e+00 4.775000000000001243e+00 4.825000000000000178e+00 4.700000000000001066e+00 5.150000000000001243e+00
3.100000000000000533e+00 3.050000000000000266e+00 3.000000000000000000e+00 3.425000000000000711e+00 3.300000000000000266e+00 3.299999999999999822e+00 3.275000000000000355e+00 3.999999999999999556e+00 3.850000000000000533e+00 4.100000000000000533e+00 3.950000000000001066e+00 4.525000000000001243e+00 4.450000000000001066e+00 4.200000000000000178e+00 3.975000000000000533e+00 4.299999999999999822e+00 4.400000000000000355e+00 4.650000000000001243e+00 4.624999999999999112e+00 4.700000000000001066e+00
2.625000000000000000e+00 2.699999999999999289e+00 2.674999999999999822e+00 2.549999999999999822e+00 2.900000000000000355e+00 3.049999999999999822e+00 3.300000000000000711e+00 3.399999999999999911e+00 3.549999999999999378e+00 3.350000000000000089e+00 3.650000000000001243e+00 3.575000000000000622e+00 3.600000000000000089e+00 3.624999999999999556e+00 3.825000000000000622e+00 3.800000000000000266e+00 3.275000000000000799e+00 3.575000000000001066e+00 3.924999999999999378e+00 3.950000000000000178e+00
2.649999999999999911e+00 2.875000000000000000e+00 2.549999999999999822e+00 2.675000000000000711e+00 2.500000000000000000e+00 2.424999999999999822e+00 2.475000000000000089e+00 2.399999999999999911e+00 2.524999999999999911e+00 2.475000000000000089e+00 2.825000000000000178e+00 2.600000000000000089e+00 2.725000000000000089e+00 2.750000000000000444e+00 3.050000000000000711e+00 2.999999999999999556e+00 3.525000000000000355e+00 3.600000000000000533e+00 3.375000000000000444e+00 3.375000000000000000e+00
1.424999999999999822e+00 1.649999999999999911e+00 2.149999999999999911e+00 2.174999999999999378e+00 1.825000000000000178e+00 1.999999999999999778e+00 1.874999999999999778e+00 1.924999999999999822e+00 1.874999999999999556e+00 2.099999999999999645e+00 2.149999999999999911e+00 2.424999999999999822e+00 2.274999999999999467e+00 2.499999999999999556e+00 2.400000000000000355e+00 2.475000000000000089e+00 2.724999999999999645e+00 2.524999999999999911e+00 2.924999999999999822e+00 2.800000000000000266e+00
1.375000000000000000e+00 1.324999999999999956e+00 1.225000000000000089e+00 1.700000000000000178e+00 2.149999999999999911e+00 1.949999999999999956e+00 2.125000000000000000e+00 2.249999999999999556e+00 2.075000000000000622e+00 2.049999999999998934e+00 1.874999999999999556e+00 1.849999999999999867e+00 2.049999999999999822e+00 1.949999999999999956e+00 2.024999999999999023e+00 2.125000000000000444e+00 1.949999999999999956e+00 2.199999999999999734e+00 2.224999999999999645e+00 2.549999999999999822e+00
1.250000000000000000e+00 1.150000000000000355e+00 1.375000000000000222e+00 1.275000000000000133e+00 1.424999999999999600e+00 1.724999999999999867e+00 1.750000000000000000e+00 1.824999999999999956e+00 1.999999999999999778e+00 1.975000000000000311e+00 2.049999999999999822e+00 1.974999999999999867e+00 1.699999999999999512e+00 1.524999999999999689e+00 1.700000000000000400e+00 1.850000000000000089e+00 1.975000000000000311e+00 1.949999999999999734e+00 1.749999999999999778e+00 1.824999999999999956e+00
1.174999999999999822e+00 1.025000000000000133e+00 1.150000000000000133e+00 1.200000000000000400e+00 1.149999999999999911e+00 1.125000000000000222e+00 1.225000000000000311e+00 1.150000000000000355e+00 1.374999999999999778e+00 1.474999999999999867e+00 1.625000000000000222e+00 1.925000000000000266e+00 2.049999999999999822e+00 2.224999999999999645e+00 2.024999999999999467e+00 1.849999999999999423e+00 1.674999999999999822e+00 1.600000000000000311e+00 1.950000000000000178e+00 1.875000000000000000e+00
8.500000000000003109e-01 1.125000000000000000e+00 8.750000000000000000e-01 8.000000000000001554e-01 8.750000000000002220e-01 9.750000000000004219e-01 8.750000000000002220e-01 1.175000000000000044e+00 9.250000000000002665e-01 1.000000000000000000e+00 1.175000000000000266e+00 1.000000000000000222e+00 1.549999999999999822e+00 1.649999999999999689e+00 1.875000000000000000e+00 1.999999999999999112e+00 1.625000000000000222e+00 1.524999999999999467e+00 1.300000000000000044e+00 1.225000000000000089e+00
7.500000000000001110e-01 9.500000000000002887e-01 9.750000000000003109e-01 8.500000000000001998e-01 9.500000000000001776e-01 9.000000000000002442e-01 1.100000000000000311e+00 1.000000000000000222e+00 1.100000000000000089e+00 1.075000000000000178e+00 9.750000000000001998e-01 9.750000000000004219e-01 8.750000000000004441e-01 9.750000000000003109e-01 1.150000000000000133e+00 1.325000000000000400e+00 1.800000000000000266e+00 1.699999999999999734e+00 1.574999999999999734e+00 1.474999999999999645e+00
7.000000000000002887e-01 6.250000000000002220e-01 9.750000000000003109e-01 1.025000000000000133e+00 9.250000000000002665e-01 9.250000000000003775e-01 9.500000000000001776e-01 1.000000000000000222e+00 1.025000000000000133e+00 1.025000000000000133e+00 8.000000000000001554e-01 1.100000000000000311e+00 9.500000000000003997e-01 1.075000000000000400e+00 1.125000000000000444e+00 1.100000000000000089e+00 1.100000000000000089e+00 1.375000000000000222e+00 1.474999999999999867e+00 1.475000000000000089e+00
6.250000000000002220e-01 5.250000000000000222e-01 5.750000000000001776e-01 6.000000000000000888e-01 7.750000000000002442e-01 8.250000000000002887e-01 7.750000000000003553e-01 7.750000000000002442e-01 9.250000000000002665e-01 1.100000000000000089e+00 1.000000000000000222e+00 7.250000000000001998e-01 7.500000000000002220e-01 8.000000000000003775e-01 7.000000000000001776e-01 8.000000000000003775e-01 1.150000000000000355e+00 1.025000000000000133e+00 1.100000000000000311e+00 1.075000000000000400e+00
2.999999999999999889e-01 6.250000000000002220e-01 5.750000000000001776e-01 8.500000000000003109e-01 7.250000000000003109e-01 7.500000000000002220e-01 7.000000000000000666e-01 6.750000000000002665e-01 5.500000000000001554e-01 6.500000000000001332e-01 9.250000000000003775e-01 9.500000000000002887e-01 9.750000000000003109e-01 8.000000000000002665e-01 7.500000000000003331e-01 7.500000000000003331e-01 6.750000000000002665e-01 1.000000000000000222e+00 9.500000000000003997e-01 1.100000000000000311e+00
3.750000000000000555e-01 2.999999999999999889e-01 4.250000000000000444e-01 4.000000000000001332e-01 5.250000000000002442e-01 5.500000000000002665e-01 8.250000000000003997e-01 8.000000000000001554e-01 7.500000000000002220e-01 7.000000000000000666e-01 7.000000000000001776e-01 7.500000000000002220e-01 6.250000000000001110e-01 7.750000000000000222e-01 7.500000000000002220e-01 6.500000000000001332e-01 6.750000000000001554e-01 7.750000000000002442e-01 8.250000000000003997e-01 9.000000000000002442e-01
1.749999999999999889e-01 2.499999999999999722e-01 4.000000000000000777e-01 6.000000000000001998e-01 7.250000000000003109e-01 6.250000000000002220e-01 6.750000000000002665e-01 5.500000000000000444e-01 8.750000000000002220e-01 5.750000000000000666e-01 5.750000000000001776e-01 7.500000000000003331e-01 7.750000000000001332e-01 6.250000000000001110e-01 7.500000000000003331e-01 8.000000000000002665e-01 7.750000000000003553e-01 5.750000000000000666e-01 7.250000000000000888e-01 8.750000000000002220e-01
2.249999999999999778e-01 2.749999999999999667e-01 1.750000000000000167e-01 2.749999999999999667e-01 2.999999999999999889e-01 3.750000000000000000e-01 3.499999999999999778e-01 6.500000000000002442e-01 5.750000000000002887e-01 7.500000000000003331e-01 6.500000000000002442e-01 6.000000000000000888e-01 6.750000000000000444e-01 6.750000000000002665e-01 5.750000000000000666e-01 5.750000000000001776e-01 5.500000000000001554e-01 7.000000000000002887e-01 7.750000000000003553e-01 7.000000000000001776e-01
1.499999999999999944e-01 2.249999999999999778e-01 3.000000000000000444e-01 3.249999999999999556e-01 4.500000000000001221e-01 5.750000000000000666e-01 5.250000000000001332e-01 4.750000000000000888e-01 4.750000000000000888e-01 6.500000000000002442e-01 6.250000000000001110e-01 6.250000000000002220e-01 6.500000000000002442e-01 6.250000000000001110e-01 6.500000000000002442e-01 6.500000000000001332e-01 7.750000000000002442e-01 7.750000000000002442e-01 6.500000000000002442e-01 6.750000000000001554e-01
1.250000000000000000e-01 2.249999999999999778e-01 2.249999999999999778e-01 1.250000000000000000e-01 2.249999999999999778e-01 3.499999999999999778e-01 2.999999999999999889e-01 4.250000000000000444e-01 4.749999999999999778e-01 4.500000000000001221e-01 5.500000000000002665e-01 5.750000000000000666e-01 5.000000000000002220e-01 5.500000000000000444e-01 6.750000000000001554e-01 6.500000000000002442e-01 4.250000000000000999e-01 5.500000000000001554e-01 7.500000000000002220e-01 6.500000000000001332e-01
0.000000000000000000e+00 0.000000000000000000e+00 1.000000000000000056e-01 1.000000000000000056e-01 2.000000000000000111e-01 1.999999999999999833e-01 2.749999999999999667e-01 3.750000000000000555e-01 3.750000000000000555e-01 4.500000000000000111e-01 5.750000000000001776e-01 6.500000000000002442e-01 6.000000000000001998e-01 6.250000000000002220e-01 4.500000000000001221e-01 5.250000000000001332e-01 6.000000000000001998e-01 3.500000000000000333e-01 4.000000000000000777e-01 5.500000000000001554e-01
0.000000000000000000e+00 0.000000000000000000e+00 5.000000000000000278e-02 1.999999999999999833e-01 1.000000000000000056e-01 1.749999999999999889e-01 3.000000000000000444e-01 2.749999999999999667e-01 3.250000000000000111e-01 3.750000000000000000e-01 4.250000000000000444e-01 4.250000000000000444e-01 4.250000000000000999e-01 5.250000000000001332e-01 6.250000000000002220e-01 5.750000000000000666e-01 4.250000000000000999e-01 4.500000000000000111e-01 4.250000000000001554e-01 4.750000000000001443e-01
0.000000000000000000e+00 0.000000000000000000e+00 7.500000000000001110e-02 1.000000000000000056e-01 1.000000000000000056e-01 1.250000000000000000e-01 2.249999999999999778e-01 2.999999999999999889e-01 3.750000000000001110e-01 2.000000000000000111e-01 2.749999999999999667e-01 4.750000000000001443e-01 5.500000000000000444e-01 4.500000000000000666e-01 4.000000000000001332e-01 4.250000000000000999e-01 5.250000000000000222e-01 5.750000000000001776e-01 4.000000000000001332e-01 3.750000000000000555e-01
5.000000000000000278e-02 0.000000000000000000e+00 0.000000000000000000e+00 5.000000000000000278e-02 5.000000000000000278e-02 7.500000000000001110e-02 1.999999999999999833e-01 1.749999999999999889e-01 2.499999999999999722e-01 3.500000000000000888e-01 4.250000000000000444e-01 2.249999999999999778e-01 4.000000000000001332e-01 4.500000000000001221e-01 5.250000000000001332e-01 3.499999999999999778e-01 3.500000000000000333e-01 4.250000000000001554e-01 3.999999999999999667e-01 3.500000000000000333e-01
0.000000000000000000e+00 2.500000000000000139e-02 0.000000000000000000e+00 0.000000000000000000e+00 7.500000000000001110e-02 7.500000000000001110e-02 1.000000000000000056e-01 2.499999999999999722e-01 1.000000000000000056e-01 2.749999999999999667e-01 1.250000000000000000e-01 2.999999999999999889e-01 3.750000000000000000e-01 5.000000000000001110e-01 4.500000000000000666e-01 5.500000000000001554e-01 4.750000000000001998e-01 5.250000000000001332e-01 5.250000000000000222e-01 4.500000000000001221e-01
0.000000000000000000e+00 5.000000000000000278e-02 7.500000000000001110e-02 5.000000000000000278e-02 2.500000000000000139e-02 7.500000000000001110e-02 2.500000000000000139e-02 2.500000000000000139e-02 1.749999999999999889e-01 2.499999999999999722e-01 2.249999999999999778e-01 2.249999999999999778e-01 2.749999999999999667e-01 2.499999999999999722e-01 4.000000000000000777e-01 4.000000000000000222e-01 5.500000000000001554e-01 2.749999999999999667e-01 4.249999999999999889e-01 4.750000000000000333e-01
0.000000000000000000e+00 0.000000000000000000e+00 0.000000000000000000e+00 0.000000000000000000e+00 0.000000000000000000e+00 2.500000000000000139e-02 7.500000000000001110e-02 2.500000000000000139e-02 1.250000000000000000e-01 7.500000000000001110e-02 3.250000000000000666e-01 2.749999999999999667e-01 2.999999999999999889e-01 4.250000000000000444e-01 2.749999999999999667e-01 5.250000000000000222e-01 3.250000000000000111e-01 5.000000000000002220e-01 2.749999999999999667e-01 3.750000000000000555e-01
0.000000000000000000e+00 0.000000000000000000e+00 0.000000000000000000e+00 2.500000000000000139e-02 7.500000000000001110e-02 0.000000000000000000e+00 2.500000000000000139e-02 1.000000000000000056e-01 7.500000000000001110e-02 1.499999999999999944e-01 1.499999999999999944e-01 2.749999999999999667e-01 2.749999999999999667e-01 2.999999999999999889e-01 4.000000000000000222e-01 2.999999999999999889e-01 4.500000000000000111e-01 3.500000000000000888e-01 5.500000000000001554e-01 2.999999999999999889e-01
0.000000000000000000e+00 0.000000000000000000e+00 0.000000000000000000e+00 0.000000000000000000e+00 0.000000000000000000e+00 7.500000000000001110e-02 2.500000000000000139e-02 2.500000000000000139e-02 5.000000000000000278e-02 5.000000000000000278e-02 1.999999999999999833e-01 1.749999999999999889e-01 1.250000000000000000e-01 1.999999999999999833e-01 2.249999999999999778e-01 2.999999999999999889e-01 4.000000000000000222e-01 3.250000000000000666e-01 2.499999999999999722e-01 4.500000000000000666e-01
0.000000000000000000e+00 0.000000000000000000e+00 0.000000000000000000e+00 0.000000000000000000e+00 0.000000000000000000e+00 2.500000000000000139e-02 5.000000000000000278e-02 2.500000000000000139e-02 7.500000000000001110e-02 5.000000000000000278e-02 2.500000000000000139e-02 1.499999999999999944e-01 1.999999999999999833e-01 1.999999999999999833e-01 3.250000000000000666e-01 2.249999999999999778e-01 2.749999999999999667e-01 2.749999999999999667e-01 3.750000000000000555e-01 3.000000000000000444e-01
0.000000000000000000e+00 0.000000000000000000e+00 0.000000000000000000e+00 0.000000000000000000e+00 2.500000000000000139e-02 0.000000000000000000e+00 2.500000000000000139e-02 5.000000000000000278e-02 0.000000000000000000e+00 7.500000000000001110e-02 1.000000000000000056e-01 7.500000000000001110e-02 1.999999999999999833e-01 2.249999999999999778e-01 2.249999999999999778e-01 3.750000000000000555e-01 2.999999999999999889e-01 3.250000000000000111e-01 3.000000000000000444e-01 4.500000000000000111e-01
0.000000000000000000e+00 0.000000000000000000e+00 0.000000000000000000e+00 0.000000000000000000e+00 0.000000000000000000e+00 0.000000000000000000e+00 2.500000000000000139e-02 0.000000000000000000e+00 5.000000000000000278e-02 7.500000000000001110e-02 5.000000000000000278e-02 1.000000000000000056e-01 1.250000000000000000e-01 1.250000000000000000e-01 1.499999999999999944e-01 1.999999999999999833e-01 3.250000000000000111e-01 5.750000000000001776e-01 3.250000000000000111e-01 2.500000000000000000e-01
0.000000000000000000e+00 0.000000000000000000e+00 0.000000000000000000e+00 0.000000000000000000e+00 0.000000000000000000e+00 5.000000000000000278e-02 2.500000000000000139e-02 5.000000000000000278e-02 0.000000000000000000e+00 7.500000000000001110e-02 5.000000000000000278e-02 7.500000000000001110e-02 1.749999999999999889e-01 1.499999999999999944e-01 1.000000000000000056e-01 1.999999999999999833e-01 2.500000000000000000e-01 1.999999999999999833e-01 3.250000000000000111e-01 2.500000000000000000e-01
0.000000000000000000e+00 0.000000000000000000e+00 0.000000000000000000e+00 0.000000000000000000e+00 0.000000000000000000e+00 0.000000000000000000e+00 0.000000000000000000e+00 2.500000000000000139e-02 5.000000000000000278e-02 0.000000000000000000e+00 7.500000000000001110e-02 7.500000000000001110e-02 2.500000000000000139e-02 1.000000000000000056e-01 1.999999999999999833e-01 1.000000000000000056e-01 1.499999999999999944e-01 2.749999999999999667e-01 3.750000000000001110e-01 3.250000000000000111e-01
0.000000000000000000e+00 0.000000000000000000e+00 0.000000000000000000e+00 0.000000000000000000e+00 0.000000000000000000e+00 0.000000000000000000e+00 0.000000000000000000e+00 0.000000000000000000e+00 5.000000000000000278e-02 0.000000000000000000e+00 0.000000000000000000e+00 5.000000000000000278e-02 1.250000000000000000e-01 1.499999999999999944e-01 1.499999999999999944e-01 1.749999999999999889e-01 1.749999999999999889e-01 1.499999999999999944e-01 1.999999999999999833e-01 4.500000000000001776e-01
0.000000000000000000e+00 0.000000000000000000e+00 0.000000000000000000e+00 0.000000000000000000e+00 0.000000000000000000e+00 0.000000000000000000e+00 0.000000000000000000e+00 0.000000000000000000e+00 0.000000000000000000e+00 7.500000000000001110e-02 2.500000000000000139e-02 2.500000000000000139e-02 2.500000000000000139e-02 7.500000000000001110e-02 1.250000000000000000e-01 1.749999999999999889e-01 1.499999999999999944e-01 1.749999999999999889e-01 2.249999999999999778e-01 2.749999999999999667e-01
0.000000000000000000e+00 0.000000000000000000e+00 0.000000000000000000e+00 0.000000000000000000e+00 0.000000000000000000e+00 0.000000000000000000e+00 0.000000000000000000e+00 0.000000000000000000e+00 0.000000000000000000e+00 0.000000000000000000e+00 0.000000000000000000e+00 0.000000000000000000e+00 0.000000000000000000e+00 2.500000000000000139e-02 2.500000000000000139e-02 5.000000000000000278e-02 1.250000000000000000e-01 1.999999999999999833e-01 1.999999999999999833e-01 7.500000000000001110e-02
0.000000000000000000e+00 0.000000000000000000e+00 0.000000000000000000e+00 0.000000000000000000e+00 0.000000000000000000e+00 0.000000000000000000e+00 2.500000000000000139e-02 0.000000000000000000e+00 0.000000000000000000e+00 2.500000000000000139e-02 5.000000000000000278e-02 2.500000000000000139e-02 2.500000000000000139e-02 0.000000000000000000e+00 1.000000000000000056e-01 5.000000000000000278e-02 1.250000000000000000e-01 7.500000000000001110e-02 1.250000000000000000e-01 1.749999999999999889e-01
0.000000000000000000e+00 0.000000000000000000e+00 0.000000000000000000e+00 0.000000000000000000e+00 0.000000000000000000e+00 0.000000000000000000e+00 0.000000000000000000e+00 0.000000000000000000e+00 0.000000000000000000e+00 0.000000000000000000e+00 5.000000000000000278e-02 2.500000000000000139e-02 2.500000000000000139e-02 2.500000000000000139e-02 7.500000000000001110e-02 1.250000000000000000e-01 2.500000000000000139e-02 1.499999999999999944e-01 1.749999999999999889e-01 1.250000000000000000e-01
0.000000000000000000e+00 0.000000000000000000e+00 0.000000000000000000e+00 0.000000000000000000e+00 0.000000000000000000e+00 0.000000000000000000e+00 0.000000000000000000e+00 0.000000000000000000e+00 0.000000000000000000e+00 0.000000000000000000e+00 0.000000000000000000e+00 5.000000000000000278e-02 5.000000000000000278e-02 5.000000000000000278e-02 2.500000000000000139e-02 7.500000000000001110e-02 7.500000000000001110e-02 7.500000000000001110e-02 1.499999999999999944e-01 2.249999999999999778e-01
0.000000000000000000e+00 0.000000000000000000e+00 0.000000000000000000e+00 0.000000000000000000e+00 0.000000000000000000e+00 0.000000000000000000e+00 0.000000000000000000e+00 0.000000000000000000e+00 0.000000000000000000e+00 0.000000000000000000e+00 0.000000000000000000e+00 0.000000000000000000e+00 0.000000000000000000e+00 0.000000000000000000e+00 2.500000000000000139e-02 7.500000000000001110e-02 2.500000000000000139e-02 2.500000000000000139e-02 7.500000000000001110e-02 1.749999999999999889e-01
0.000000000000000000e+00 0.000000000000000000e+00 0.000000000000000000e+00 0.000000000000000000e+00 0.000000000000000000e+00 0.000000000000000000e+00 0.000000000000000000e+00 2.500000000000000139e-02 0.000000000000000000e+00 0.000000000000000000e+00 0.000000000000000000e+00 2.500000000000000139e-02 5.000000000000000278e-02 5.000000000000000278e-02 2.500000000000000139e-02 2.500000000000000139e-02 7.500000000000001110e-02 7.500000000000001110e-02 1.000000000000000056e-01 1.000000000000000056e-01
0.000000000000000000e+00 0.000000000000000000e+00 0.000000000000000000e+00 0.000000000000000000e+00 0.000000000000000000e+00 0.000000000000000000e+00 0.000000000000000000e+00 0.000000000000000000e+00 2.500000000000000139e-02 0.000000000000000000e+00 0.000000000000000000e+00 0.000000000000000000e+00 0.000000000000000000e+00 0.000000000000000000e+00 2.500000000000000139e-02 0.000000000000000000e+00 5.000000000000000278e-02 5.000000000000000278e-02 7.500000000000001110e-02 1.000000000000000056e-01
0.000000000000000000e+00 0.000000000000000000e+00 0.000000000000000000e+00 0.000000000000000000e+00 0.000000000000000000e+00 0.000000000000000000e+00 0.000000000000000000e+00 0.000000000000000000e+00 0.000000000000000000e+00 2.500000000000000139e-02 0.000000000000000000e+00 0.000000000000000000e+00 0.000000000000000000e+00 2.500000000000000139e-02 2.500000000000000139e-02 0.000000000000000000e+00 1.000000000000000056e-01 1.250000000000000000e-01 5.000000000000000278e-02 7.500000000000001110e-02
0.000000000000000000e+00 0.000000000000000000e+00 0.000000000000000000e+00 0.000000000000000000e+00 0.000000000000000000e+00 0.000000000000000000e+00 0.000000000000000000e+00 0.000000000000000000e+00 0.000000000000000000e+00 0.000000000000000000e+00 0.000000000000000000e+00 0.000000000000000000e+00 0.000000000000000000e+00 0.000000000000000000e+00 2.500000000000000139e-02 2.500000000000000139e-02 5.000000000000000278e-02 5.000000000000000278e-02 5.000000000000000278e-02 5.000000000000000278e-02
0.000000000000000000e+00 0.000000000000000000e+00 0.000000000000000000e+00 0.000000000000000000e+00 0.000000000000000000e+00 0.000000000000000000e+00 0.000000000000000000e+00 0.000000000000000000e+00 0.000000000000000000e+00 0.000000000000000000e+00 2.500000000000000139e-02 0.000000000000000000e+00 0.000000000000000000e+00 2.500000000000000139e-02 0.000000000000000000e+00 7.500000000000001110e-02 0.000000000000000000e+00 5.000000000000000278e-02 7.500000000000001110e-02 7.500000000000001110e-02
0.000000000000000000e+00 0.000000000000000000e+00 0.000000000000000000e+00 0.000000000000000000e+00 0.000000000000000000e+00 0.000000000000000000e+00 0.000000000000000000e+00 0.000000000000000000e+00 0.000000000000000000e+00 0.000000000000000000e+00 0.000000000000000000e+00 0.000000000000000000e+00 0.000000000000000000e+00 0.000000000000000000e+00 2.500000000000000139e-02 0.000000000000000000e+00 0.000000000000000000e+00 2.500000000000000139e-02 1.000000000000000056e-01 7.500000000000001110e-02
0.000000000000000000e+00 0.000000000000000000e+00 0.000000000000000000e+00 0.000000000000000000e+00 0.000000000000000000e+00 0.000000000000000000e+00 0.000000000000000000e+00 0.000000000000000000e+00 0.000000000000000000e+00 0.000000000000000000e+00 0.000000000000000000e+00 0.000000000000000000e+00 0.000000000000000000e+00 0.000000000000000000e+00 0.000000000000000000e+00 2.500000000000000139e-02 1.000000000000000056e-01 0.000000000000000000e+00 5.000000000000000278e-02 1.749999999999999889e-01
0.000000000000000000e+00 0.000000000000000000e+00 0.000000000000000000e+00 0.000000000000000000e+00 0.000000000000000000e+00 0.000000000000000000e+00 0.000000000000000000e+00 0.000000000000000000e+00 0.000000000000000000e+00 0.000000000000000000e+00 0.000000000000000000e+00 2.500000000000000139e-02 0.000000000000000000e+00 0.000000000000000000e+00 0.000000000000000000e+00 2.500000000000000139e-02 0.000000000000000000e+00 7.500000000000001110e-02 2.500000000000000139e-02 7.500000000000001110e-02
0.000000000000000000e+00 0.000000000000000000e+00 0.000000000000000000e+00 0.000000000000000000e+00 0.000000000000000000e+00 0.000000000000000000e+00 0.000000000000000000e+00 0.000000000000000000e+00 0.000000000000000000e+00 0.000000000000000000e+00 0.000000000000000000e+00 0.000000000000000000e+00 2.500000000000000139e-02 0.000000000000000000e+00 0.000000000000000000e+00 0.000000000000000000e+00 5.000000000000000278e-02 0.000000000000000000e+00 0.000000000000000000e+00 0.000000000000000000e+00
0.000000000000000000e+00 0.000000000000000000e+00 0.000000000000000000e+00 0.000000000000000000e+00 0.000000000000000000e+00 0.000000000000000000e+00 0.000000000000000000e+00 0.000000000000000000e+00 0.000000000000000000e+00 0.000000000000000000e+00 0.000000000000000000e+00 0.000000000000000000e+00 0.000000000000000000e+00 0.000000000000000000e+00 0.000000000000000000e+00 0.000000000000000000e+00 0.000000000000000000e+00 7.500000000000001110e-02 2.500000000000000139e-02 0.000000000000000000e+00
0.000000000000000000e+00 0.000000000000000000e+00 0.000000000000000000e+00 0.000000000000000000e+00 0.000000000000000000e+00 0.000000000000000000e+00 0.000000000000000000e+00 0.000000000000000000e+00 0.000000000000000000e+00 0.000000000000000000e+00 0.000000000000000000e+00 0.000000000000000000e+00 0.000000000000000000e+00 0.000000000000000000e+00 0.000000000000000000e+00 0.000000000000000000e+00 0.000000000000000000e+00 2.500000000000000139e-02 2.500000000000000139e-02 0.000000000000000000e+00
0.000000000000000000e+00 0.000000000000000000e+00 0.000000000000000000e+00 0.000000000000000000e+00 0.000000000000000000e+00 0.000000000000000000e+00 0.000000000000000000e+00 0.000000000000000000e+00 0.000000000000000000e+00 0.000000000000000000e+00 0.000000000000000000e+00 0.000000000000000000e+00 0.000000000000000000e+00 2.500000000000000139e-02 0.000000000000000000e+00 0.000000000000000000e+00 0.000000000000000000e+00 0.000000000000000000e+00 5.000000000000000278e-02 0.000000000000000000e+00
0.000000000000000000e+00 0.000000000000000000e+00 0.000000000000000000e+00 0.000000000000000000e+00 0.000000000000000000e+00 0.000000000000000000e+00 0.000000000000000000e+00 0.000000000000000000e+00 0.000000000000000000e+00 0.000000000000000000e+00 0.000000000000000000e+00 0.000000000000000000e+00 0.000000000000000000e+00 0.000000000000000000e+00 2.500000000000000139e-02 0.000000000000000000e+00 0.000000000000000000e+00 0.000000000000000000e+00 5.000000000000000278e-02 2.500000000000000139e-02
0.000000000000000000e+00 0.000000000000000000e+00 0.000000000000000000e+00 0.000000000000000000e+00 0.000000000000000000e+00 0.000000000000000000e+00 0.000000000000000000e+00 0.000000000000000000e+00 0.000000000000000000e+00 0.000000000000000000e+00 0.000000000000000000e+00 0.000000000000000000e+00 0.000000000000000000e+00 0.000000000000000000e+00 0.000000000000000000e+00 2.500000000000000139e-02 0.000000000000000000e+00 0.000000000000000000e+00 0.000000000000000000e+00 1.000000000000000056e-01
0.000000000000000000e+00 0.000000000000000000e+00 0.000000000000000000e+00 0.000000000000000000e+00 0.000000000000000000e+00 0.000000000000000000e+00 0.000000000000000000e+00 0.000000000000000000e+00 0.000000000000000000e+00 0.000000000000000000e+00 0.000000000000000000e+00 0.000000000000000000e+00 0.000000000000000000e+00 0.000000000000000000e+00 0.000000000000000000e+00 0.000000000000000000e+00 0.000000000000000000e+00 0.000000000000000000e+00 0.000000000000000000e+00 0.000000000000000000e+00
0.000000000000000000e+00 0.000000000000000000e+00 0.000000000000000000e+00 0.000000000000000000e+00 0.000000000000000000e+00 0.000000000000000000e+00 0.000000000000000000e+00 0.000000000000000000e+00 0.000000000000000000e+00 0.000000000000000000e+00 0.000000000000000000e+00 0.000000000000000000e+00 0.000000000000000000e+00 0.000000000000000000e+00 0.000000000000000000e+00 0.000000000000000000e+00 0.000000000000000000e+00 0.000000000000000000e+00 0.000000000000000000e+00 2.500000000000000139e-02
0.000000000000000000e+00 0.000000000000000000e+00 0.000000000000000000e+00 0.000000000000000000e+00 0.000000000000000000e+00 0.000000000000000000e+00 0.000000000000000000e+00 0.000000000000000000e+00 0.000000000000000000e+00 0.000000000000000000e+00 0.000000000000000000e+00 0.000000000000000000e+00 0.000000000000000000e+00 0.000000000000000000e+00 0.000000000000000000e+00 0.000000000000000000e+00 2.500000000000000139e-02 0.000000000000000000e+00 0.000000000000000000e+00 0.000000000000000000e+00
0.000000000000000000e+00 0.000000000000000000e+00 0.000000000000000000e+00 0.000000000000000000e+00 0.000000000000000000e+00 0.000000000000000000e+00 0.000000000000000000e+00 0.000000000000000000e+00 0.000000000000000000e+00 0.000000000000000000e+00 0.000000000000000000e+00 0.000000000000000000e+00 0.000000000000000000e+00 0.000000000000000000e+00 0.000000000000000000e+00 0.000000000000000000e+00 0.000000000000000000e+00 0.000000000000000000e+00 0.000000000000000000e+00 0.000000000000000000e+00
0.000000000000000000e+00 0.000000000000000000e+00 0.000000000000000000e+00 0.000000000000000000e+00 0.000000000000000000e+00 0.000000000000000000e+00 0.000000000000000000e+00 0.000000000000000000e+00 0.000000000000000000e+00 0.000000000000000000e+00 0.000000000000000000e+00 0.000000000000000000e+00 0.000000000000000000e+00 0.000000000000000000e+00 0.000000000000000000e+00 0.000000000000000000e+00 0.000000000000000000e+00 2.500000000000000139e-02 0.000000000000000000e+00 0.000000000000000000e+00
0.000000000000000000e+00 0.000000000000000000e+00 0.000000000000000000e+00 0.000000000000000000e+00 0.000000000000000000e+00 0.000000000000000000e+00 0.000000000000000000e+00 0.000000000000000000e+00 0.000000000000000000e+00 0.000000000000000000e+00 0.000000000000000000e+00 0.000000000000000000e+00 0.000000000000000000e+00 0.000000000000000000e+00 0.000000000000000000e+00 0.000000000000000000e+00 0.000000000000000000e+00 0.000000000000000000e+00 0.000000000000000000e+00 0.000000000000000000e+00
0.000000000000000000e+00 0.000000000000000000e+00 0.000000000000000000e+00 0.000000000000000000e+00 0.000000000000000000e+00 0.000000000000000000e+00 0.000000000000000000e+00 0.000000000000000000e+00 0.000000000000000000e+00 0.000000000000000000e+00 0.000000000000000000e+00 0.000000000000000000e+00 0.000000000000000000e+00 0.000000000000000000e+00 0.000000000000000000e+00 0.000000000000000000e+00 0.000000000000000000e+00 0.000000000000000000e+00 2.500000000000000139e-02 0.000000000000000000e+00
0.000000000000000000e+00 0.000000000000000000e+00 0.000000000000000000e+00 0.000000000000000000e+00 0.000000000000000000e+00 0.000000000000000000e+00 0.000000000000000000e+00 0.000000000000000000e+00 0.000000000000000000e+00 0.000000000000000000e+00 0.000000000000000000e+00 0.000000000000000000e+00 0.000000000000000000e+00 0.000000000000000000e+00 0.000000000000000000e+00 0.000000000000000000e+00 0.000000000000000000e+00 0.000000000000000000e+00 0.000000000000000000e+00 0.000000000000000000e+00
0.000000000000000000e+00 0.000000000000000000e+00 0.000000000000000000e+00 0.000000000000000000e+00 0.000000000000000000e+00 0.000000000000000000e+00 0.000000000000000000e+00 0.000000000000000000e+00 0.000000000000000000e+00 0.000000000000000000e+00 0.000000000000000000e+00 0.000000000000000000e+00 0.000000000000000000e+00 0.000000000000000000e+00 0.000000000000000000e+00 0.000000000000000000e+00 0.000000000000000000e+00 0.000000000000000000e+00 0.000000000000000000e+00 2.500000000000000139e-02
